    0.304097343221333360E+00    0.501627693834747923E+00    0.662417020457455635E+10    0.943523297559298459E+06   -0.219471096754887554E+03
    0.268384028685611786E+00    0.535283919888189352E+00    0.666993769627230835E+10    0.969007895602526143E+06   -0.217574285905106763E+03
    0.390368614516469759E+00    0.520732408781298783E+00    0.604010766550512886E+10    0.927171914439792745E+06   -0.217458339243634441E+03
    0.337189544230128202E+00    0.550710312850790196E+00    0.644850557218448067E+10    0.894033194599955925E+06   -0.217186731822455499E+03
    0.290242743829944805E+00    0.562770369518053037E+00    0.659155269909980774E+10    0.916742533154543489E+06   -0.217048029600234258E+03
    0.276255620247782052E+00    0.557564503800316746E+00    0.670015746660137463E+10    0.959023426726198173E+06   -0.216961565218299910E+03
    0.305770808455328225E+00    0.550762027520413699E+00    0.658321840199032974E+10    0.996541418254173012E+06   -0.216878212645167707E+03
    0.315913876466320576E+00    0.489673246796272110E+00    0.647071739335145950E+10    0.908600856493524625E+06   -0.216861204407662854E+03
    0.285537900231895292E+00    0.500537551077683052E+00    0.651529536910585022E+10    0.891218220717915916E+06   -0.216605060711258204E+03
    0.335772177055683185E+00    0.548885792865328348E+00    0.646639141857450199E+10    0.916835644982507685E+06   -0.216554334318688291E+03
    0.370238070969692135E+00    0.540736500060942316E+00    0.637625726580097961E+10    0.900628753944091732E+06   -0.216498909860609473E+03
    0.318616977306300009E+00    0.513889898655347288E+00    0.649555501001581573E+10    0.894634989527862752E+06   -0.216417360281517063E+03
    0.256403738870609466E+00    0.549480857392627531E+00    0.676523245126923656E+10    0.880241154311263235E+06   -0.216417299663075369E+03
    0.356185615810150236E+00    0.520918921917507216E+00    0.623950659422392273E+10    0.874277610746975173E+06   -0.216141847754072359E+03
    0.299563514196547920E+00    0.581595569921007360E+00    0.660545222110750771E+10    0.935988717543866485E+06   -0.216102980396538442E+03
    0.313262495223933679E+00    0.545661562874192985E+00    0.663668859928077507E+10    0.953683504302597372E+06   -0.216040660203272893E+03
    0.291886874751237424E+00    0.567863480611070504E+00    0.638792885098144245E+10    0.979581817868249258E+06   -0.216012163139836872E+03
    0.404331136934359014E+00    0.517751561532443727E+00    0.624151985152509117E+10    0.924159279132690164E+06   -0.215976166837826270E+03
    0.309006870388961796E+00    0.515084072727293396E+00    0.659213273379918385E+10    0.887491098416796769E+06   -0.215974064046985632E+03
    0.350528874756680653E+00    0.535478732510729305E+00    0.636914232322847557E+10    0.877423220000060159E+06   -0.215901091407456306E+03
    0.333110069965069977E+00    0.562767078922896680E+00    0.645223118062531471E+10    0.943407708168632351E+06   -0.215815501083786046E+03
    0.335491943537890525E+00    0.513095683657973645E+00    0.648918987593161488E+10    0.918952914639892755E+06   -0.215769728244264229E+03
    0.342282746681637440E+00    0.560249204682895297E+00    0.639570090632443810E+10    0.916537364814894507E+06   -0.215769701027433541E+03
    0.322049415398392547E+00    0.540601203785199047E+00    0.664126792391695786E+10    0.983638394012019853E+06   -0.215745752437450733E+03
    0.328610551252898730E+00    0.553206953570099191E+00    0.619960699309363270E+10    0.957291183818673831E+06   -0.215645117328707670E+03
    0.392984620310045885E+00    0.525086405982354787E+00    0.617559074066272259E+10    0.923917103668516735E+06   -0.215609219767886771E+03
    0.327489227432009034E+00    0.499618593904531227E+00    0.663379166553258896E+10    0.935921599621538306E+06   -0.215576407178372364E+03
    0.303630293320636735E+00    0.529892004181626852E+00    0.666071672176877975E+10    0.971200083489521639E+06   -0.215500608687547413E+03
    0.312367792460050031E+00    0.540456466098062638E+00    0.643826874379011059E+10    0.956983263684647274E+06   -0.215467474096563848E+03
    0.309990617177824779E+00    0.553478282821234568E+00    0.654080494447216797E+10    0.875155261303966865E+06   -0.215440136088592652E+03
    0.299397431895634780E+00    0.508367223831954984E+00    0.645064874520303822E+10    0.955775393643832882E+06   -0.215427476735409897E+03
    0.357849485432443104E+00    0.568146379357777231E+00    0.627961359352031994E+10    0.896568192853520042E+06   -0.215401446005791286E+03
    0.319891496436770228E+00    0.513674714445590652E+00    0.649195343538575745E+10    0.874838716854832252E+06   -0.215393213000204412E+03
    0.293458760692427378E+00    0.567011745731262895E+00    0.668845801355060196E+10    0.923674505319201271E+06   -0.215368256742018502E+03
    0.292567064321923476E+00    0.496946309727691826E+00    0.642876508637186527E+10    0.949667882669615094E+06   -0.215298621796705078E+03
    0.364613276551985888E+00    0.523224166089885312E+00    0.630892562249811268E+10    0.931734372970515746E+06   -0.215277425213252229E+03
    0.340639367057486042E+00    0.494716202906262392E+00    0.644522791757116985E+10    0.924524800001377589E+06   -0.215243788512763217E+03
    0.316667243024105760E+00    0.512940995256486509E+00    0.666373925059618092E+10    0.962313549185339478E+06   -0.215162011437172339E+03
    0.301114460046729815E+00    0.572769080180711931E+00    0.646373766822845364E+10    0.943634872374017257E+06   -0.215116251410026308E+03
    0.317232177495679279E+00    0.505254506988228602E+00    0.642763182682159328E+10    0.890829882130476995E+06   -0.215081227350200663E+03
    0.362915052197474997E+00    0.532420368841998837E+00    0.637228718214451981E+10    0.943750431360775139E+06   -0.215001781215524574E+03
    0.309762219331293998E+00    0.484346410864758159E+00    0.656865947080353355E+10    0.933558859269109205E+06   -0.214989726099084862E+03
    0.294524201137531472E+00    0.550990023742475188E+00    0.648250201379776192E+10    0.980245337905967492E+06   -0.214977725829489827E+03
    0.324424873895379995E+00    0.540997835836282803E+00    0.626790370001019096E+10    0.926094608464901918E+06   -0.214941482273338607E+03
    0.333510581151947427E+00    0.558645846191321738E+00    0.629541677445158100E+10    0.922276312023955514E+06   -0.214861883733569016E+03
    0.320733431648446810E+00    0.566805521284946767E+00    0.652249860619622993E+10    0.944641391325875185E+06   -0.214818788555519461E+03
    0.300593113732951167E+00    0.493367843464262101E+00    0.633548508518243694E+10    0.938853778655338218E+06   -0.214756957211990255E+03
    0.313148142615590874E+00    0.521710606040130198E+00    0.640358538350763607E+10    0.930581179825615254E+06   -0.214752994200686032E+03
    0.300513135308029367E+00    0.487963226829699614E+00    0.655591445690744877E+10    0.915242258899860899E+06   -0.214712341194207113E+03
    0.283390888761930804E+00    0.534565024257880772E+00    0.648455573633076477E+10    0.982623140731394291E+06   -0.214707307019019026E+03
    0.281561096944211275E+00    0.496855871863654652E+00    0.661376614713668156E+10    0.923987411639133585E+06   -0.214694005277379006E+03
    0.296225326302355041E+00    0.577939836608722501E+00    0.662166856871815109E+10    0.942056874621963361E+06   -0.214692731011049460E+03
    0.360508881820509830E+00    0.521272905096567651E+00    0.628924365071568775E+10    0.881624835594790638E+06   -0.214626509348768934E+03
    0.353238701467992133E+00    0.555283416085427639E+00    0.631091263709041882E+10    0.892781074095078628E+06   -0.214616303002230950E+03
    0.320582507273469874E+00    0.542675859692619778E+00    0.635339266781360817E+10    0.904301717834943440E+06   -0.214596428920474096E+03
    0.325050146398335293E+00    0.578058321425289900E+00    0.658373883202198982E+10    0.897420698935808614E+06   -0.214592368409394169E+03
    0.299150893693026276E+00    0.512098588565742752E+00    0.648309537492016029E+10    0.877439047229773365E+06   -0.214525181784459363E+03
    0.309722229887842981E+00    0.521341172357749905E+00    0.655451998421441364E+10    0.869994663087694091E+06   -0.214524531224396867E+03
    0.348873617608002895E+00    0.514583861749863480E+00    0.645895479631728649E+10    0.920470191606430453E+06   -0.214518824715609924E+03
    0.361519289940389676E+00    0.509774234141477045E+00    0.633104042894056606E+10    0.950193452075786423E+06   -0.214513013439921792E+03
    0.315680025787685448E+00    0.501656053566118310E+00    0.651715049933782196E+10    0.948183332549168146E+06   -0.214490644769822779E+03
    0.278688435895618036E+00    0.496347210867503108E+00    0.654255908994245911E+10    0.920074947502388386E+06   -0.214475951163031709E+03
    0.280338572490411442E+00    0.506359609096536989E+00    0.656201414259539795E+10    0.890909527696947567E+06   -0.214472744249833596E+03
    0.343689474925500116E+00    0.552325721138166248E+00    0.658422868734001827E+10    0.870103810832527815E+06   -0.214471087023230837E+03
    0.311528191851798697E+00    0.483170335262600226E+00    0.634516113166820049E+10    0.925588899134116364E+06   -0.214450385317483693E+03
    0.334319101958563292E+00    0.556274092303182144E+00    0.628728247566973591E+10    0.916727811547495425E+06   -0.214446186447710176E+03
    0.353682258147045403E+00    0.518239521645338819E+00    0.631589607703097057E+10    0.911601867299759528E+06   -0.214431295529407834E+03
    0.305244245320019814E+00    0.491814410837429161E+00    0.659990504601068878E+10    0.927052185467492905E+06   -0.214430763468465500E+03
    0.341008049266706248E+00    0.525739459929950748E+00    0.652256036410213566E+10    0.951240065693297191E+06   -0.214397741057390590E+03
    0.333551688519238554E+00    0.502719711658856649E+00    0.628597895861539650E+10    0.935405068838940235E+06   -0.214384880826996778E+03
    0.310158844328694006E+00    0.483121882059184937E+00    0.656964635822160339E+10    0.925202390727827209E+06   -0.214358555741161865E+03
    0.322145875910236634E+00    0.488434287283651347E+00    0.643941376731218433E+10    0.933972982132763718E+06   -0.214335243798598981E+03
    0.307082771105991859E+00    0.520486920422396526E+00    0.659913529147682381E+10    0.863481395793469739E+06   -0.214284517797363890E+03
    0.361823572249874770E+00    0.507312472237896106E+00    0.619190491447665787E+10    0.904540264011881663E+06   -0.214282977068599024E+03
    0.303549614389807709E+00    0.557535970478846732E+00    0.652009837270343876E+10    0.927982477382705198E+06   -0.214278042399406274E+03
    0.298420980073315745E+00    0.487925270657793675E+00    0.646179507718412399E+10    0.924056947008869145E+06   -0.214262229947576884E+03
    0.322741181987015679E+00    0.566125457378949370E+00    0.659183272386874580E+10    0.907303314472298371E+06   -0.214236435691129145E+03
    0.318473546487603287E+00    0.513135699010908386E+00    0.671093515978257751E+10    0.943897538127612323E+06   -0.214219966564108688E+03
    0.318473546487603287E+00    0.513135699010908386E+00    0.671093515978257751E+10    0.943897538127612323E+06   -0.214219966564108688E+03
    0.317080456276932487E+00    0.531409573482060082E+00    0.645178173017920685E+10    0.955666809605429997E+06   -0.214198985672110211E+03
    0.352796328608511234E+00    0.520987621347849927E+00    0.638448643518601799E+10    0.913664998467378202E+06   -0.214192904125597636E+03
    0.299291675669545232E+00    0.501637174146005282E+00    0.650808717750008202E+10    0.915365531778641627E+06   -0.214186774646027175E+03
    0.348163832289793918E+00    0.510907584302773277E+00    0.628704875936736012E+10    0.893745802305462770E+06   -0.214181403309978862E+03
    0.283602950057769865E+00    0.512180051779083989E+00    0.661202620496127129E+10    0.928843926637026132E+06   -0.214166514119015233E+03
    0.324820571796162805E+00    0.543110395869163209E+00    0.637123507895303917E+10    0.953651966648288420E+06   -0.214151626477505374E+03
    0.363000834689815755E+00    0.536138589094236284E+00    0.640550268618875694E+10    0.932476298042035196E+06   -0.214148843641994858E+03
    0.336466416740922980E+00    0.539043207372776667E+00    0.622509711437322807E+10    0.952440825995821157E+06   -0.214141984517388750E+03
    0.336466416740922980E+00    0.539043207372776667E+00    0.622509711437322807E+10    0.952440825995821157E+06   -0.214141984517388750E+03
    0.312335960417989444E+00    0.476250432176229754E+00    0.634945028649671650E+10    0.951582642605790403E+06   -0.214138353954323492E+03
    0.319477290828644844E+00    0.498136788215740367E+00    0.642981142352448654E+10    0.954302460222876398E+06   -0.214136851338855962E+03
    0.319477290828644844E+00    0.498136788215740367E+00    0.642981142352448654E+10    0.954302460222876398E+06   -0.214136851338855962E+03
    0.320595926959334421E+00    0.540488287521468713E+00    0.646929163046772194E+10    0.971150202005870757E+06   -0.214128943039331858E+03
    0.336454903980388020E+00    0.529279282315679112E+00    0.648343692947958660E+10    0.939692738605590072E+06   -0.214076997381024057E+03
    0.323506912988949180E+00    0.513856657383694237E+00    0.647970420069045639E+10    0.938774015374543029E+06   -0.214074421908556417E+03
    0.331044647229529476E+00    0.548278656545095888E+00    0.633696553647643661E+10    0.896487287084944197E+06   -0.214030837635216727E+03
    0.338535439603608101E+00    0.547795995787198287E+00    0.625146113552399063E+10    0.945374277756404830E+06   -0.213990048031422816E+03
    0.280164491885250444E+00    0.524434045033820517E+00    0.660356099897025871E+10    0.861952865999853238E+06   -0.213984294553438758E+03
    0.280164491885250444E+00    0.524434045033820517E+00    0.660356099897025871E+10    0.861952865999853238E+06   -0.213984294553438758E+03
    0.315366030231108541E+00    0.545603897876412169E+00    0.644519487990295219E+10    0.952886294884480536E+06   -0.213967130631497298E+03
    0.315366030231108541E+00    0.545603897876412169E+00    0.644519487990295219E+10    0.952886294884480536E+06   -0.213967130631497298E+03
    0.301415491842413452E+00    0.539576054413485995E+00    0.653522561467111111E+10    0.959120596957579372E+06   -0.213956994750587995E+03
    0.300462449191825909E+00    0.526155873099702021E+00    0.654483413966287994E+10    0.885005300689448253E+06   -0.213945744851711027E+03
    0.361104318758883269E+00    0.512519059998585380E+00    0.634383723074940014E+10    0.932105384416864254E+06   -0.213944936855356161E+03
    0.361104318758883269E+00    0.512519059998585380E+00    0.634383723074940014E+10    0.932105384416864254E+06   -0.213944936855356161E+03
    0.288355985884582888E+00    0.548157462725221922E+00    0.657838647879734230E+10    0.931465183281203965E+06   -0.213942878166835328E+03
    0.288355985884582888E+00    0.548157462725221922E+00    0.657838647879734230E+10    0.931465183281203965E+06   -0.213942878166835328E+03
    0.336022727354317541E+00    0.545286527514897479E+00    0.638798885525766373E+10    0.901710100333748385E+06   -0.213938543191563156E+03
    0.287458110089945540E+00    0.514106945087851042E+00    0.660049285412949657E+10    0.873215573373353807E+06   -0.213926265239006256E+03
    0.287498974808597485E+00    0.490838311247685510E+00    0.652013679147157669E+10    0.933498959602420451E+06   -0.213925659034873178E+03
    0.311145390344791217E+00    0.476598193136563264E+00    0.639119242320077038E+10    0.933813137249003630E+06   -0.213886333757582406E+03
    0.311145390344791217E+00    0.476598193136563264E+00    0.639119242320077038E+10    0.933813137249003630E+06   -0.213886333757582406E+03
    0.287680591395136465E+00    0.509412939623385075E+00    0.664336860682029724E+10    0.931097736245437525E+06   -0.213876387405946531E+03
    0.287680591395136465E+00    0.509412939623385075E+00    0.664336860682029724E+10    0.931097736245437525E+06   -0.213876387405946531E+03
    0.344901798093275869E+00    0.554225179671171020E+00    0.629556627577920055E+10    0.943136398230488994E+06   -0.213813370601050963E+03
    0.311409106439065109E+00    0.578300049262637117E+00    0.643475630631928635E+10    0.941405167992348317E+06   -0.213812736631758895E+03
    0.335794626533596707E+00    0.539170465988524139E+00    0.628860509431687832E+10    0.952562776021252968E+06   -0.213789064873951929E+03
    0.321005896728508933E+00    0.515188523264239251E+00    0.648689704920662594E+10    0.887989114510415471E+06   -0.213780190429718573E+03
    0.327045215395198374E+00    0.542239272818051621E+00    0.637064278704997826E+10    0.962742373326462344E+06   -0.213775611499233378E+03
    0.312326876971152856E+00    0.511221729440282768E+00    0.644824408485766697E+10    0.888055269448837149E+06   -0.213764324068627730E+03
    0.360219737156001085E+00    0.521254067832181089E+00    0.624173177688569927E+10    0.932718717780905659E+06   -0.213758968141300045E+03
    0.360219737156001085E+00    0.521254067832181089E+00    0.624173177688569927E+10    0.932718717780905659E+06   -0.213758968141300045E+03
    0.346706702637147091E+00    0.529303704780607287E+00    0.645880536101181889E+10    0.942968171905264957E+06   -0.213750706977491006E+03
    0.303188022172773741E+00    0.527162891368433861E+00    0.656166000553815842E+10    0.888099918930259417E+06   -0.213734615943273695E+03
    0.346906514616856898E+00    0.512731056970655352E+00    0.631407050787255192E+10    0.885029097657110193E+06   -0.213725921481301071E+03
    0.266262598969979281E+00    0.549642916378766611E+00    0.668983127375006962E+10    0.954263239119971404E+06   -0.213694885614660450E+03
    0.266262598969979281E+00    0.549642916378766611E+00    0.668983127375006962E+10    0.954263239119971404E+06   -0.213694885614660450E+03
    0.294389149090939051E+00    0.507312699439487869E+00    0.669909327708571053E+10    0.939287150243128533E+06   -0.213694119443605445E+03
    0.331423281050340190E+00    0.488156626233569479E+00    0.647778944037833023E+10    0.910968235421322519E+06   -0.213692951601602346E+03
    0.331423281050340190E+00    0.488156626233569479E+00    0.647778944037833023E+10    0.910968235421322519E+06   -0.213692951601602346E+03
    0.305023837568108469E+00    0.506529940143993773E+00    0.677950400587107468E+10    0.957714807958640391E+06   -0.213669476246004251E+03
    0.338565346269073919E+00    0.530991656331898376E+00    0.650483203882413006E+10    0.931283488417290617E+06   -0.213656866819445014E+03
    0.338565346269073919E+00    0.530991656331898376E+00    0.650483203882413006E+10    0.931283488417290617E+06   -0.213656866819445014E+03
    0.346518070172543158E+00    0.541291786284221477E+00    0.637122544244814873E+10    0.881056685619969969E+06   -0.213643087322663774E+03
    0.361371480798096778E+00    0.516466242760200256E+00    0.628754644294801998E+10    0.911797801656813477E+06   -0.213617768200625591E+03
    0.310869382004764661E+00    0.490488387902593637E+00    0.632078320664545345E+10    0.927893079571715323E+06   -0.213613394680613482E+03
    0.363936156889695772E+00    0.547553798639169642E+00    0.637599758352305031E+10    0.885913528045399464E+06   -0.213606209630332756E+03
    0.363936156889695772E+00    0.547553798639169642E+00    0.637599758352305031E+10    0.885913528045399464E+06   -0.213606209630332756E+03
    0.328576892909835994E+00    0.499639988972893079E+00    0.644389606319346237E+10    0.950270758011807222E+06   -0.213599697677499023E+03
    0.328576892909835994E+00    0.499639988972893079E+00    0.644389606319346237E+10    0.950270758011807222E+06   -0.213599697677499023E+03
    0.337317451630199161E+00    0.548403311387698711E+00    0.628909218927778244E+10    0.942867992447970086E+06   -0.213577588476661504E+03
    0.318915330336857150E+00    0.507625361831876454E+00    0.645552158778124905E+10    0.901954072350829258E+06   -0.213572832632193126E+03
    0.318915330336857150E+00    0.507625361831876454E+00    0.645552158778124905E+10    0.901954072350829258E+06   -0.213572832632193126E+03
    0.328991053869579442E+00    0.555097887211218222E+00    0.638343856371299744E+10    0.901074343176872702E+06   -0.213554741334781056E+03
    0.328991053869579442E+00    0.555097887211218222E+00    0.638343856371299744E+10    0.901074343176872702E+06   -0.213554741334781056E+03
    0.355653505765151756E+00    0.527577420764381966E+00    0.633286566475798512E+10    0.917463474413118092E+06   -0.213554468244793156E+03
    0.294116532026387878E+00    0.512294571589343661E+00    0.654880683703193569E+10    0.879980072343854466E+06   -0.213552175253443409E+03
    0.294116532026387878E+00    0.512294571589343661E+00    0.654880683703193569E+10    0.879980072343854466E+06   -0.213552175253443409E+03
    0.374415186740229167E+00    0.517081864747973796E+00    0.632540021004619980E+10    0.934063590083705611E+06   -0.213550179571622778E+03
    0.374415186740229167E+00    0.517081864747973796E+00    0.632540021004619980E+10    0.934063590083705611E+06   -0.213550179571622778E+03
    0.299430288490695196E+00    0.517565826354517089E+00    0.666165518201551056E+10    0.884408475716503453E+06   -0.213546860131023806E+03
    0.323341640462261437E+00    0.483424819318316157E+00    0.637565807447242451E+10    0.924011770275660325E+06   -0.213523462361547530E+03
    0.323962647368430723E+00    0.548922731642245587E+00    0.645753424346934986E+10    0.947391151330079185E+06   -0.213518737606994677E+03
    0.323962647368430723E+00    0.548922731642245587E+00    0.645753424346934986E+10    0.947391151330079185E+06   -0.213518737606994677E+03
    0.338800307030230119E+00    0.535520181284612207E+00    0.639664582891008663E+10    0.907666412177011138E+06   -0.213518093759029568E+03
    0.317557866388424870E+00    0.533794847339400746E+00    0.640472669859771347E+10    0.951181529310445650E+06   -0.213515349824383662E+03
    0.345938832277863262E+00    0.512060106534470094E+00    0.630465953043361855E+10    0.931858237961866776E+06   -0.213512631298711455E+03
    0.345938832277863262E+00    0.512060106534470094E+00    0.630465953043361855E+10    0.931858237961866776E+06   -0.213512631298711455E+03
    0.327689311135605676E+00    0.501093672292212133E+00    0.634446079629206371E+10    0.917879330173515133E+06   -0.213510919173826494E+03
    0.333049153982655222E+00    0.562630029803646181E+00    0.634837605933220863E+10    0.950847177234385628E+06   -0.213498399769076030E+03
    0.299722381167426777E+00    0.541718739829117890E+00    0.655220909511820030E+10    0.960893515147488099E+06   -0.213474790237783594E+03
    0.326372589082664755E+00    0.554972071393510902E+00    0.656240155094606018E+10    0.895974579524763045E+06   -0.213461337631490323E+03
    0.290500185357226326E+00    0.496763803355809497E+00    0.651259136346581745E+10    0.902834226873630891E+06   -0.213456526811497156E+03
    0.333235206391152450E+00    0.536818602591788263E+00    0.645320004951643944E+10    0.941672924251272692E+06   -0.213442578278611961E+03
    0.310448597142827853E+00    0.571130899924435553E+00    0.640320046234598637E+10    0.930974835369076696E+06   -0.213401358836750006E+03
    0.341216132924498872E+00    0.542914191167125804E+00    0.629446764566978836E+10    0.929680657179009286E+06   -0.213388948975522453E+03
    0.341216132924498872E+00    0.542914191167125804E+00    0.629446764566978836E+10    0.929680657179009286E+06   -0.213388948975522453E+03
    0.313194778602771950E+00    0.504037350944160689E+00    0.657073082616807842E+10    0.907999360173954861E+06   -0.213373973442067040E+03
    0.330738983545395215E+00    0.492876434391966267E+00    0.639933934606804943E+10    0.954148566907540662E+06   -0.213370483974206820E+03
    0.307675362712029499E+00    0.510345477410215853E+00    0.643474215994295406E+10    0.918848545513806981E+06   -0.213361564273449034E+03
    0.323170371322767436E+00    0.497049009095625216E+00    0.627042349905568981E+10    0.930813972825491801E+06   -0.213347918119059898E+03
    0.291358232728621103E+00    0.485552723934807862E+00    0.662852852557149220E+10    0.905087317829113104E+06   -0.213316506583397540E+03
    0.291358232728621103E+00    0.485552723934807862E+00    0.662852852557149220E+10    0.905087317829113104E+06   -0.213316506583397540E+03
    0.289404249792660606E+00    0.521220276602162524E+00    0.660172045909708595E+10    0.932335193553561694E+06   -0.213311963846668590E+03
    0.307488989536603141E+00    0.582027427683312393E+00    0.652137606519803143E+10    0.930009164532022085E+06   -0.213300415636325994E+03
    0.307488989536603141E+00    0.582027427683312393E+00    0.652137606519803143E+10    0.930009164532022085E+06   -0.213300415636325994E+03
    0.334342566942715302E+00    0.536649797303522913E+00    0.638559264023457623E+10    0.910695938726438093E+06   -0.213300285702812488E+03
    0.334342566942715302E+00    0.536649797303522913E+00    0.638559264023457623E+10    0.910695938726438093E+06   -0.213300285702812488E+03
    0.310332052893690591E+00    0.516898112008331800E+00    0.632038025838394928E+10    0.908905824038603809E+06   -0.213294000393219477E+03
    0.304156637121206164E+00    0.502964996370708128E+00    0.645525291342585373E+10    0.921330983049188508E+06   -0.213277607763591334E+03
    0.304156637121206164E+00    0.502964996370708128E+00    0.645525291342585373E+10    0.921330983049188508E+06   -0.213277607763591334E+03
    0.314395616607563211E+00    0.528666521807394041E+00    0.647384148899631596E+10    0.935668369756888133E+06   -0.213268500139917080E+03
    0.297416811480512244E+00    0.468754338380738655E+00    0.651963057989227486E+10    0.924659864923124667E+06   -0.213237067780388571E+03
    0.301648657685967825E+00    0.568360299920696921E+00    0.645360992920095062E+10    0.932304813133270829E+06   -0.213227899768509246E+03
    0.327178056709782339E+00    0.513499564612442061E+00    0.643169629231061935E+10    0.924273355050929589E+06   -0.213213177409845855E+03
    0.327178056709782339E+00    0.513499564612442061E+00    0.643169629231061935E+10    0.924273355050929589E+06   -0.213213177409845855E+03
    0.333249798633457994E+00    0.499421679704835419E+00    0.632993845484345055E+10    0.946775473817038932E+06   -0.213198213215598230E+03
    0.333249798633457994E+00    0.499421679704835419E+00    0.632993845484345055E+10    0.946775473817038932E+06   -0.213198213215598230E+03
    0.297076333424831196E+00    0.514348371193661613E+00    0.656964337251534176E+10    0.903190468059437000E+06   -0.213195224924222856E+03
    0.325513100163823066E+00    0.478056202878852865E+00    0.640455537386899853E+10    0.940047951787725091E+06   -0.213166441351321055E+03
    0.341134241010884354E+00    0.564568030607598192E+00    0.651264459905251694E+10    0.883039832769061206E+06   -0.213165048455602346E+03
    0.312164006624851387E+00    0.511867652551230012E+00    0.643934292692004490E+10    0.946252209748516791E+06   -0.213164119252485989E+03
    0.312164006624851387E+00    0.511867652551230012E+00    0.643934292692004490E+10    0.946252209748516791E+06   -0.213164119252485989E+03
    0.317024149089847218E+00    0.504296858377307977E+00    0.634974004668798637E+10    0.918371593467445462E+06   -0.213150452110280497E+03
    0.317024149089847218E+00    0.504296858377307977E+00    0.634974004668798637E+10    0.918371593467445462E+06   -0.213150452110280497E+03
    0.336339009341563577E+00    0.541900221910866176E+00    0.648962904987931156E+10    0.925733251330701401E+06   -0.213132800773293326E+03
    0.304547839975468415E+00    0.507028615768376767E+00    0.634437697021501923E+10    0.929801034853371326E+06   -0.213106546709975532E+03
    0.334323774197965273E+00    0.523970274333177333E+00    0.634004086074143410E+10    0.923312636121958261E+06   -0.213100606294590307E+03
    0.308064042123263770E+00    0.515931629564620575E+00    0.649078181732967758E+10    0.948512145970516023E+06   -0.213094924385944580E+03
    0.320914263611927375E+00    0.527576189532067197E+00    0.643620905064867878E+10    0.934327317762544379E+06   -0.213079545615248009E+03
    0.310266577645496644E+00    0.556393113607416279E+00    0.650999958714633560E+10    0.921543806025580969E+06   -0.213073590445872810E+03
    0.298774996246893132E+00    0.501138267426784800E+00    0.649095545075671577E+10    0.881743179123012349E+06   -0.213070396301533151E+03
    0.288885884233476276E+00    0.491784376189218442E+00    0.667407039788666725E+10    0.943692894286643364E+06   -0.213057351837376729E+03
    0.288885884233476276E+00    0.491784376189218442E+00    0.667407039788666725E+10    0.943692894286643364E+06   -0.213057351837376729E+03
    0.342019122403251052E+00    0.508155334858719332E+00    0.637517070029364967E+10    0.919971387004029006E+06   -0.213056739684415390E+03
    0.328758858290403688E+00    0.570520248821505316E+00    0.651465688506595325E+10    0.927898501281833043E+06   -0.213049146057124148E+03
    0.353175460120064177E+00    0.521280919208777505E+00    0.643562479176218605E+10    0.919286593382564955E+06   -0.213043444878926550E+03
    0.303256644254512875E+00    0.559694964389513494E+00    0.648813174908466339E+10    0.900635198290494969E+06   -0.213039606781401517E+03
    0.303256644254512875E+00    0.559694964389513494E+00    0.648813174908466339E+10    0.900635198290494969E+06   -0.213039606781401517E+03
    0.344690019546647741E+00    0.528706498723477303E+00    0.639872710746509552E+10    0.884537319697716273E+06   -0.213015823257694478E+03
    0.309629501395721818E+00    0.492747291556992373E+00    0.652384630129009628E+10    0.924130874803430168E+06   -0.213014861622116143E+03
    0.313149701151882398E+00    0.483970183997391334E+00    0.637766121275304222E+10    0.939488317948913667E+06   -0.213009034385008619E+03
    0.313149701151882398E+00    0.483970183997391334E+00    0.637766121275304222E+10    0.939488317948913667E+06   -0.213009034385008619E+03
    0.363737733786134942E+00    0.551137562989381546E+00    0.636439327112825871E+10    0.889157873908460024E+06   -0.213001725053435422E+03
    0.363737733786134942E+00    0.551137562989381546E+00    0.636439327112825871E+10    0.889157873908460024E+06   -0.213001725053435422E+03
    0.324669657506124198E+00    0.508731014763697864E+00    0.636315673025412464E+10    0.910429648019569227E+06   -0.212996531998861826E+03
    0.324669657506124198E+00    0.508731014763697864E+00    0.636315673025412464E+10    0.910429648019569227E+06   -0.212996531998861826E+03
    0.329678193318680868E+00    0.492252106995290539E+00    0.633812159226575279E+10    0.940549513505998184E+06   -0.212991898227198817E+03
    0.329678193318680868E+00    0.492252106995290539E+00    0.633812159226575279E+10    0.940549513505998184E+06   -0.212991898227198817E+03
    0.345406081481836102E+00    0.561588594633487759E+00    0.636711141379268169E+10    0.909116597754448536E+06   -0.212989175317784031E+03
    0.345406081481836102E+00    0.561588594633487759E+00    0.636711141379268169E+10    0.909116597754448536E+06   -0.212989175317784031E+03
    0.310355832711019741E+00    0.529383779061005644E+00    0.645147359826940727E+10    0.908118595850600163E+06   -0.212986158024058000E+03
    0.310355832711019741E+00    0.529383779061005644E+00    0.645147359826940727E+10    0.908118595850600163E+06   -0.212986158024058000E+03
    0.320854775444064155E+00    0.513661421462111356E+00    0.652666708454354763E+10    0.891078464547085692E+06   -0.212970543461228999E+03
    0.323708165144359628E+00    0.509387741123750182E+00    0.667307726335086346E+10    0.946508850083670928E+06   -0.212962519265539896E+03
    0.323708165144359628E+00    0.509387741123750182E+00    0.667307726335086346E+10    0.946508850083670928E+06   -0.212962519265539896E+03
    0.288032971665511284E+00    0.495810531181404279E+00    0.666629977488981152E+10    0.900517528110364568E+06   -0.212944986400158257E+03
    0.299488520676598369E+00    0.557619886576405044E+00    0.653934101270883179E+10    0.920916200023690122E+06   -0.212924405200148158E+03
    0.328895573444833500E+00    0.485101539354794387E+00    0.628082862442311764E+10    0.933201885864775861E+06   -0.212921896895040049E+03
    0.302033776401820775E+00    0.494283087108016606E+00    0.650833974219313240E+10    0.899336873473258456E+06   -0.212921206574702865E+03
    0.302033776401820775E+00    0.494283087108016606E+00    0.650833974219313240E+10    0.899336873473258456E+06   -0.212921206574702865E+03
    0.303721189996327634E+00    0.507548041268534256E+00    0.641555189509724236E+10    0.914694387228849228E+06   -0.212919511445324758E+03
    0.329794091442225490E+00    0.502144700741351535E+00    0.634491717376714420E+10    0.941489454699149937E+06   -0.212917461551698807E+03
    0.323805975188373507E+00    0.522945879106013312E+00    0.658706875432174206E+10    0.896111872805672931E+06   -0.212916896775466427E+03
    0.307723821653217600E+00    0.496676542220305439E+00    0.659721915582135010E+10    0.903196077105941949E+06   -0.212911717428595978E+03
    0.339821157650541161E+00    0.527488931776045611E+00    0.648629313859120464E+10    0.902449029508862412E+06   -0.212900294184183963E+03
    0.339821157650541161E+00    0.527488931776045611E+00    0.648629313859120464E+10    0.902449029508862412E+06   -0.212900294184183963E+03
    0.326921233476088924E+00    0.497756796778548782E+00    0.638689079452441120E+10    0.929517911028113216E+06   -0.212899528131116426E+03
    0.324029540391708781E+00    0.511632253222050082E+00    0.654755677065301514E+10    0.906889261911288369E+06   -0.212886344998188179E+03
    0.325601057148876938E+00    0.499760131396616014E+00    0.634211623292733002E+10    0.903491795454689418E+06   -0.212875232287709053E+03
    0.305883943675293146E+00    0.514801740094606775E+00    0.651820247025651836E+10    0.911764849202250247E+06   -0.212874357299742826E+03
    0.305883943675293146E+00    0.514801740094606775E+00    0.651820247025651836E+10    0.911764849202250247E+06   -0.212874357299742826E+03
    0.314248291051956841E+00    0.535751909557200534E+00    0.664108257532799149E+10    0.948810406672508223E+06   -0.212868357138837155E+03
    0.314248291051956841E+00    0.535751909557200534E+00    0.664108257532799149E+10    0.948810406672508223E+06   -0.212868357138837155E+03
    0.328046743415720321E+00    0.554780403418803747E+00    0.649064616908058071E+10    0.923320022608883679E+06   -0.212865554843736248E+03
    0.308112703782840780E+00    0.488146191946438712E+00    0.666465054112018013E+10    0.909165383061371278E+06   -0.212864499781786890E+03
    0.308112703782840780E+00    0.488146191946438712E+00    0.666465054112018013E+10    0.909165383061371278E+06   -0.212864499781786890E+03
    0.314529969587913183E+00    0.486182917906296641E+00    0.660857244448608685E+10    0.908677619548281073E+06   -0.212861796955297052E+03
    0.336457840107912465E+00    0.531986038401665695E+00    0.655402564213157082E+10    0.895153627819838701E+06   -0.212851090421900551E+03
    0.325508220429637951E+00    0.536426533159935826E+00    0.650977728288904381E+10    0.888724206797000719E+06   -0.212848855804305600E+03
    0.310462356880185364E+00    0.515960628811650945E+00    0.637407981642595577E+10    0.923572090324350982E+06   -0.212846595720185690E+03
    0.310462356880185364E+00    0.515960628811650945E+00    0.637407981642595577E+10    0.923572090324350982E+06   -0.212846595720185690E+03
    0.296629991306238017E+00    0.510027728471974307E+00    0.660001061829150963E+10    0.936987272898251424E+06   -0.212845027669222191E+03
    0.324759011341851644E+00    0.475604613899909712E+00    0.633418495523234463E+10    0.929867073185410467E+06   -0.212838983134318823E+03
    0.324759011341851644E+00    0.475604613899909712E+00    0.633418495523234463E+10    0.929867073185410467E+06   -0.212838983134318823E+03
    0.325144170971989721E+00    0.535112510480164172E+00    0.627623258222575474E+10    0.911560510475273244E+06   -0.212832067236330289E+03
    0.288434734812839322E+00    0.503276862328515762E+00    0.653820248166563225E+10    0.913503980438784231E+06   -0.212830754303698569E+03
    0.288434734812839322E+00    0.503276862328515762E+00    0.653820248166563225E+10    0.913503980438784231E+06   -0.212830754303698569E+03
    0.346165366205264224E+00    0.520404550638845276E+00    0.634727239441093826E+10    0.920238374161114916E+06   -0.212815735747524172E+03
    0.334927508805081986E+00    0.528699598384253733E+00    0.643469744272335434E+10    0.922819472157887532E+06   -0.212812917565993416E+03
    0.334927508805081986E+00    0.528699598384253733E+00    0.643469744272335434E+10    0.922819472157887532E+06   -0.212812917565993416E+03
    0.312828465240416131E+00    0.519482074158208018E+00    0.645626318536748600E+10    0.917481399867305649E+06   -0.212803925444106000E+03
    0.342224743401822962E+00    0.489302029198648292E+00    0.634377761777158165E+10    0.942088247786391526E+06   -0.212797459416938409E+03
    0.324689096499063912E+00    0.546371148282805752E+00    0.656239523082452202E+10    0.887915448175688274E+06   -0.212794720398631057E+03
    0.305162383103921298E+00    0.499318320728666443E+00    0.642575988576606464E+10    0.910016757305061910E+06   -0.212789209711048386E+03
    0.305162383103921298E+00    0.499318320728666443E+00    0.642575988576606464E+10    0.910016757305061910E+06   -0.212789209711048386E+03
    0.320242756760227065E+00    0.555216690216251862E+00    0.630536894388404846E+10    0.922013920630330103E+06   -0.212769069037014106E+03
    0.335204066374467480E+00    0.548144742731874857E+00    0.646893443040159798E+10    0.927251307688319706E+06   -0.212757720189349357E+03
    0.353951897179654973E+00    0.518048702711938702E+00    0.641187617515116596E+10    0.927433717562697246E+06   -0.212753231130596816E+03
    0.355031051096762862E+00    0.527137875885674401E+00    0.646874804964475060E+10    0.920104455998642254E+06   -0.212751661731257030E+03
    0.316257016135743307E+00    0.525067267581467156E+00    0.656743687250516510E+10    0.882720448317604722E+06   -0.212740546882511097E+03
    0.343693100875206325E+00    0.504329651088385233E+00    0.636131945090271568E+10    0.928853132068820531E+06   -0.212740402654465527E+03
    0.316186223705835379E+00    0.549193662782832437E+00    0.669418896272154140E+10    0.931371903562190826E+06   -0.212734763769939121E+03
    0.332222521131772808E+00    0.507430195516694660E+00    0.635859295763507843E+10    0.927133312152268132E+06   -0.212733967333881253E+03
    0.319303837519841371E+00    0.501495260807673926E+00    0.642784455297086525E+10    0.913862433117040666E+06   -0.212728282966231632E+03
    0.314185807865881850E+00    0.516623941396388897E+00    0.648578334436182880E+10    0.891838246393205947E+06   -0.212724374135239486E+03
    0.314185807865881850E+00    0.516623941396388897E+00    0.648578334436182880E+10    0.891838246393205947E+06   -0.212724374135239486E+03
    0.332612255463191619E+00    0.495255776589174523E+00    0.641983844111634922E+10    0.931388402049065800E+06   -0.212708782125478649E+03
    0.314989632509375894E+00    0.521617157143863253E+00    0.654296247423218060E+10    0.919456671662990120E+06   -0.212707674955995259E+03
    0.319277984023029704E+00    0.516856615577886203E+00    0.659054371980360603E+10    0.903213597546070232E+06   -0.212707145021130515E+03
    0.320697567394759853E+00    0.526682606880732429E+00    0.647013030448506641E+10    0.951030783991466276E+06   -0.212697765425864645E+03
    0.320697567394759853E+00    0.526682606880732429E+00    0.647013030448506641E+10    0.951030783991466276E+06   -0.212697765425864645E+03
    0.315334423570264477E+00    0.556409111085751640E+00    0.650644012546288490E+10    0.951349228995835641E+06   -0.212695930981983196E+03
    0.325512180674534302E+00    0.504633062453328396E+00    0.638598133150105858E+10    0.908483759311026544E+06   -0.212679700338225672E+03
    0.315550718023924370E+00    0.525793028093681336E+00    0.654459238558987045E+10    0.882529323219573474E+06   -0.212656109936503697E+03
    0.316635618233251981E+00    0.513896009522491148E+00    0.652032114488913345E+10    0.926610410200696788E+06   -0.212655077016923968E+03
    0.301543255415280542E+00    0.516402413910805880E+00    0.642685955652549648E+10    0.900663184503471944E+06   -0.212649115916097116E+03
    0.360369820481515279E+00    0.528857539442270319E+00    0.635668730166757488E+10    0.920650380057783565E+06   -0.212646969453848072E+03
    0.316240029952654766E+00    0.504911877682079790E+00    0.629249765286419868E+10    0.910948194327545352E+06   -0.212644967254391190E+03
    0.319395572584439957E+00    0.504710261206191113E+00    0.652600486903445816E+10    0.910295823391671525E+06   -0.212638283228058839E+03
    0.346688425371363518E+00    0.510700847129303970E+00    0.651326874647258472E+10    0.916501581042403355E+06   -0.212625533358882763E+03
    0.325997080737935374E+00    0.576302381151301724E+00    0.651647152097101879E+10    0.936199887122491375E+06   -0.212622214884622736E+03
    0.310526133006115201E+00    0.516093242061725022E+00    0.645501610257702065E+10    0.915544337944313302E+06   -0.212611445897429689E+03
    0.290419771979491870E+00    0.482498651335780959E+00    0.643023751449074650E+10    0.915458103765357402E+06   -0.212601786500687808E+03
    0.328864581731383998E+00    0.521011114507782480E+00    0.642681063551978874E+10    0.943579760454452829E+06   -0.212591554730544146E+03
    0.307546100261943289E+00    0.488125553350769792E+00    0.648641365208875179E+10    0.926396671858981950E+06   -0.212582299977555238E+03
    0.313153302146963908E+00    0.505085430587253637E+00    0.642419532292711830E+10    0.934636107685217750E+06   -0.212580499318737424E+03
    0.328738441003842308E+00    0.530831202817150682E+00    0.643360865399200249E+10    0.949261815162433079E+06   -0.212579753415864673E+03
    0.353175111219602600E+00    0.523594592369582390E+00    0.647708334962840176E+10    0.923642257821910200E+06   -0.212572366620757293E+03
    0.351012435534476974E+00    0.513891936276939632E+00    0.651145333672194004E+10    0.918874122993200319E+06   -0.212559133567499998E+03
    0.335073119510207795E+00    0.520939804253109262E+00    0.654536594726618958E+10    0.898266696574537433E+06   -0.212553800293788754E+03
    0.302122289269260103E+00    0.486073285061582983E+00    0.646578638736285305E+10    0.956723456878115423E+06   -0.212546293420770439E+03
    0.339441090218612074E+00    0.571216403818874507E+00    0.635975577104334736E+10    0.911472657456661807E+06   -0.212546173849603520E+03
    0.296870052273219553E+00    0.473078155829895319E+00    0.646485703763033485E+10    0.912626975438624155E+06   -0.212543419762186687E+03
    0.325855604390205278E+00    0.557851451300514611E+00    0.635217130325127411E+10    0.920599525413565338E+06   -0.212532721229622695E+03
    0.318502006330049325E+00    0.529133359719324403E+00    0.653171539140240669E+10    0.939430517320709885E+06   -0.212523671841930820E+03
    0.336730954285011819E+00    0.517074494891886172E+00    0.645605633972988796E+10    0.915555216525977361E+06   -0.212508958450981879E+03
    0.337199381233179774E+00    0.522615371296991871E+00    0.650788928455690002E+10    0.916535861699466244E+06   -0.212496987060127935E+03
    0.325645537498602700E+00    0.498486924538308340E+00    0.648047989468089581E+10    0.923251679341493174E+06   -0.212478058672315797E+03
    0.315650629395596127E+00    0.481567610247835010E+00    0.643571333285732937E+10    0.936844759721633745E+06   -0.212472880445282101E+03
    0.328490230236622216E+00    0.478459229828207988E+00    0.636997429833563423E+10    0.921809050703640794E+06   -0.212470780322369194E+03
    0.331858537227134653E+00    0.524569131443821668E+00    0.650710949266053486E+10    0.942523882132510771E+06   -0.212468186468507383E+03
    0.301282418818411502E+00    0.492175995088251828E+00    0.645009516914987087E+10    0.911215335285480833E+06   -0.212467324167858806E+03
    0.284539439196650423E+00    0.509350731180856275E+00    0.650666577294466400E+10    0.907074561677379534E+06   -0.212465858187246852E+03
    0.337261933496026178E+00    0.493248994162842180E+00    0.638505285794907856E+10    0.919501066465168493E+06   -0.212456748192699592E+03
    0.323957014275225552E+00    0.544741639737706507E+00    0.653387094180192184E+10    0.929954405007569352E+06   -0.212456599261592203E+03
    0.314049604792334291E+00    0.507503701222682402E+00    0.653174020457998657E+10    0.920016266065693810E+06   -0.212448365736940730E+03
    0.304445007582189398E+00    0.510180953185654928E+00    0.652749251797448730E+10    0.904161553855977370E+06   -0.212444509528141907E+03
    0.315081206998408636E+00    0.525706246244261877E+00    0.643093355330893135E+10    0.925543951184286270E+06   -0.212433730265023911E+03
    0.352774732903201493E+00    0.518988959941922623E+00    0.636791958458948326E+10    0.911751402967432514E+06   -0.212431269670100534E+03
    0.344835684586299929E+00    0.506789987894821881E+00    0.632924972700026417E+10    0.902907560268918402E+06   -0.212428264130750478E+03
    0.332691990905319201E+00    0.528785795227492361E+00    0.655478094264593029E+10    0.893345576609709766E+06   -0.212402398719244729E+03
    0.326763738324288178E+00    0.500577059443559680E+00    0.644448795786414528E+10    0.925005438644608366E+06   -0.212397609854920631E+03
    0.348394204812686736E+00    0.525339359200039269E+00    0.635431896808534336E+10    0.920287850243510213E+06   -0.212395243835009126E+03
    0.323038400493990907E+00    0.554753384007915518E+00    0.645072987081350899E+10    0.930151698433652055E+06   -0.212392871013247770E+03
    0.297711007422215679E+00    0.517227804196852770E+00    0.654162410680630875E+10    0.904814942682224209E+06   -0.212371654947374168E+03
    0.295584117527041779E+00    0.514345286993185269E+00    0.657682869239589405E+10    0.905882832855718443E+06   -0.212359092199017113E+03
    0.307456373916721759E+00    0.506145440210318043E+00    0.646576331373946476E+10    0.913215787892529741E+06   -0.212356575428620999E+03
    0.304959003489409297E+00    0.511908638509780189E+00    0.656870144443831730E+10    0.907535952732548118E+06   -0.212345515154744959E+03
    0.303371554435501622E+00    0.477122493429015027E+00    0.650604242829096127E+10    0.908734679981092107E+06   -0.212340973370666148E+03
    0.308825484242107817E+00    0.492523871785213174E+00    0.645693868160455608E+10    0.937145835230351309E+06   -0.212338144401416457E+03
    0.351329820053638830E+00    0.521245859237808418E+00    0.644735629132323265E+10    0.905132226258952869E+06   -0.212331767774102929E+03
    0.331192511466305461E+00    0.565993360760718378E+00    0.651840423487541103E+10    0.924479854934142553E+06   -0.212325783662779827E+03
    0.336012429463415530E+00    0.519568319276453749E+00    0.658805947808434772E+10    0.894472300623723771E+06   -0.212318077668242836E+03
    0.320073018456014879E+00    0.506696738659347279E+00    0.653931010269204617E+10    0.912485752468143357E+06   -0.212297199785416893E+03
    0.311225153834763735E+00    0.525499364675557246E+00    0.645295141984756374E+10    0.906291319195562392E+06   -0.212296527098240006E+03
    0.313195609619600523E+00    0.482417502819777244E+00    0.649162984504507256E+10    0.923250007257673191E+06   -0.212293967449389129E+03
    0.315291142713465755E+00    0.493163896634888577E+00    0.629162030981249523E+10    0.910036325302825542E+06   -0.212281509620993546E+03
    0.320153420718189197E+00    0.550641123995419868E+00    0.642051569022913361E+10    0.924367571410142118E+06   -0.212279787578376585E+03
    0.355408035665055688E+00    0.520111922696337103E+00    0.639326823679928017E+10    0.905219155004412401E+06   -0.212274339508323465E+03
    0.322667782022244609E+00    0.492956676336770538E+00    0.638495283908744240E+10    0.908290984614660032E+06   -0.212273756893534483E+03
    0.348013361709491487E+00    0.513583497696476154E+00    0.639262572149564075E+10    0.910879619864132837E+06   -0.212273196201152558E+03
    0.302781006433375188E+00    0.479998487294106546E+00    0.642135963294828224E+10    0.908703631416850607E+06   -0.212266747524113725E+03
    0.341579172402766307E+00    0.533536287907374174E+00    0.646937745407009602E+10    0.914499251298881369E+06   -0.212266693999502820E+03
    0.313214367155908058E+00    0.521949409583965185E+00    0.649664091873073864E+10    0.934641544927993440E+06   -0.212249752942150877E+03
    0.301481991363747093E+00    0.501022273191017220E+00    0.645020187691031361E+10    0.914462946046063909E+06   -0.212242351280350135E+03
    0.304523744537460894E+00    0.498697789405009306E+00    0.651379585064416313E+10    0.909420066419260926E+06   -0.212240803587082695E+03
    0.336682324237542963E+00    0.514947547947850026E+00    0.648671179822970581E+10    0.918404527550323750E+06   -0.212237190920873559E+03
    0.321811324660688014E+00    0.509727095909403349E+00    0.641868478981955719E+10    0.939755487219465664E+06   -0.212235930332582996E+03
    0.293100723461622803E+00    0.502980927865261940E+00    0.652953046758118534E+10    0.915190450549007277E+06   -0.212235237950833891E+03
    0.315115333590435476E+00    0.527988172757579921E+00    0.648299751132201481E+10    0.913545814230920281E+06   -0.212223555608758915E+03
    0.297705431039581803E+00    0.503868448683908010E+00    0.650335707434032059E+10    0.916844668728048331E+06   -0.212219110317755138E+03
    0.313916373745792343E+00    0.490951952717770812E+00    0.643349369109788895E+10    0.915465292578137363E+06   -0.212206909941717043E+03
    0.304012239495729808E+00    0.526600198768379713E+00    0.647810213880197048E+10    0.912318102228261647E+06   -0.212199184077288692E+03
    0.287741332469671429E+00    0.511233219586928023E+00    0.647073608979234123E+10    0.898251550752543146E+06   -0.212198831881708628E+03
    0.298592346130782449E+00    0.501412820313516860E+00    0.647151532709810448E+10    0.952070121061305283E+06   -0.212195575801655821E+03
    0.296766655972589610E+00    0.504155132790648608E+00    0.665813502229438400E+10    0.906921515348665300E+06   -0.212187521379647421E+03
    0.316754844782092260E+00    0.513623163903310420E+00    0.640476728851656628E+10    0.917188580973046483E+06   -0.212178681104219606E+03
    0.330815090642374243E+00    0.492659821597060343E+00    0.641908646223968315E+10    0.916907884571926785E+06   -0.212176033460294718E+03
    0.301534409196652475E+00    0.495027209572326488E+00    0.663812879491219807E+10    0.893979333989368170E+06   -0.212175382021214716E+03
    0.316981718479545760E+00    0.496281958786127575E+00    0.642017912446125793E+10    0.915615177249847911E+06   -0.212157347122190743E+03
    0.331350827962072270E+00    0.562137399367595325E+00    0.641266793167308140E+10    0.924404284826276125E+06   -0.212155952596695869E+03
    0.309844647076018165E+00    0.493201333042502910E+00    0.642399082677365971E+10    0.934502402463711798E+06   -0.212153769970945348E+03
    0.309778454416702209E+00    0.491980485573961790E+00    0.645060461676116180E+10    0.911821379779527546E+06   -0.212148074713262417E+03
    0.340180585153932957E+00    0.516102026910536971E+00    0.631712314960508633E+10    0.904613213890473708E+06   -0.212139386280192696E+03
    0.333140583721269312E+00    0.531961691701533734E+00    0.655089372639492226E+10    0.928796345489927335E+06   -0.212131472962651344E+03
    0.321896294631531854E+00    0.521825486065606192E+00    0.651897499925451279E+10    0.899032320303619956E+06   -0.212109628125386791E+03
    0.331295161914660907E+00    0.518430138956947228E+00    0.649069579376608181E+10    0.914118518274919596E+06   -0.212104827945453792E+03
    0.321188979744813252E+00    0.511999188344227196E+00    0.653230596990465832E+10    0.901144693175812019E+06   -0.212067189371116910E+03
    0.317371727906333889E+00    0.466989171469892383E+00    0.648768349492580605E+10    0.925829910698967637E+06   -0.212062925004700276E+03
    0.302242423543970962E+00    0.494922879131615812E+00    0.648338741405597401E+10    0.941670036032825941E+06   -0.212055736582487214E+03
    0.327163417829492320E+00    0.517686446488491381E+00    0.651808798257326889E+10    0.904259494041318190E+06   -0.212055448206143012E+03
    0.296001931179901256E+00    0.501162933067810012E+00    0.640283493509703827E+10    0.918598150012908503E+06   -0.212036002969650809E+03
    0.338946018970927798E+00    0.511444553008975511E+00    0.655997288466106892E+10    0.899252727975147078E+06   -0.212027440370459885E+03
    0.339877056361789109E+00    0.498857415404754700E+00    0.633183906528131008E+10    0.930188984314043657E+06   -0.212024975753315800E+03
    0.322042949554806224E+00    0.548679550688518258E+00    0.646525133169822598E+10    0.924710176364029176E+06   -0.212024587332410221E+03
    0.332794592649000354E+00    0.506917625270540295E+00    0.639954537873980904E+10    0.928790222298280336E+06   -0.212019547686039914E+03
    0.335774674612304591E+00    0.520832206806491893E+00    0.648514593689154816E+10    0.911785464868535288E+06   -0.212015665516318904E+03
    0.334472992916101663E+00    0.535097921299841239E+00    0.664877425306157589E+10    0.901678934635974118E+06   -0.212013696759289246E+03
    0.325626828390199796E+00    0.516427125691062638E+00    0.646912625584667492E+10    0.928920891191769624E+06   -0.211994775471832384E+03
    0.320895843335097963E+00    0.519041322077912870E+00    0.656018221122345161E+10    0.916155448120871442E+06   -0.211993622951993729E+03
    0.329053474887884279E+00    0.471912151190456264E+00    0.645015115437387562E+10    0.918953634893232840E+06   -0.211980438667012663E+03
    0.324380228624765121E+00    0.507857506047808549E+00    0.647964600363223171E+10    0.919388038237784756E+06   -0.211976326730716323E+03
    0.336209289229524033E+00    0.540010788993687818E+00    0.645796178023858547E+10    0.920382064746688120E+06   -0.211967113338793837E+03
    0.332269433470605779E+00    0.524521009092085766E+00    0.645613703524133015E+10    0.902573437491685851E+06   -0.211965438218642532E+03
    0.329275572673079941E+00    0.514510729972288861E+00    0.656927209734919453E+10    0.901542249469350674E+06   -0.211962334180398727E+03
    0.339921916310140293E+00    0.511951153184944552E+00    0.641303631966129684E+10    0.911839514216195093E+06   -0.211952060764951796E+03
    0.321766671825545636E+00    0.494233891507896317E+00    0.651168857766293907E+10    0.929143749854635797E+06   -0.211947587057819220E+03
    0.321347891788071660E+00    0.481181151209956415E+00    0.642469518796301460E+10    0.928222652307586628E+06   -0.211941668265185285E+03
    0.312380736203799192E+00    0.496418921691086812E+00    0.652778215416010475E+10    0.930547341296617524E+06   -0.211938351950434537E+03
    0.326562794482501140E+00    0.528388455433291604E+00    0.660591186897628784E+10    0.898515707688234514E+06   -0.211923089366430929E+03
    0.342993811339652677E+00    0.512864545476894307E+00    0.640151989249913692E+10    0.920135917273509782E+06   -0.211922369891377997E+03
    0.321821534268949938E+00    0.481631042578306801E+00    0.653320531332213974E+10    0.916952325309355394E+06   -0.211909680485951498E+03
    0.325289654477806778E+00    0.492614678479964763E+00    0.654733288758537865E+10    0.924658347094798577E+06   -0.211901851533641263E+03
    0.309378872293632201E+00    0.507254677900732975E+00    0.656359515196329784E+10    0.916621268688520067E+06   -0.211774657253254986E+03
    0.304728307880550831E+00    0.507464550498089917E+00    0.657221447209272480E+10    0.916822637618530425E+06   -0.211591739724162153E+03
    0.299986501622842294E+00    0.493189896770614311E+00    0.656258384958943081E+10    0.914938077182495850E+06   -0.211174093513085552E+03
    0.299986501622842294E+00    0.493189896770614311E+00    0.656258384958943081E+10    0.914938077182495850E+06   -0.211174093513085552E+03
    0.304313905257755812E+00    0.492424494881761099E+00    0.656259294939023590E+10    0.918412148301949142E+06   -0.211533901734092467E+03
    0.311656639665151780E+00    0.502515125282028574E+00    0.654383201029888916E+10    0.913878800532303401E+06   -0.211645891684573030E+03
    0.299555149557563072E+00    0.492206375225928028E+00    0.652184409111053276E+10    0.922501710757986759E+06   -0.211161892077174059E+03
    0.299555149557563072E+00    0.492206375225928028E+00    0.652184409111053276E+10    0.922501710757986759E+06   -0.211161892077174059E+03
    0.303309643992942468E+00    0.499161099331512759E+00    0.651801457523922539E+10    0.921247672555109370E+06   -0.211855344964575124E+03
    0.299551880867459430E+00    0.508505482924512364E+00    0.649237030342432308E+10    0.920232264979036176E+06   -0.211850662069993462E+03
    0.303048896939657419E+00    0.485591151461162163E+00    0.652077757984501553E+10    0.925997308837705059E+06   -0.211863036383576173E+03
    0.310496638601341080E+00    0.502601684804190985E+00    0.648714469291796684E+10    0.921793057861268637E+06   -0.211638559443707493E+03
    0.303391335916559646E+00    0.504431991890796461E+00    0.655666875864417744E+10    0.915753125808172510E+06   -0.211823690719808553E+03
    0.300125030247031965E+00    0.506369474044018109E+00    0.653118165136052418E+10    0.908416397594216513E+06   -0.211526688866966111E+03
    0.276466806192884995E+00    0.507992343387474676E+00    0.657977537647334385E+10    0.904503521949274931E+06   -0.211515731991114023E+03
    0.276466806192884995E+00    0.507992343387474676E+00    0.657977537647334385E+10    0.904503521949274931E+06   -0.211515731991114023E+03
    0.298761288656360480E+00    0.500601421933095647E+00    0.659784695955184460E+10    0.904336112573585357E+06   -0.211275458987521858E+03
    0.298761288656360480E+00    0.500601421933095647E+00    0.659784695955184460E+10    0.904336112573585357E+06   -0.211275458987521858E+03
    0.295533900769009539E+00    0.507677937943063373E+00    0.654893788229836845E+10    0.904664694236012758E+06   -0.211891108077222100E+03
    0.306994902449880924E+00    0.509680110335155589E+00    0.653191298635123825E+10    0.905021758708029753E+06   -0.211660573887544814E+03
    0.307793052988490912E+00    0.522642559280449781E+00    0.651552052511612320E+10    0.915814365507194656E+06   -0.211169627655796944E+03
    0.307793052988490912E+00    0.522642559280449781E+00    0.651552052511612320E+10    0.915814365507194656E+06   -0.211169627655796944E+03
    0.299679387839916933E+00    0.511344645942980680E+00    0.647283614456914616E+10    0.903641480187232024E+06   -0.211520974905037065E+03
    0.299679387839916933E+00    0.511344645942980680E+00    0.647283614456914616E+10    0.903641480187232024E+06   -0.211520974905037065E+03
    0.316765413428285236E+00    0.514996562989646467E+00    0.652740678620394230E+10    0.914638303591808886E+06   -0.211459638348525033E+03
    0.319409356062657135E+00    0.484240530860546858E+00    0.654012939704047203E+10    0.919752462809292367E+06   -0.211523677392567492E+03
    0.329312922190391044E+00    0.488225218157903651E+00    0.651835858422624207E+10    0.914573073676909320E+06   -0.211894747102217025E+03
    0.320045212659040401E+00    0.485693882049269110E+00    0.653841132782770157E+10    0.923020158976485836E+06   -0.211818006547769812E+03
    0.317335618233520023E+00    0.503418461885213553E+00    0.650284950889338017E+10    0.916212964752510190E+06   -0.211537089650013172E+03
    0.313394591854519233E+00    0.504524006776182699E+00    0.650649068254394245E+10    0.918415384536384139E+06   -0.211895668413074475E+03
    0.329847912682125766E+00    0.482161151044573799E+00    0.654043112532983494E+10    0.918892560065731755E+06   -0.211469295473875150E+03
    0.307253632430951606E+00    0.489547936004326001E+00    0.646771725532174873E+10    0.913452897174658137E+06   -0.211577168492935499E+03
    0.315798529378615800E+00    0.487186317034921768E+00    0.646549132956697750E+10    0.912715424476530869E+06   -0.211393007465506713E+03
    0.314148260714835481E+00    0.482038448745269577E+00    0.647991352507711887E+10    0.912620392599763698E+06   -0.211629387287507171E+03
    0.314760693548087556E+00    0.502064105650804837E+00    0.647641807183420658E+10    0.911947970281377900E+06   -0.211792544838039817E+03
    0.320598884257672412E+00    0.511537656423749265E+00    0.645885575058460045E+10    0.910811363172188401E+06   -0.211706495174099246E+03
    0.322799285001481528E+00    0.494442920375984585E+00    0.645931917475115776E+10    0.909492619154259097E+06   -0.211613738195074887E+03
    0.317710313670266142E+00    0.469787438347729402E+00    0.649121338705315971E+10    0.916532884937506635E+06   -0.211764694210688219E+03
    0.301052417985093690E+00    0.497395753678333108E+00    0.643856910920084953E+10    0.922903121618871111E+06   -0.211807154447095002E+03
    0.303222468284338020E+00    0.493982894906430214E+00    0.641677709137069035E+10    0.924937552040845272E+06   -0.211052616192699674E+03
    0.303222468284338020E+00    0.493982894906430214E+00    0.641677709137069035E+10    0.924937552040845272E+06   -0.211052616192699674E+03
    0.305247719401035622E+00    0.498721387956261530E+00    0.641080869289558315E+10    0.920633152543921722E+06   -0.211712193884224746E+03
    0.308136835671477594E+00    0.489447189018574313E+00    0.644231588680227661E+10    0.923475605189610855E+06   -0.211775753525883999E+03
    0.310646680002946318E+00    0.507944673133246205E+00    0.641702038116269588E+10    0.919320826852786005E+06   -0.211743902213656469E+03
    0.312254328933860570E+00    0.477815591700880393E+00    0.647757731945268440E+10    0.924389979846412782E+06   -0.211643454209931917E+03
    0.308114432750012435E+00    0.508823086054469798E+00    0.645453747498427105E+10    0.914389591793982894E+06   -0.211429484416705094E+03
    0.301031698750113874E+00    0.509891735999899787E+00    0.638914257008294964E+10    0.922818092620601412E+06   -0.211495341780551882E+03
    0.320276837539942016E+00    0.494601750358436565E+00    0.642520946938247299E+10    0.914977782598755555E+06   -0.211827961794747068E+03
    0.312500241621954333E+00    0.484368966622527264E+00    0.642212862168648052E+10    0.920031173632337130E+06   -0.211739916769085028E+03
    0.303276417456450620E+00    0.480113111088118938E+00    0.638736224959379673E+10    0.922205316654512659E+06   -0.211569460474298353E+03
    0.318786921864200323E+00    0.467344216657038736E+00    0.644659448278026009E+10    0.916122774317426141E+06   -0.211186802478525408E+03
    0.316073172869789421E+00    0.481968292790401431E+00    0.646183290495794201E+10    0.920506427250741748E+06   -0.211619059972696732E+03
    0.317759843454727853E+00    0.476061756930901581E+00    0.639755568928094006E+10    0.922453205260087037E+06   -0.211712577956842324E+03
    0.321480194884661064E+00    0.467675330470416650E+00    0.643929887412845135E+10    0.921866187473371625E+06   -0.211576866155693722E+03
    0.323423952711768659E+00    0.468769310318033483E+00    0.648663659403736591E+10    0.916635880906074541E+06   -0.211695562326294038E+03
    0.324456704829017895E+00    0.498786561980984366E+00    0.645388689764068604E+10    0.919897453064508038E+06   -0.211746900172457032E+03
    0.331438569823212292E+00    0.476503490527087070E+00    0.647582167096550560E+10    0.913501641000096221E+06   -0.211688008528614148E+03
    0.335815950071155223E+00    0.491446161525959102E+00    0.639782409796849728E+10    0.920265469906754093E+06   -0.211746349577620180E+03
    0.340914531831192191E+00    0.522853112984398738E+00    0.634301702905565548E+10    0.913404149055879097E+06   -0.211444323892764316E+03
    0.339043900076291649E+00    0.522195113258612675E+00    0.641054191325364017E+10    0.911285280930561014E+06   -0.211712860972245380E+03
    0.336189836861957192E+00    0.525646471412085869E+00    0.642792812551620483E+10    0.907454492990948376E+06   -0.211788314709955159E+03
    0.341445978282384266E+00    0.538256905089332438E+00    0.640239328113654804E+10    0.915217755844354280E+06   -0.211656587174751792E+03
    0.317208104444893502E+00    0.496894730800220952E+00    0.649348379972302246E+10    0.922788488914482528E+06   -0.211572522226968545E+03
    0.332262406896166929E+00    0.508490914831782881E+00    0.646350966924931335E+10    0.928998090373635758E+06   -0.211764901238533128E+03
    0.318677463806046946E+00    0.504134079495532461E+00    0.647244924265695572E+10    0.935736591387904366E+06   -0.211879336059702382E+03
    0.320580355135986095E+00    0.522859817883679412E+00    0.649953039907242870E+10    0.940549596848765155E+06   -0.211833474982799714E+03
    0.324441466817444235E+00    0.522886952591888221E+00    0.648511104002549171E+10    0.933496506851193961E+06   -0.211541714851950331E+03
    0.335217947037446062E+00    0.520823413746376751E+00    0.647549433764413929E+10    0.928641965763527085E+06   -0.211890703645787084E+03
    0.317256103521293853E+00    0.504607095064872446E+00    0.648278819724171162E+10    0.932884050577962887E+06   -0.211772574049440493E+03
    0.334924004686328547E+00    0.529311137796654396E+00    0.660077320103136826E+10    0.905739579760421300E+06   -0.211524476149277547E+03
    0.338401801010047576E+00    0.528727282277748234E+00    0.661420537960146809E+10    0.902931290861624526E+06   -0.211335689580060375E+03
    0.327457029130724497E+00    0.527242750429088858E+00    0.657422824213902569E+10    0.896579252057002741E+06   -0.211505371930516475E+03
    0.337926280784961952E+00    0.520678707262592244E+00    0.656645468427405453E+10    0.892939457665484282E+06   -0.211437130099680871E+03
    0.337926280784961952E+00    0.520678707262592244E+00    0.656645468427405453E+10    0.892939457665484282E+06   -0.211437130099680871E+03
    0.341261114385582931E+00    0.524349677868684694E+00    0.663069871930258560E+10    0.906046874504043488E+06   -0.211528916052103455E+03
    0.335683536272013416E+00    0.538097039646637576E+00    0.663257542248628616E+10    0.908811323749755276E+06   -0.211878883818776671E+03
    0.342779242674177975E+00    0.531352125834072098E+00    0.652820172829238415E+10    0.907213396620774176E+06   -0.210881029927299295E+03
    0.342779242674177975E+00    0.531352125834072098E+00    0.652820172829238415E+10    0.907213396620774176E+06   -0.210881029927299295E+03
    0.338232996540813680E+00    0.533385128420018173E+00    0.656313406342876434E+10    0.907652235793275060E+06   -0.211641981328061377E+03
    0.337669564736498506E+00    0.520342169468913873E+00    0.654114903199878216E+10    0.899224232012212276E+06   -0.211589060629858949E+03
    0.318655221147041812E+00    0.508653902561156723E+00    0.659576316702766514E+10    0.908729317999202292E+06   -0.211490051792477573E+03
    0.318112880300681355E+00    0.520308912160977410E+00    0.650522221921634388E+10    0.909065280088060885E+06   -0.211896025147547647E+03
    0.318033778012037471E+00    0.508837969053678396E+00    0.654919283376314926E+10    0.909571064748401055E+06   -0.211691384937023173E+03
    0.318634402078733114E+00    0.508515994859236375E+00    0.655196974032900429E+10    0.909756388221977744E+06   -0.211732323982538730E+03
    0.320196286372205874E+00    0.521528982106978845E+00    0.656739368014084530E+10    0.913932142576638376E+06   -0.211819666250481902E+03
    0.308957172731191221E+00    0.508164226081817549E+00    0.658556352504522038E+10    0.904805127012034063E+06   -0.211826857407432385E+03
    0.316733900210476982E+00    0.507556805276298650E+00    0.659393380957768917E+10    0.902466183570422465E+06   -0.211625915392400856E+03
    0.319305347040393595E+00    0.507314395580018562E+00    0.660599827317187405E+10    0.901453343611603719E+06   -0.211810461658290876E+03
    0.325234713948982290E+00    0.511519410418764142E+00    0.658181246702426720E+10    0.907577208500738256E+06   -0.211460412957046174E+03
    0.325234713948982290E+00    0.511519410418764142E+00    0.658181246702426720E+10    0.907577208500738256E+06   -0.211460412957046174E+03
    0.340579075868329140E+00    0.521567953138992291E+00    0.650250372049835777E+10    0.906809479772004881E+06   -0.211708165108066282E+03
    0.338827409417542136E+00    0.521872694939784498E+00    0.647566908004586983E+10    0.903761835981070995E+06   -0.211774732534630346E+03
    0.336082658789280286E+00    0.540711188788911112E+00    0.643520601129330444E+10    0.924681492897724849E+06   -0.211808233981748003E+03
    0.346966030575156625E+00    0.538433113426944665E+00    0.647386720593211460E+10    0.918699828939074301E+06   -0.211371483591419860E+03
    0.350424875641575206E+00    0.536000010148880879E+00    0.645446300568654823E+10    0.919211356900157291E+06   -0.211689941972041566E+03
    0.342956847380501195E+00    0.556711948761706044E+00    0.645159083899085045E+10    0.911446545327622094E+06   -0.211787357096865833E+03
    0.339935386532676964E+00    0.546966413029136067E+00    0.646194484616983128E+10    0.917311255964425742E+06   -0.211897829063192034E+03
    0.328478811059829956E+00    0.524723806287244354E+00    0.651412155083245277E+10    0.916522790278354427E+06   -0.211196408136950993E+03
    0.328478811059829956E+00    0.524723806287244354E+00    0.651412155083245277E+10    0.916522790278354427E+06   -0.211196408136950993E+03
    0.339728789506565099E+00    0.550691153279730283E+00    0.652464528756395245E+10    0.913911479436466936E+06   -0.211596738686546360E+03
    0.350421147090411000E+00    0.521214341333945619E+00    0.648446283445925522E+10    0.917462290605466231E+06   -0.211778334438352061E+03
    0.315974883420250152E+00    0.575878717742571045E+00    0.652420823406081200E+10    0.933910145174953039E+06   -0.211870621625428072E+03
