    0.133748884317002048E+00    0.429862684921406668E+00    0.935864052195170879E+09   -0.948953866012443257E+02
    0.152441233975529722E+00    0.462160599950243167E+00    0.870947465410555959E+09   -0.946818739177383861E+02
    0.189599545902405520E+00    0.502573740775247302E+00    0.782587510668441892E+09   -0.933508055249694024E+02
    0.158100044464507428E+00    0.614299282037480410E+00    0.865185523175979257E+09   -0.927832427044078258E+02
    0.175594005563032063E+00    0.539606270417163358E+00    0.815885784962978959E+09   -0.926749379927329358E+02
    0.133525851818618868E+00    0.528200545123125309E+00    0.939600444322182178E+09   -0.921634107435527596E+02
    0.166663694614306024E+00    0.515611399153307559E+00    0.844170927398315907E+09   -0.921338528478340777E+02
    0.154089176170799841E+00    0.562783836639695778E+00    0.887599974949673176E+09   -0.919837015081596547E+02
    0.184835711275458170E+00    0.587551838714070129E+00    0.811245802423292756E+09   -0.919830739639917141E+02
    0.142253618507297674E+00    0.559041221692393009E+00    0.918390260362129927E+09   -0.919379241691220841E+02
    0.154103318163054503E+00    0.536037037179797338E+00    0.867904617146073818E+09   -0.919055203355760852E+02
    0.131909553703146609E+00    0.511935388927980739E+00    0.943489717521367550E+09   -0.918786667413858140E+02
    0.157240115072355635E+00    0.548753236108332487E+00    0.863921710404090643E+09   -0.918331095065537824E+02
    0.132457537986499840E+00    0.553593232204692143E+00    0.949287716318493962E+09   -0.916927882628672819E+02
    0.155985828699204354E+00    0.527327836546234607E+00    0.872619702223275304E+09   -0.916730871107324106E+02
    0.150426048362140019E+00    0.486866721508253164E+00    0.891228680675685406E+09   -0.915645362703472614E+02
    0.170746017984058307E+00    0.596400211423759430E+00    0.828346250181447387E+09   -0.914378157446488160E+02
    0.171054089911098078E+00    0.571876063268216939E+00    0.829357472206153631E+09   -0.913401237481063220E+02
    0.173649050845732178E+00    0.625623410009936265E+00    0.820176153445754051E+09   -0.912959638457852094E+02
    0.158677889110330705E+00    0.551055308809473843E+00    0.872685633539324999E+09   -0.912928975815682264E+02
    0.169623656443217807E+00    0.557528378103462785E+00    0.844402675201701641E+09   -0.912292791843306787E+02
    0.135619658030299739E+00    0.530020481386952014E+00    0.933841794056362867E+09   -0.911888846151108510E+02
    0.137221129378157947E+00    0.480590889087594064E+00    0.930608952925492644E+09   -0.911872819158274552E+02
    0.142117455806653192E+00    0.443188934149532088E+00    0.911533635109772444E+09   -0.911656609333676897E+02
    0.171344510011238821E+00    0.438056862339399444E+00    0.837077615176974893E+09   -0.911524658283179861E+02
    0.133594821613327752E+00    0.557417140225913599E+00    0.940911846980295539E+09   -0.911414915820141971E+02
    0.179566609274854072E+00    0.609647151399020260E+00    0.824190860946906686E+09   -0.910986141431929042E+02
    0.131512575021093397E+00    0.463499981135930383E+00    0.945517861394370198E+09   -0.910878756881909339E+02
    0.138687564672880070E+00    0.537313129089769248E+00    0.928524978050660729E+09   -0.910490374894609715E+02
    0.170735782122175217E+00    0.554641424682579043E+00    0.833527685491135120E+09   -0.909888841316302717E+02
    0.139178210989071932E+00    0.544517643979640198E+00    0.918462541903965950E+09   -0.909547162913221570E+02
    0.173580700462990289E+00    0.436192337617724135E+00    0.824966637220616698E+09   -0.909432024230946183E+02
    0.195495958293381400E+00    0.613848207116372890E+00    0.784678866674652934E+09   -0.908687944790239044E+02
    0.145300805230541674E+00    0.455457346209357183E+00    0.909002344852367282E+09   -0.908282250788345067E+02
    0.165944832026406447E+00    0.490149718942765489E+00    0.850947172443999052E+09   -0.908139455466831720E+02
    0.179403751164333769E+00    0.627213572637753458E+00    0.810116245075537801E+09   -0.908110372553047114E+02
    0.178718890310031464E+00    0.482376912626708787E+00    0.814999552129894972E+09   -0.907024034126505683E+02
    0.189254397190541324E+00    0.461818118856001547E+00    0.794591346531706095E+09   -0.906911918489531388E+02
    0.164726566910140926E+00    0.497424808115310313E+00    0.858171539462865829E+09   -0.906856436723240620E+02
    0.135483200755649957E+00    0.460069461628691556E+00    0.932253956721844792E+09   -0.906750007959972777E+02
    0.168223900307836960E+00    0.587571591193917442E+00    0.835979578877494454E+09   -0.906634669431376494E+02
    0.191413295655952942E+00    0.470059934035390370E+00    0.794057649897004485E+09   -0.906424532367622646E+02
    0.136551649951014431E+00    0.454219464401218076E+00    0.927540762568163395E+09   -0.906267184884627000E+02
    0.172952507231809577E+00    0.587407615800197291E+00    0.832593541817096949E+09   -0.906250694000451773E+02
    0.150277433216077561E+00    0.542063088829898732E+00    0.884582897580690980E+09   -0.905229876908339008E+02
    0.194335371296113890E+00    0.610819387302649730E+00    0.783695825208197594E+09   -0.904630580405755893E+02
    0.139790467982924965E+00    0.548728419983991245E+00    0.920634366926733494E+09   -0.904368991851839041E+02
    0.176178110110652764E+00    0.453343305665857343E+00    0.822426828334094167E+09   -0.903521915358590206E+02
    0.152256059753430484E+00    0.547915592494570447E+00    0.893715342920187354E+09   -0.903367458239618628E+02
    0.184065734590770969E+00    0.562530176014266914E+00    0.800670926906120777E+09   -0.903040258281889407E+02
    0.158265583759715806E+00    0.542807327554132968E+00    0.873624681220264316E+09   -0.902497897008667280E+02
    0.167376955131557037E+00    0.546145796422973007E+00    0.841185134934736371E+09   -0.902489115919899803E+02
    0.167500559808399063E+00    0.515526967888760623E+00    0.836412629141615748E+09   -0.902481614560783072E+02
    0.178424363234043593E+00    0.611378596666083851E+00    0.824212875744578004E+09   -0.902242447571148318E+02
    0.171165484821556135E+00    0.525295523708983580E+00    0.836196933606057763E+09   -0.901643809604686055E+02
    0.209236988242537225E+00    0.507171161371374524E+00    0.753237354676186323E+09   -0.900938186919677406E+02
    0.170147944188897809E+00    0.569140467122068117E+00    0.832955125456565380E+09   -0.900907459160189887E+02
    0.174923574106968627E+00    0.520494499731237070E+00    0.822128111490884542E+09   -0.900762961586638369E+02
    0.192656378049464894E+00    0.618687776266760636E+00    0.782496796041433454E+09   -0.900750970192311513E+02
    0.166716031324590119E+00    0.573338474773754214E+00    0.850109290408947945E+09   -0.900669997335331090E+02
    0.182367244663351802E+00    0.563572177787310835E+00    0.805017994037334919E+09   -0.900648688415701031E+02
    0.162402845673942586E+00    0.578096177312634296E+00    0.867167563557737827E+09   -0.900637860627905980E+02
    0.159994333810446393E+00    0.535258879115472652E+00    0.868158078292231321E+09   -0.900529960806392324E+02
    0.151152411036704043E+00    0.504255249888895918E+00    0.887155461432265520E+09   -0.900390182020145460E+02
    0.160849319696615700E+00    0.522388107167699900E+00    0.853287122966769099E+09   -0.900220268176198459E+02
    0.139913700848462663E+00    0.449811654993219179E+00    0.918819318294774771E+09   -0.900077138002375250E+02
    0.174389146945806178E+00    0.539955348662575219E+00    0.823290196914555788E+09   -0.899854989529471823E+02
    0.139870377908020316E+00    0.485533079762427988E+00    0.922261247898788929E+09   -0.899320222151498569E+02
    0.172045429689525020E+00    0.498434241169679382E+00    0.824277157291518450E+09   -0.899224341560916827E+02
    0.159984547978779201E+00    0.519928188879939412E+00    0.859665942971950531E+09   -0.898090329411668620E+02
    0.160049540923139499E+00    0.581716791803025046E+00    0.869749576621003628E+09   -0.897495440428625386E+02
    0.179729292545918518E+00    0.566510522177329889E+00    0.814501211489977837E+09   -0.897453542687456434E+02
    0.179161524736627276E+00    0.586545767145237207E+00    0.809362186968191624E+09   -0.897229597797755787E+02
    0.186882859503048726E+00    0.551367461231439648E+00    0.797539925847829223E+09   -0.896874421359812715E+02
    0.179464396909417068E+00    0.473523492443518990E+00    0.816561119497297883E+09   -0.896118130853947150E+02
    0.175770965312216532E+00    0.591506684889587575E+00    0.821488313719176888E+09   -0.896054266880018417E+02
    0.212286796764509678E+00    0.499573275111851345E+00    0.756870646118522167E+09   -0.895852562753204609E+02
    0.186836254465652440E+00    0.573746761437625707E+00    0.804426174172463417E+09   -0.895566428270800401E+02
    0.186836254465652440E+00    0.573746761437625707E+00    0.804426174172463417E+09   -0.895566428270800401E+02
    0.144621623794668863E+00    0.514490821379929741E+00    0.910340233413914919E+09   -0.895052443780196256E+02
    0.169313837759564212E+00    0.508744801877904607E+00    0.838445800464281797E+09   -0.894202502643543085E+02
    0.173656367298870296E+00    0.593941095372276351E+00    0.826540627664963007E+09   -0.894008540776491287E+02
    0.195862989172227220E+00    0.621781515399613127E+00    0.781491933509464622E+09   -0.893914679633295037E+02
    0.162012624205421563E+00    0.492109342609330369E+00    0.859217521637538671E+09   -0.893692884027497598E+02
    0.143053725136042698E+00    0.481810437430469918E+00    0.912989688947506309E+09   -0.893647936143459276E+02
    0.143053725136042698E+00    0.481810437430469918E+00    0.912989688947506309E+09   -0.893647936143459276E+02
    0.158162590418255700E+00    0.517518390542470286E+00    0.865376166000685930E+09   -0.893504018412213270E+02
    0.158162590418255700E+00    0.517518390542470286E+00    0.865376166000685930E+09   -0.893504018412213270E+02
    0.171244781281739394E+00    0.442164891492598855E+00    0.827371319406129718E+09   -0.893083958654269452E+02
    0.171244781281739394E+00    0.442164891492598855E+00    0.827371319406129718E+09   -0.893083958654269452E+02
    0.196598378959178366E+00    0.614290138016386322E+00    0.779149140423838496E+09   -0.893022491700568395E+02
    0.179703315803925789E+00    0.620576597759225024E+00    0.811029624578463197E+09   -0.892864253586940322E+02
    0.156249150724704577E+00    0.565104027552518318E+00    0.875981991615632653E+09   -0.892826560726043255E+02
    0.156249150724704577E+00    0.565104027552518318E+00    0.875981991615632653E+09   -0.892826560726043255E+02
    0.161735773265507587E+00    0.555995295415097956E+00    0.852080811429362059E+09   -0.892745209555963015E+02
    0.170188556182625350E+00    0.511667039053163464E+00    0.832893852088908911E+09   -0.892694799179179768E+02
    0.191186143956956933E+00    0.463790823326133861E+00    0.790221248127263188E+09   -0.892337703245767955E+02
    0.175660625041075824E+00    0.524321787168133824E+00    0.825805923024115443E+09   -0.892188382009100991E+02
    0.175660625041075824E+00    0.524321787168133824E+00    0.825805923024115443E+09   -0.892188382009100991E+02
    0.157450922530902870E+00    0.477300606158493679E+00    0.872238131464120030E+09   -0.892069903448024490E+02
    0.162437620921399489E+00    0.473058228241182377E+00    0.853255647273273706E+09   -0.891834531978985297E+02
    0.179182748985890761E+00    0.474415595122138711E+00    0.815952094786258936E+09   -0.891771567552881095E+02
    0.179182748985890761E+00    0.474415595122138711E+00    0.815952094786258936E+09   -0.891771567552881095E+02
    0.186608447493333995E+00    0.564462770313840068E+00    0.793468073440719962E+09   -0.891599450524610404E+02
    0.170153660866271761E+00    0.439882372642285802E+00    0.830742079058800578E+09   -0.891450272364482288E+02
    0.174913158007014902E+00    0.562935758942495923E+00    0.823274988212514758E+09   -0.891402130077319867E+02
    0.174913158007014902E+00    0.562935758942495923E+00    0.823274988212514758E+09   -0.891402130077319867E+02
    0.167359606830636332E+00    0.529721767628286599E+00    0.843141845465574980E+09   -0.891213040514803652E+02
    0.159766998184404485E+00    0.492797159908700877E+00    0.865463878423648477E+09   -0.891035386876248765E+02
    0.148372929082826455E+00    0.442703615898105696E+00    0.894605475660038710E+09   -0.890808438856798830E+02
    0.153383148427664984E+00    0.421085215975535831E+00    0.883803406104725122E+09   -0.890674997657704068E+02
    0.161486591571337268E+00    0.522476227134191618E+00    0.856772685287822008E+09   -0.890478081543272424E+02
    0.173998304954378902E+00    0.496332797147049476E+00    0.821624978563963890E+09   -0.890362960820003480E+02
    0.166031381583944038E+00    0.521426619330565444E+00    0.850091344700875163E+09   -0.890237098967587741E+02
    0.166031381583944038E+00    0.521426619330565444E+00    0.850091344700875163E+09   -0.890237098967587741E+02
    0.186704692536150463E+00    0.468740869897887436E+00    0.797224494252027154E+09   -0.890138052215953337E+02
    0.164103638175045197E+00    0.556510307178093910E+00    0.848015498830695271E+09   -0.890116645671957514E+02
    0.164103638175045197E+00    0.556510307178093910E+00    0.848015498830695271E+09   -0.890116645671957514E+02
    0.150721351889902738E+00    0.566391715167082310E+00    0.888722282594508648E+09   -0.889993630361896209E+02
    0.158241364550609609E+00    0.582230094858724456E+00    0.871558323421052217E+09   -0.889935459610614430E+02
    0.158241364550609609E+00    0.582230094858724456E+00    0.871558323421052217E+09   -0.889935459610614430E+02
    0.152179034613874525E+00    0.537457470590858577E+00    0.883499995718952775E+09   -0.889857209096116719E+02
    0.174127759817447159E+00    0.602987264102774034E+00    0.825523374186076880E+09   -0.889782510279243866E+02
    0.175432230723748028E+00    0.519626932012702270E+00    0.825780747436326027E+09   -0.889684852276117653E+02
    0.156869719668167679E+00    0.557958142040916982E+00    0.872544653919726610E+09   -0.889399037324021151E+02
    0.146151153620603103E+00    0.540638324102138412E+00    0.901787547851547241E+09   -0.889318731460890604E+02
    0.177748202215029960E+00    0.599736452229794992E+00    0.824101570609792352E+09   -0.889317749849963093E+02
    0.177748202215029960E+00    0.599736452229794992E+00    0.824101570609792352E+09   -0.889317749849963093E+02
    0.184329516121629178E+00    0.573851553996362895E+00    0.807864831370634317E+09   -0.889177408619491416E+02
    0.164480565946393875E+00    0.525271679587969942E+00    0.848926249900154352E+09   -0.889128168384654316E+02
    0.157306011266857448E+00    0.478643207688753236E+00    0.869938946468360901E+09   -0.889070520888011515E+02
    0.192336485295469817E+00    0.569581352473335301E+00    0.784749967141738653E+09   -0.889040453334861951E+02
    0.161081967017496969E+00    0.565065748006656321E+00    0.860144171539212942E+09   -0.888993532038871166E+02
    0.166688229383880893E+00    0.587750703132826402E+00    0.855682054786048174E+09   -0.888913660207626890E+02
    0.159423376242711856E+00    0.488527347020193403E+00    0.867021931042839289E+09   -0.888832362941065526E+02
    0.159423376242711856E+00    0.488527347020193403E+00    0.867021931042839289E+09   -0.888832362941065526E+02
    0.159407568299941294E+00    0.563094495736446987E+00    0.859727869160302639E+09   -0.888432358215474096E+02
    0.159407568299941294E+00    0.563094495736446987E+00    0.859727869160302639E+09   -0.888432358215474096E+02
    0.165624465652255470E+00    0.525172654192584076E+00    0.847492132162341595E+09   -0.888431841760959742E+02
    0.159972525226345363E+00    0.530912703008816322E+00    0.863756641647006512E+09   -0.888228229728085239E+02
    0.159972525226345363E+00    0.530912703008816322E+00    0.863756641647006512E+09   -0.888228229728085239E+02
    0.158305590278631031E+00    0.538629201189968043E+00    0.868847409285425425E+09   -0.888199992477390481E+02
    0.158305590278631031E+00    0.538629201189968043E+00    0.868847409285425425E+09   -0.888199992477390481E+02
    0.172580869994280434E+00    0.526308214304215483E+00    0.831780045036144376E+09   -0.887544302047072478E+02
    0.169269095187860652E+00    0.532782468749303462E+00    0.843101086231759191E+09   -0.887532144437260513E+02
    0.173338521034381021E+00    0.534762164128713025E+00    0.827608431238520861E+09   -0.887532131957236459E+02
    0.169144695595412009E+00    0.587025593722218630E+00    0.842379571420778036E+09   -0.887435509141070042E+02
    0.169144695595412009E+00    0.587025593722218630E+00    0.842379571420778036E+09   -0.887435509141070042E+02
    0.160506350197111347E+00    0.568984510785778497E+00    0.858986599547278285E+09   -0.887424574626906093E+02
    0.160506350197111347E+00    0.568984510785778497E+00    0.858986599547278285E+09   -0.887424574626906093E+02
    0.170732734165026045E+00    0.569396470425839851E+00    0.836197008553011537E+09   -0.887209238103575899E+02
    0.151025135463563109E+00    0.538384833780279237E+00    0.889244361529131770E+09   -0.887192335857600654E+02
    0.151025135463563109E+00    0.538384833780279237E+00    0.889244361529131770E+09   -0.887192335857600654E+02
    0.161780574777427771E+00    0.519937821533162037E+00    0.856693603635633230E+09   -0.887183340808033734E+02
    0.161780574777427771E+00    0.519937821533162037E+00    0.856693603635633230E+09   -0.887183340808033734E+02
    0.151975016517964245E+00    0.567469341416508399E+00    0.887809338034988165E+09   -0.886977161365996380E+02
    0.151975016517964245E+00    0.567469341416508399E+00    0.887809338034988165E+09   -0.886977161365996380E+02
    0.158196046568833515E+00    0.580515183547667846E+00    0.870921600903498292E+09   -0.886847811083298723E+02
    0.157258547351704442E+00    0.508536454004923755E+00    0.870582247534994841E+09   -0.886730135974073619E+02
    0.157258547351704442E+00    0.508536454004923755E+00    0.870582247534994841E+09   -0.886730135974073619E+02
    0.155472616634068028E+00    0.566850815267013530E+00    0.877536049147719145E+09   -0.886721225275167342E+02
    0.155472616634068028E+00    0.566850815267013530E+00    0.877536049147719145E+09   -0.886721225275167342E+02
    0.176649108213108585E+00    0.576901660725891219E+00    0.820535872668125629E+09   -0.886659970677324765E+02
    0.176649108213108585E+00    0.576901660725891219E+00    0.820535872668125629E+09   -0.886659970677324765E+02
    0.177296180175455564E+00    0.506658726414332961E+00    0.819106566305475593E+09   -0.886438044277412871E+02
    0.174608744021115037E+00    0.510258058198640896E+00    0.820555245980538964E+09   -0.886169784232703819E+02
    0.174608744021115037E+00    0.510258058198640896E+00    0.820555245980538964E+09   -0.886169784232703819E+02
    0.159140145180165671E+00    0.592237947979333157E+00    0.868277083486535430E+09   -0.886069319933052100E+02
    0.159140145180165671E+00    0.592237947979333157E+00    0.868277083486535430E+09   -0.886069319933052100E+02
    0.172476068908536118E+00    0.588446349179843509E+00    0.834060607970252037E+09   -0.886033028789856729E+02
    0.194651392066489515E+00    0.592429869370729278E+00    0.782838142871387243E+09   -0.885730549280856962E+02
    0.194651392066489515E+00    0.592429869370729278E+00    0.782838142871387243E+09   -0.885730549280856962E+02
    0.170760453423861480E+00    0.522419536576466115E+00    0.834129163379928350E+09   -0.885694260179385964E+02
    0.151770340155487571E+00    0.542824314441842759E+00    0.887001982503642559E+09   -0.885691071486022281E+02
    0.151770340155487571E+00    0.542824314441842759E+00    0.887001982503642559E+09   -0.885691071486022281E+02
    0.148743945988048520E+00    0.539089807018765299E+00    0.896990003656534910E+09   -0.885619551728212002E+02
    0.148743945988048520E+00    0.539089807018765299E+00    0.896990003656534910E+09   -0.885619551728212002E+02
    0.162605309628134131E+00    0.525589499459528042E+00    0.861139098721530557E+09   -0.885614117178773910E+02
    0.184354165962612115E+00    0.584619270515457146E+00    0.804320297260355592E+09   -0.885588524243832040E+02
    0.184354165962612115E+00    0.584619270515457146E+00    0.804320297260355592E+09   -0.885588524243832040E+02
    0.147604869602404820E+00    0.458095128983341482E+00    0.898952242105047941E+09   -0.885459955190901837E+02
    0.159064653085268487E+00    0.572857037476776298E+00    0.870480662125586629E+09   -0.885363563300165026E+02
    0.192507953227080031E+00    0.454010257475637502E+00    0.790197242085758924E+09   -0.885327116006378958E+02
    0.192507953227080031E+00    0.454010257475637502E+00    0.790197242085758924E+09   -0.885327116006378958E+02
    0.155916124138778978E+00    0.475608915041680902E+00    0.870963833739001393E+09   -0.885247973714378844E+02
    0.170794732648555103E+00    0.571682212209861262E+00    0.841076151607172608E+09   -0.885211901557812553E+02
    0.174929249665298270E+00    0.557449891743402759E+00    0.827032973982503533E+09   -0.885104033183655190E+02
    0.158722631826034577E+00    0.511097295258721829E+00    0.864417419891874194E+09   -0.884826178321147410E+02
    0.158722631826034577E+00    0.511097295258721829E+00    0.864417419891874194E+09   -0.884826178321147410E+02
    0.209315684358350906E+00    0.478437181656474309E+00    0.756072116752617121E+09   -0.884774585126161526E+02
    0.157560336683552127E+00    0.491779928843673275E+00    0.869180084702455878E+09   -0.884721268969548760E+02
    0.157560336683552127E+00    0.491779928843673275E+00    0.869180084702455878E+09   -0.884721268969548760E+02
    0.162279333361625366E+00    0.573938303016738871E+00    0.852978150499355793E+09   -0.884695701343811152E+02
    0.162279333361625366E+00    0.573938303016738871E+00    0.852978150499355793E+09   -0.884695701343811152E+02
    0.170362129691152775E+00    0.504578102480870427E+00    0.831639464369046807E+09   -0.884680917773537772E+02
    0.168566812824845980E+00    0.534576674288691933E+00    0.848641318768388391E+09   -0.884661268988503195E+02
    0.162781880500999787E+00    0.530624293434216909E+00    0.858648620533249617E+09   -0.884488045489189716E+02
    0.154174150297054585E+00    0.566884769985014358E+00    0.883066297689859986E+09   -0.884432464924946657E+02
    0.154174150297054585E+00    0.566884769985014358E+00    0.883066297689859986E+09   -0.884432464924946657E+02
    0.178092242236199905E+00    0.527962477747363934E+00    0.829775480721685290E+09   -0.884334912246944072E+02
    0.178092242236199905E+00    0.527962477747363934E+00    0.829775480721685290E+09   -0.884334912246944072E+02
    0.154502114125365408E+00    0.559677238561715029E+00    0.883631703896827698E+09   -0.884290521375796743E+02
    0.203461681601471711E+00    0.511299176097679720E+00    0.769509361006708741E+09   -0.884256314336213620E+02
    0.203461681601471711E+00    0.511299176097679720E+00    0.769509361006708741E+09   -0.884256314336213620E+02
    0.152457765760856151E+00    0.554206021580496255E+00    0.885574171436102152E+09   -0.884212185187869721E+02
    0.175853729915094570E+00    0.512853047695941200E+00    0.819646494943949699E+09   -0.884151288153984609E+02
    0.175853729915094570E+00    0.512853047695941200E+00    0.819646494943949699E+09   -0.884151288153984609E+02
    0.153344866065339758E+00    0.547286239281755016E+00    0.884989393159868598E+09   -0.884086878651537518E+02
    0.168987947895085477E+00    0.596685854588422160E+00    0.841434741318114758E+09   -0.884064615142352466E+02
    0.185077278335044004E+00    0.542336912381509606E+00    0.805208829619473100E+09   -0.883987029577550771E+02
    0.150745844390531764E+00    0.558725242657963861E+00    0.886913163500617146E+09   -0.883984350890439998E+02
    0.150745844390531764E+00    0.558725242657963861E+00    0.886913163500617146E+09   -0.883984350890439998E+02
    0.169653826450003847E+00    0.525563659585060350E+00    0.833468526226249576E+09   -0.883666913445070747E+02
    0.169653826450003847E+00    0.525563659585060350E+00    0.833468526226249576E+09   -0.883666913445070747E+02
    0.168098374866418931E+00    0.518858393377264804E+00    0.839461821803268194E+09   -0.883612331311972525E+02
    0.157852781673249121E+00    0.501005177085405151E+00    0.866453786880601883E+09   -0.883609979002412445E+02
    0.156201963124572296E+00    0.486348746904656792E+00    0.869742404585781574E+09   -0.883447217866170149E+02
    0.172146072731341027E+00    0.543871689821799009E+00    0.835792361997932673E+09   -0.883339030508701200E+02
    0.170322582285835633E+00    0.598765946287292294E+00    0.835681314472934723E+09   -0.883249249024411540E+02
    0.170322582285835633E+00    0.598765946287292294E+00    0.835681314472934723E+09   -0.883249249024411540E+02
    0.162506204665315401E+00    0.558000565424276118E+00    0.859006898815515876E+09   -0.883117963695689809E+02
    0.172759538059937739E+00    0.627712663266917659E+00    0.829528264359207869E+09   -0.882877786445242805E+02
    0.172759538059937739E+00    0.627712663266917659E+00    0.829528264359207869E+09   -0.882877786445242805E+02
    0.179624131477343130E+00    0.590374308438004647E+00    0.817696220268915057E+09   -0.882764490658571503E+02
    0.164543244975264014E+00    0.521301242498925177E+00    0.848681522019589901E+09   -0.882744922118237128E+02
    0.173510634570237465E+00    0.603848873211932258E+00    0.829528442754003048E+09   -0.882693068353541150E+02
    0.181324154038705998E+00    0.592295549094137286E+00    0.811792661410613179E+09   -0.882580800274984512E+02
    0.181324154038705998E+00    0.592295549094137286E+00    0.811792661410613179E+09   -0.882580800274984512E+02
    0.168094956215709496E+00    0.567365634249185291E+00    0.840267299551269650E+09   -0.882400965651525553E+02
    0.168094956215709496E+00    0.567365634249185291E+00    0.840267299551269650E+09   -0.882400965651525553E+02
    0.157458954385774591E+00    0.539301087430686721E+00    0.872447114799579382E+09   -0.882310504129991102E+02
    0.167917352314010920E+00    0.543819956869933563E+00    0.852456753864351988E+09   -0.882213679107367739E+02
    0.168067238476144631E+00    0.615644226278780238E+00    0.843303160910684228E+09   -0.882203126617951057E+02
    0.181098940942302167E+00    0.569817664912715571E+00    0.814719568070616484E+09   -0.882190281370646261E+02
    0.171420872044490941E+00    0.531035473840368866E+00    0.838180626577894926E+09   -0.882099289039154257E+02
    0.171420872044490941E+00    0.531035473840368866E+00    0.838180626577894926E+09   -0.882099289039154257E+02
    0.182611116008261021E+00    0.570385677771628963E+00    0.810590698349533081E+09   -0.881928703457213317E+02
    0.164800232464228147E+00    0.533493333554506677E+00    0.851495236286463380E+09   -0.881898391572094624E+02
    0.176519829008102480E+00    0.586454222858920460E+00    0.823986927000357270E+09   -0.881885770362098924E+02
    0.172682788505552021E+00    0.545423580176692013E+00    0.829977436864529014E+09   -0.881823820295433052E+02
    0.164312235018873709E+00    0.566224342291036464E+00    0.851560041146318913E+09   -0.881785206154762307E+02
    0.164312235018873709E+00    0.566224342291036464E+00    0.851560041146318913E+09   -0.881785206154762307E+02
    0.170377488189227017E+00    0.569125010356275496E+00    0.841909928266785860E+09   -0.881684021794482504E+02
    0.174513360211644653E+00    0.561677794695448540E+00    0.825441665377772570E+09   -0.881595568739438420E+02
    0.162827984466766079E+00    0.560563759794021621E+00    0.854642979217339516E+09   -0.881422883006431164E+02
    0.183774074270424248E+00    0.604833360767676353E+00    0.804410856828425527E+09   -0.881418193122464118E+02
    0.183774074270424248E+00    0.604833360767676353E+00    0.804410856828425527E+09   -0.881418193122464118E+02
    0.168031771095154658E+00    0.543012379104874654E+00    0.846776397257963181E+09   -0.881374583903811981E+02
    0.168031771095154658E+00    0.543012379104874654E+00    0.846776397257963181E+09   -0.881374583903811981E+02
    0.170998534126925172E+00    0.529416996677591456E+00    0.833446872985939264E+09   -0.881162223995004297E+02
    0.160937247635705799E+00    0.567967023177715191E+00    0.859965136024507046E+09   -0.881124126290509082E+02
    0.158201485939874875E+00    0.578704780539849750E+00    0.865563484146036983E+09   -0.880797252341708798E+02
    0.160961510988763767E+00    0.524225242041090667E+00    0.858480602323563099E+09   -0.880754188254429948E+02
    0.165991134690615966E+00    0.564939550812015412E+00    0.853843730653081298E+09   -0.880743643032743933E+02
    0.169912029048984059E+00    0.597084552872486185E+00    0.838066337680391431E+09   -0.880629084324076103E+02
    0.163853754569438625E+00    0.538277133702225186E+00    0.853269961751053095E+09   -0.880410580493772414E+02
    0.174425945456908149E+00    0.566704761767894638E+00    0.827905197499828696E+09   -0.880400542373261032E+02
    0.174425945456908149E+00    0.566704761767894638E+00    0.827905197499828696E+09   -0.880400542373261032E+02
    0.156850504892336012E+00    0.581938371133258414E+00    0.873474451094515443E+09   -0.880400408658496190E+02
    0.163462341760786778E+00    0.593035015502042739E+00    0.856746483952235937E+09   -0.880373395486568313E+02
    0.184940492951096991E+00    0.588649340875321059E+00    0.805999302156886101E+09   -0.880366775689474395E+02
    0.182876034756614736E+00    0.549695570095893871E+00    0.811276568010057449E+09   -0.880339892397001620E+02
    0.187276569532401516E+00    0.560349914046403441E+00    0.799424585779393911E+09   -0.880332683728875196E+02
    0.178643936143950910E+00    0.584043802563611436E+00    0.819426983706209421E+09   -0.880077315243562026E+02
    0.178643936143950910E+00    0.584043802563611436E+00    0.819426983706209421E+09   -0.880077315243562026E+02
    0.169863774251524241E+00    0.571132732150429590E+00    0.838273944438522458E+09   -0.880049138359955663E+02
    0.174654468690969511E+00    0.513152498867448514E+00    0.825852015447335243E+09   -0.879984609896325196E+02
    0.157608667501249244E+00    0.570861675336725938E+00    0.869948494879316092E+09   -0.879894497162350149E+02
    0.157608667501249244E+00    0.570861675336725938E+00    0.869948494879316092E+09   -0.879894497162350149E+02
    0.169686176193215688E+00    0.536592521544109857E+00    0.837406616658680558E+09   -0.879861603087708204E+02
    0.173557324191745133E+00    0.545242244414652077E+00    0.834685736811614990E+09   -0.879772263856127665E+02
    0.168279623055766714E+00    0.530349270179797827E+00    0.840647402262534261E+09   -0.879399604729841968E+02
    0.155342172673704038E+00    0.461239782859333758E+00    0.873900662011800051E+09   -0.879321560694158109E+02
    0.173316300982338078E+00    0.541794413984423073E+00    0.827637548711598516E+09   -0.879292085367100071E+02
    0.160705087813716174E+00    0.552449400519407163E+00    0.859336968252288342E+09   -0.879163363048041759E+02
    0.182268544755808781E+00    0.608539890840573250E+00    0.809679871439175129E+09   -0.879140166213343122E+02
    0.183284739620430737E+00    0.597287826597527882E+00    0.807898733148429036E+09   -0.878921729830013874E+02
    0.185348606790393333E+00    0.597347811527587425E+00    0.803683724420177460E+09   -0.878803952472308652E+02
    0.169575346861400050E+00    0.512216214926528579E+00    0.841350374278060436E+09   -0.878744121827699587E+02
    0.159018085262316117E+00    0.526599406339959941E+00    0.864138105302982807E+09   -0.878708837608339763E+02
    0.159018085262316117E+00    0.526599406339959941E+00    0.864138105302982807E+09   -0.878708837608339763E+02
    0.167506606103571903E+00    0.582616640423719190E+00    0.848374465034152269E+09   -0.878677715619667197E+02
    0.167506606103571903E+00    0.582616640423719190E+00    0.848374465034152269E+09   -0.878677715619667197E+02
    0.177228028755713474E+00    0.531458529870667107E+00    0.825919385458537221E+09   -0.878527004930495821E+02
    0.160767734674080759E+00    0.473481751164705145E+00    0.861513804476880789E+09   -0.878432844444753584E+02
    0.160767734674080759E+00    0.473481751164705145E+00    0.861513804476880789E+09   -0.878432844444753584E+02
    0.158647553340888869E+00    0.587886687156512266E+00    0.869695966394691944E+09   -0.878429334444379606E+02
    0.160192713527352953E+00    0.457655122501467559E+00    0.864839932107642770E+09   -0.878333191353858922E+02
    0.160192713527352953E+00    0.457655122501467559E+00    0.864839932107642770E+09   -0.878333191353858922E+02
    0.181303611234237161E+00    0.559068160641679412E+00    0.813010873961900353E+09   -0.878264261084419928E+02
    0.157714330512521483E+00    0.572818765911573990E+00    0.868798671035335898E+09   -0.878022699440109307E+02
    0.182447463381435415E+00    0.567691072524604934E+00    0.812229678657296896E+09   -0.877955325559637458E+02
    0.180481324075062677E+00    0.580752366793813479E+00    0.812655495580446839E+09   -0.877898847813749086E+02
    0.184163598633558689E+00    0.599388714822911339E+00    0.802920256599202633E+09   -0.877830131447018971E+02
    0.184163598633558689E+00    0.599388714822911339E+00    0.802920256599202633E+09   -0.877830131447018971E+02
    0.174832202542839432E+00    0.597508209368653453E+00    0.825384162402388692E+09   -0.877575650905774580E+02
    0.158437719604680893E+00    0.436539080610156560E+00    0.869388956311375856E+09   -0.877571018540255636E+02
    0.163387751807276355E+00    0.564397720142615356E+00    0.859569506726800799E+09   -0.877554688831139629E+02
    0.173526382558160108E+00    0.552009273962672964E+00    0.834990038559898734E+09   -0.877507725829423180E+02
    0.167506649483937148E+00    0.535902051445431127E+00    0.844126525554116249E+09   -0.877502535632385445E+02
    0.169927784115216474E+00    0.609953647635395058E+00    0.838757528462031245E+09   -0.877398349196252383E+02
    0.174153006499338403E+00    0.589490255580138012E+00    0.826104875457001448E+09   -0.877357156811675054E+02
    0.174153006499338403E+00    0.589490255580138012E+00    0.826104875457001448E+09   -0.877357156811675054E+02
    0.162371995279713799E+00    0.517336184013174716E+00    0.857290436092207670E+09   -0.877267060028745789E+02
    0.171983085889429954E+00    0.580671073978930252E+00    0.836516553706135988E+09   -0.877223476517534095E+02
    0.183376915378117178E+00    0.577845729525927609E+00    0.808762992319878340E+09   -0.876998735464969599E+02
    0.167275244683358471E+00    0.522191422198506672E+00    0.842194595216475129E+09   -0.876978033135822557E+02
    0.186495102149873249E+00    0.567610471289833995E+00    0.803911166203162551E+09   -0.876849133496517794E+02
    0.191602001212821726E+00    0.549528229554558934E+00    0.791899288917945981E+09   -0.876508409624683935E+02
    0.164604004350944799E+00    0.551891922688671599E+00    0.849092188435623050E+09   -0.876283033516362195E+02
    0.161826624217142140E+00    0.545811888517167887E+00    0.857736882873382211E+09   -0.876277911896866897E+02
    0.161826624217142140E+00    0.545811888517167887E+00    0.857736882873382211E+09   -0.876277911896866897E+02
    0.170721259443509410E+00    0.545862216833175040E+00    0.835241675568855643E+09   -0.876246467193399212E+02
    0.167952110786676878E+00    0.525901394322199067E+00    0.844978128470089316E+09   -0.876078729369277056E+02
    0.167952110786676878E+00    0.525901394322199067E+00    0.844978128470089316E+09   -0.876078729369277056E+02
    0.181329198937563552E+00    0.592535718152349844E+00    0.809559635279097915E+09   -0.876026631076876043E+02
    0.181329198937563552E+00    0.592535718152349844E+00    0.809559635279097915E+09   -0.876026631076876043E+02
    0.180932020750464218E+00    0.579153143494497868E+00    0.811054434772639751E+09   -0.875937079626181401E+02
    0.169628528057626904E+00    0.599008505708971128E+00    0.839834778233346462E+09   -0.875910383472274532E+02
    0.178924809750008962E+00    0.607436481124592476E+00    0.816993114856409311E+09   -0.875856319047669842E+02
    0.160469091833449623E+00    0.568091926111492285E+00    0.862293229395036697E+09   -0.875539281133229537E+02
    0.177207239557458318E+00    0.540253954596201069E+00    0.822416568753214478E+09   -0.875463635953145172E+02
    0.169073964324926829E+00    0.573194279234458648E+00    0.840081971647071719E+09   -0.875336166854041551E+02
    0.169161122395059399E+00    0.624508792506768273E+00    0.843184021062598228E+09   -0.875326446136139680E+02
    0.169061475067510486E+00    0.580153725553360644E+00    0.840674044339941144E+09   -0.875154568631072891E+02
    0.155669142744422395E+00    0.403155552871652390E+00    0.876143219573449850E+09   -0.874864379608448530E+02
    0.168469421177933648E+00    0.564804687116799542E+00    0.840245562921841264E+09   -0.874649338331036859E+02
    0.174952921364768088E+00    0.552985164813984298E+00    0.830147212875086308E+09   -0.874622262735855429E+02
    0.167583334871535983E+00    0.569261606080511129E+00    0.842405349776562452E+09   -0.874602819733730428E+02
    0.180173034299351720E+00    0.571825644230125718E+00    0.816639275900058627E+09   -0.874598266640323629E+02
    0.180173034299351720E+00    0.571825644230125718E+00    0.816639275900058627E+09   -0.874598266640323629E+02
    0.184483567716666685E+00    0.610491028688855408E+00    0.803300701920063257E+09   -0.874593196491004363E+02
    0.179460850478640854E+00    0.578513565219642700E+00    0.816013991623406410E+09   -0.874389636125515324E+02
    0.179460850478640854E+00    0.578513565219642700E+00    0.816013991623406410E+09   -0.874389636125515324E+02
    0.164999940649856736E+00    0.549949212259321030E+00    0.851748007660156608E+09   -0.874359648498796957E+02
    0.164999940649856736E+00    0.549949212259321030E+00    0.851748007660156608E+09   -0.874359648498796957E+02
    0.168481652794476605E+00    0.560512181002753351E+00    0.841491314388542056E+09   -0.874323207468855372E+02
    0.167469843630850046E+00    0.604014294714001920E+00    0.847919160320908427E+09   -0.874307321832222044E+02
    0.167469843630850046E+00    0.604014294714001920E+00    0.847919160320908427E+09   -0.874307321832222044E+02
    0.182020639407468932E+00    0.569984452970782485E+00    0.812321451862991929E+09   -0.874300265357498034E+02
    0.174171974775984117E+00    0.543825620382982322E+00    0.828608333508992672E+09   -0.874235179574643411E+02
    0.173161933345913899E+00    0.560040651941335454E+00    0.828154297337602496E+09   -0.874097951262789792E+02
    0.179332652775169077E+00    0.589518441620167977E+00    0.816663439864812374E+09   -0.874049433354606293E+02
    0.171481795059176462E+00    0.534936675078821366E+00    0.834151714185504675E+09   -0.873414722648013253E+02
    0.191507668539342368E+00    0.557518097067511320E+00    0.792324081787693739E+09   -0.873388199048132066E+02
    0.171127288437475850E+00    0.582436222290066752E+00    0.838896844914753437E+09   -0.873324030774022617E+02
    0.177508929014465688E+00    0.590056971516570883E+00    0.825861049265342712E+09   -0.873221137868709434E+02
    0.177508929014465688E+00    0.590056971516570883E+00    0.825861049265342712E+09   -0.873221137868709434E+02
    0.164563691503698262E+00    0.553050695241294576E+00    0.850196411245885611E+09   -0.873149548125366550E+02
    0.184171884241204287E+00    0.566040698027077127E+00    0.807219694218593836E+09   -0.873036738585720684E+02
    0.174022537704498270E+00    0.572087630231607136E+00    0.826716222945770860E+09   -0.872886853687555515E+02
    0.183832492446303175E+00    0.564710037228339345E+00    0.806795580357845187E+09   -0.872654555318936218E+02
    0.183832492446303175E+00    0.564710037228339345E+00    0.806795580357845187E+09   -0.872654555318936218E+02
    0.185371870881895384E+00    0.593823730956044571E+00    0.803971091361131787E+09   -0.872587584492755752E+02
    0.185371870881895384E+00    0.593823730956044571E+00    0.803971091361131787E+09   -0.872587584492755752E+02
    0.182045582863881505E+00    0.559815289655551496E+00    0.812735529637839079E+09   -0.872349289965400487E+02
    0.182045582863881505E+00    0.559815289655551496E+00    0.812735529637839079E+09   -0.872349289965400487E+02
    0.183822602090929987E+00    0.598455136115781272E+00    0.806601136829226017E+09   -0.872328312499686689E+02
    0.169241000993998220E+00    0.530883321783877093E+00    0.841458594151829362E+09   -0.872250849034489306E+02
    0.165355930199977907E+00    0.635161200021839178E+00    0.851183767007704973E+09   -0.872177437482403377E+02
    0.179602508187165111E+00    0.550837486845434654E+00    0.816637559164794683E+09   -0.872134464121853910E+02
    0.170830951299927231E+00    0.613873610420188953E+00    0.836858840691506028E+09   -0.872050661469551756E+02
    0.170830951299927231E+00    0.613873610420188953E+00    0.836858840691506028E+09   -0.872050661469551756E+02
    0.166249292500403489E+00    0.551566577421475301E+00    0.850167153966481209E+09   -0.872025891619812512E+02
    0.169546286889617592E+00    0.522309895646495548E+00    0.839607531324595571E+09   -0.871870041369729165E+02
    0.183357159652851098E+00    0.587852739182286754E+00    0.805300287212475061E+09   -0.871766417530941879E+02
    0.183357159652851098E+00    0.587852739182286754E+00    0.805300287212475061E+09   -0.871766417530941879E+02
    0.176343207399605795E+00    0.579287215857933191E+00    0.825204449626801848E+09   -0.871721421221917723E+02
    0.181092785299036607E+00    0.622473835682910703E+00    0.809534731919470906E+09   -0.871673565720020349E+02
    0.181092785299036607E+00    0.622473835682910703E+00    0.809534731919470906E+09   -0.871673565720020349E+02
    0.176240832465747121E+00    0.609570547920561978E+00    0.820859624321059704E+09   -0.871432528502344041E+02
    0.186657704756500842E+00    0.560746102623674858E+00    0.803404515543064833E+09   -0.871384548962894740E+02
    0.165466698126687045E+00    0.566679702833315702E+00    0.849174414429553986E+09   -0.871372093166673807E+02
    0.171900380697456667E+00    0.579495579540957095E+00    0.838231057454684615E+09   -0.871272748155503791E+02
    0.177180019246786169E+00    0.586533975852530531E+00    0.824934839102488637E+09   -0.871259881053224206E+02
    0.170467162208616352E+00    0.558106089701562169E+00    0.841955680282800317E+09   -0.871187667937458912E+02
    0.180059567889728822E+00    0.579823602159885709E+00    0.813835119394636035E+09   -0.871071865699378520E+02
    0.167213967635486349E+00    0.556626827901052224E+00    0.848111259033539653E+09   -0.871048206160761396E+02
    0.160566556677805367E+00    0.499316988994404909E+00    0.861690328481714249E+09   -0.870896213889578519E+02
    0.167928489971576778E+00    0.609240048755033570E+00    0.846262481885112882E+09   -0.870759306944607374E+02
    0.183075940079805488E+00    0.614656937730694963E+00    0.805381303092596531E+09   -0.870623519926757865E+02
    0.168646851523057278E+00    0.584428057740030482E+00    0.842339859209666729E+09   -0.870506142713696534E+02
    0.175356520381441117E+00    0.534854966829366063E+00    0.826695124165876508E+09   -0.870495805245931251E+02
    0.175356520381441117E+00    0.534854966829366063E+00    0.826695124165876508E+09   -0.870495805245931251E+02
    0.177730944992419482E+00    0.546912627618940661E+00    0.825451782911834121E+09   -0.870446641379766106E+02
    0.181776864642611446E+00    0.549664680935356031E+00    0.811502698041506410E+09   -0.870445522436045138E+02
    0.176325918667815440E+00    0.573714383011072471E+00    0.820665052029954672E+09   -0.870397183704657067E+02
    0.174371274247319297E+00    0.573548092548589850E+00    0.831974584087411880E+09   -0.870311773874590244E+02
    0.173007944160808058E+00    0.619706313516097396E+00    0.830053993719041944E+09   -0.870288751768777047E+02
    0.180282512884864410E+00    0.598897800953988479E+00    0.814049129073387146E+09   -0.870192558204906703E+02
    0.174463852590837853E+00    0.548254535871851800E+00    0.826303296333834410E+09   -0.870165482603913603E+02
    0.181514048347917178E+00    0.555153780998928426E+00    0.813020005616564751E+09   -0.870054306577954577E+02
    0.183295981207982128E+00    0.587733452864934947E+00    0.809025333158391833E+09   -0.869920167244379456E+02
    0.176534521499195185E+00    0.590016509901760244E+00    0.827265524004056931E+09   -0.869871601987127860E+02
    0.176534521499195185E+00    0.590016509901760244E+00    0.827265524004056931E+09   -0.869871601987127860E+02
    0.183603293123014599E+00    0.562390792758787228E+00    0.807906359871992588E+09   -0.869412211306694900E+02
    0.169972126411544910E+00    0.591269776938855074E+00    0.841519004229562640E+09   -0.869356557562155530E+02
    0.162601454911116577E+00    0.527671165858604851E+00    0.856083850089936376E+09   -0.869275873822040381E+02
    0.181874539621845299E+00    0.595099900528680337E+00    0.810210856550276399E+09   -0.869252893089951328E+02
    0.181694300571420886E+00    0.554302143085054766E+00    0.813771512244383812E+09   -0.869215233365765556E+02
    0.186181243004112373E+00    0.562491164607990868E+00    0.803050255844703555E+09   -0.869180001358649577E+02
    0.175362180061342576E+00    0.562651810852823786E+00    0.824678503629724860E+09   -0.869001405348973606E+02
    0.179685687358549340E+00    0.558655170750473218E+00    0.814163423355010867E+09   -0.868948695091942369E+02
    0.164516694698180199E+00    0.519546477579025279E+00    0.852979486798780680E+09   -0.868932668679918692E+02
    0.167888873226616775E+00    0.584429692001016576E+00    0.845126615443373919E+09   -0.868889819784955648E+02
    0.175008057534134509E+00    0.585131019882016545E+00    0.830570152371438146E+09   -0.868800228311632594E+02
    0.180071880334242151E+00    0.600369513334319649E+00    0.814609850921169281E+09   -0.868763582404874626E+02
    0.178844877363165400E+00    0.579064719109286585E+00    0.816447028718989611E+09   -0.868728370194612012E+02
    0.179291776713643658E+00    0.561290288905958334E+00    0.815808582251456738E+09   -0.868652910218241203E+02
    0.172611552127274304E+00    0.558093546743791080E+00    0.834870601209394455E+09   -0.868480618707345826E+02
    0.168138129297319361E+00    0.556811767204488106E+00    0.847254087228780985E+09   -0.868458746650036915E+02
    0.167630494956999776E+00    0.528915783971889653E+00    0.845510069670037031E+09   -0.868448458887939836E+02
    0.172206808991177907E+00    0.555150032008320693E+00    0.833894686435953975E+09   -0.868287325823134211E+02
    0.167977875639812479E+00    0.560739034917681067E+00    0.847353007514619112E+09   -0.868205904420885162E+02
    0.176479557782822039E+00    0.547065277968339814E+00    0.827141607966678858E+09   -0.868172421537785652E+02
    0.170833546494262134E+00    0.548257569947619317E+00    0.837787128458528280E+09   -0.868159190267106169E+02
    0.172473300393327034E+00    0.541058592519057413E+00    0.837309498349512339E+09   -0.868091119220950134E+02
    0.169575334065398597E+00    0.511707839651247554E+00    0.841664048884033203E+09   -0.868041744095114041E+02
    0.177861189923020024E+00    0.593488698087165645E+00    0.822803395265491724E+09   -0.867895364455486913E+02
    0.175213762010652307E+00    0.582119855841945366E+00    0.827136743177293658E+09   -0.867875902018841572E+02
    0.180458137021143550E+00    0.607800506631953397E+00    0.813782797169621825E+09   -0.867854233628420104E+02
    0.173187898247920358E+00    0.564080347550328653E+00    0.829613568522062182E+09   -0.867797739442008833E+02
    0.164245481515049196E+00    0.519223267493568841E+00    0.854524663671755075E+09   -0.867784690590997911E+02
    0.164245481515049196E+00    0.519223267493568841E+00    0.854524663671755075E+09   -0.867784690590997911E+02
    0.187001104663651607E+00    0.568006542203026044E+00    0.801002250226551175E+09   -0.867776143571750964E+02
    0.185988991295218453E+00    0.546250499927340982E+00    0.803168047539892316E+09   -0.867774043318773920E+02
    0.166731503821883731E+00    0.615092761822911172E+00    0.848677797353051662E+09   -0.867757632422372183E+02
    0.184541756160470305E+00    0.606487339533574144E+00    0.806339327356590271E+09   -0.867741126907937144E+02
    0.180121006500391256E+00    0.598230757447939965E+00    0.813583518850710511E+09   -0.867733109924767660E+02
    0.183723145445393254E+00    0.554919982699528802E+00    0.808726247064269900E+09   -0.867638553679878726E+02
    0.173443633003964204E+00    0.566610487268029317E+00    0.832104393058854103E+09   -0.867631087877885818E+02
    0.167927253182896308E+00    0.545544805693086943E+00    0.847975470715538263E+09   -0.867620465691762490E+02
    0.174000605344392711E+00    0.607260069677760583E+00    0.827388199293419123E+09   -0.867591072286419660E+02
    0.174000605344392711E+00    0.607260069677760583E+00    0.827388199293419123E+09   -0.867591072286419660E+02
    0.167923951573166308E+00    0.616818644874248534E+00    0.845206845802128673E+09   -0.867500410978393006E+02
    0.177754096666736194E+00    0.594314890748290026E+00    0.822504559311519265E+09   -0.867465451528356795E+02
    0.188911281856486091E+00    0.585329691802138896E+00    0.798118296606271863E+09   -0.867400091364990260E+02
    0.184324111827762704E+00    0.554731797669809623E+00    0.804936462195624113E+09   -0.867350691425777285E+02
    0.174928188638214882E+00    0.583258835590063640E+00    0.827366766489088416E+09   -0.867325777127047957E+02
    0.184250180039663147E+00    0.549779693413514181E+00    0.807438872447135091E+09   -0.867266136786094535E+02
    0.181751474932500212E+00    0.583271826603402488E+00    0.809088869842929602E+09   -0.867249605167402819E+02
    0.180092630739532522E+00    0.612508758153984090E+00    0.813724044079695821E+09   -0.867162050058423546E+02
    0.180092630739532522E+00    0.612508758153984090E+00    0.813724044079695821E+09   -0.867162050058423546E+02
    0.186258762714371584E+00    0.536033999778037895E+00    0.803082837907261252E+09   -0.867142699557039265E+02
    0.179541177519663475E+00    0.597655935153980522E+00    0.813296053239780903E+09   -0.867124503435580465E+02
    0.184936295012872232E+00    0.596386889505783557E+00    0.805717444806707382E+09   -0.867105900838142816E+02
    0.181193267365773181E+00    0.577724409700008934E+00    0.815587412702858329E+09   -0.867063472023914557E+02
    0.171467786128089189E+00    0.554956858492843708E+00    0.837449184440325856E+09   -0.866965561229724102E+02
    0.181654067659157537E+00    0.582430750704379108E+00    0.813350540689567089E+09   -0.866896547012063650E+02
    0.184670153728552389E+00    0.540112047858301025E+00    0.805401961221040368E+09   -0.866861728609663658E+02
    0.184493873678010567E+00    0.583893882718474089E+00    0.802781333663721919E+09   -0.866860268243518561E+02
    0.190301298989498435E+00    0.559664870630356859E+00    0.794566877970819354E+09   -0.866844598571377674E+02
    0.173105045938082874E+00    0.563919224034737709E+00    0.835826368702578783E+09   -0.866654080376357854E+02
    0.166456531076878800E+00    0.621265231913973537E+00    0.849271681485661268E+09   -0.866619369018997929E+02
    0.181226889034023952E+00    0.543891225297318925E+00    0.813894708007379293E+09   -0.866618868904239577E+02
    0.186448772300509713E+00    0.584825112139546022E+00    0.800319064426803231E+09   -0.866534665205227697E+02
    0.173384457089434951E+00    0.546028555608920385E+00    0.834083649421330929E+09   -0.866505639338355991E+02
    0.176268844464508967E+00    0.576630606027610071E+00    0.824028622509138584E+09   -0.866426001211499255E+02
    0.170570281429346243E+00    0.548816338350356148E+00    0.836711866096982956E+09   -0.866424383044127637E+02
    0.175221028973582715E+00    0.526626059734997654E+00    0.825826051188719034E+09   -0.866405646166464436E+02
    0.174531537321158697E+00    0.576267735167698802E+00    0.828991348805634379E+09   -0.866316468592077626E+02
    0.181524047380046738E+00    0.592907789109711203E+00    0.813413496708586335E+09   -0.866297464708596863E+02
    0.168392897038168399E+00    0.524101340716921271E+00    0.841924382952857256E+09   -0.866283850642508071E+02
    0.170470999623968555E+00    0.561135901049041763E+00    0.839733312623616815E+09   -0.866258390770240965E+02
    0.170930322295654857E+00    0.566019476937150046E+00    0.838996224477213025E+09   -0.866205791960913132E+02
    0.169644300671896564E+00    0.559798799323797169E+00    0.840497013526059628E+09   -0.866030275201174646E+02
    0.177743062495287485E+00    0.577348918273530742E+00    0.819160898168186188E+09   -0.865951713180304523E+02
    0.174363499014732276E+00    0.562276209382147840E+00    0.828416614403711796E+09   -0.865824977323439526E+02
    0.177570552075909827E+00    0.546063114121563942E+00    0.823930930802711487E+09   -0.865822709964923547E+02
    0.169641975223927877E+00    0.561534603732900095E+00    0.840288530745272160E+09   -0.865765380273067251E+02
    0.174698361126432972E+00    0.574022338645409747E+00    0.829196772662721515E+09   -0.865406092272773861E+02
    0.170592032378708680E+00    0.596036140366944522E+00    0.837629401851561189E+09   -0.865359747278995144E+02
    0.170517218197295428E+00    0.599423020659788364E+00    0.837632437801479578E+09   -0.865309139230695621E+02
    0.184483181303803645E+00    0.538932381535794036E+00    0.809191780393670797E+09   -0.865300858472893708E+02
    0.174576389299281237E+00    0.551191229512049574E+00    0.834094930182181478E+09   -0.865299720939872117E+02
    0.168564387917053138E+00    0.524628937885960767E+00    0.844235890851381183E+09   -0.865285999966794179E+02
    0.175047101796829196E+00    0.552415124227870535E+00    0.829978272295558691E+09   -0.865283803306771517E+02
    0.173090822743855260E+00    0.556487204677809544E+00    0.830968382538058162E+09   -0.865138033376115771E+02
    0.175278539046281323E+00    0.579655526885119343E+00    0.828234941436570168E+09   -0.864908153855710395E+02
    0.186775847969174014E+00    0.598260801473609050E+00    0.800657430237306356E+09   -0.864884323380169775E+02
    0.173892414005080931E+00    0.567202327281126628E+00    0.829173399888802052E+09   -0.864846259816538065E+02
    0.170842597642900884E+00    0.566513812250978077E+00    0.837291105927218199E+09   -0.864845618217093488E+02
    0.174624216645085095E+00    0.558471901389356873E+00    0.827825183189496994E+09   -0.864698688030966025E+02
    0.167858246651585524E+00    0.546342699915918217E+00    0.844150455174515367E+09   -0.864691836427432037E+02
    0.184189961209118513E+00    0.612729603393811217E+00    0.804072496765229940E+09   -0.864384518722329744E+02
    0.178120968210993269E+00    0.575936171631912686E+00    0.817961579123173237E+09   -0.864334453959382074E+02
    0.174442503222585588E+00    0.559771098549482815E+00    0.828009043337048531E+09   -0.864149264555599643E+02
    0.173962146473083390E+00    0.558500119889266955E+00    0.832344572612551093E+09   -0.864099623833955945E+02
    0.176019266377664574E+00    0.592038431866194870E+00    0.829172275373941422E+09   -0.864048855973435508E+02
    0.180913004118474496E+00    0.540417613876527980E+00    0.814202966826657414E+09   -0.863999664838109993E+02
    0.185632952399596596E+00    0.570409902080033504E+00    0.801381651113481879E+09   -0.863800849528176258E+02
    0.173141332763146139E+00    0.559416997740109778E+00    0.829455944138313055E+09   -0.863715483886594768E+02
    0.174754636865244534E+00    0.555979627495990059E+00    0.827834211008695006E+09   -0.863711649136426729E+02
    0.177341277986444723E+00    0.563029573252784132E+00    0.821946328462927222E+09   -0.863595043671474940E+02
    0.170368021894875210E+00    0.561921848819835645E+00    0.839729239480527878E+09   -0.863549437600084957E+02
    0.172960571010551512E+00    0.577303320041664847E+00    0.836576470645972013E+09   -0.863474629582327680E+02
    0.189296022348358073E+00    0.569336063923861602E+00    0.795331875170678616E+09   -0.863468299449528160E+02
    0.188131047584986499E+00    0.584518523038976667E+00    0.796573255050982594E+09   -0.863435906798615918E+02
    0.173710591257788483E+00    0.574004929927138363E+00    0.834933548011106133E+09   -0.863409626283261105E+02
    0.174711625843164270E+00    0.561569854839419236E+00    0.826146917157940388E+09   -0.863266654372427809E+02
    0.174627859835697730E+00    0.528196432157857387E+00    0.825667031864035606E+09   -0.863212370853034372E+02
    0.168967997005644910E+00    0.567489380718129155E+00    0.841546013101951957E+09   -0.863112702818814910E+02
    0.174342494844505924E+00    0.551525228557892433E+00    0.832626919835988402E+09   -0.863082970866081780E+02
    0.180048167259017844E+00    0.551957293426513118E+00    0.814288354310262203E+09   -0.862977741067067257E+02
    0.183394663858518936E+00    0.572336690983094698E+00    0.808419134061714768E+09   -0.862958240215765784E+02
    0.171275122603865626E+00    0.560420166144020016E+00    0.836510570858858347E+09   -0.862899587176885916E+02
    0.173233897350472676E+00    0.542203400935763469E+00    0.832830852408880949E+09   -0.862858432996351326E+02
    0.170273043566648685E+00    0.600015617316296712E+00    0.838331291804823279E+09   -0.862804359241139593E+02
    0.185089612170887152E+00    0.550627502694300830E+00    0.806721631726148844E+09   -0.862794736304783214E+02
    0.193727264383885656E+00    0.530542117766668042E+00    0.788435593190809965E+09   -0.862790384589022352E+02
    0.165592177497523918E+00    0.551263610273879934E+00    0.852683602081804037E+09   -0.862788538237895750E+02
    0.179579058476018905E+00    0.554192186751993887E+00    0.814856491303405046E+09   -0.862703039091394999E+02
    0.170646016380440635E+00    0.565031625330970400E+00    0.838050297725039005E+09   -0.862586770692526557E+02
    0.181792938092407708E+00    0.577870806919516866E+00    0.812510049067768335E+09   -0.862361224428305349E+02
    0.181343400490251661E+00    0.582831866804443877E+00    0.812545634258669376E+09   -0.862299515241281824E+02
    0.175333116601512795E+00    0.575341001633846716E+00    0.829639998988076925E+09   -0.862282376904868784E+02
    0.183297227891296599E+00    0.569513530640737287E+00    0.806899878892784119E+09   -0.862269278335402021E+02
    0.184407170466509673E+00    0.597598567399280967E+00    0.805985953081374288E+09   -0.862235497328911151E+02
    0.176402727922964464E+00    0.567932753542752522E+00    0.824669006674017668E+09   -0.862125738576982172E+02
    0.184650720456780326E+00    0.547347877748245892E+00    0.808983941178013206E+09   -0.862061265884448744E+02
    0.176213021157465843E+00    0.596240584150788067E+00    0.827475868452052474E+09   -0.862033274429714140E+02
    0.179442185545947874E+00    0.556664164864477229E+00    0.815559142695853233E+09   -0.861957254496868615E+02
    0.173884714942212082E+00    0.564016255333159577E+00    0.828622653079523563E+09   -0.861874979867282462E+02
    0.180227426258352807E+00    0.549627747254506360E+00    0.813724952524407387E+09   -0.861775516953965592E+02
    0.182234617236101015E+00    0.551680289671699242E+00    0.813532801260873318E+09   -0.861747551546984312E+02
    0.171221533921584901E+00    0.567939156733583417E+00    0.839369374117333770E+09   -0.861661927748465075E+02
    0.188509649382090083E+00    0.569828353973612423E+00    0.797219736845564246E+09   -0.861587998021209955E+02
    0.176607336561679762E+00    0.573125891585304359E+00    0.825106772327729344E+09   -0.861509160814057537E+02
    0.180011583338958780E+00    0.553466559315181073E+00    0.815831922124418139E+09   -0.861456433272148416E+02
    0.185000309437935939E+00    0.546716563405762912E+00    0.810061847081603646E+09   -0.861184369722869292E+02
    0.180548749882759541E+00    0.545956211947631331E+00    0.813843813003411293E+09   -0.861089245043688862E+02
    0.172115068527596865E+00    0.585549981059848790E+00    0.834973813628629446E+09   -0.860999582200794578E+02
    0.179116695955606420E+00    0.554297050465081043E+00    0.819117720562268019E+09   -0.860946621913182497E+02
    0.182707268157419278E+00    0.553737577016672589E+00    0.811846798302070975E+09   -0.860907884851597345E+02
    0.183969194314775542E+00    0.596644059816268779E+00    0.806770067615476370E+09   -0.860877149475751935E+02
    0.187158992829276172E+00    0.596305255283322566E+00    0.799531432068386793E+09   -0.860747278306850490E+02
    0.184299621221725052E+00    0.547487180014027075E+00    0.810518990935740709E+09   -0.860715621286898056E+02
    0.178839900431644439E+00    0.536353432008066733E+00    0.818375799155250192E+09   -0.860650541882691016E+02
    0.180735275355027536E+00    0.560652062324543010E+00    0.815302995477555752E+09   -0.860628032221146952E+02
    0.175532585504144634E+00    0.568038957908834519E+00    0.828091974523154378E+09   -0.860438413744310822E+02
    0.180248666279636538E+00    0.544004560175757490E+00    0.815976395996771693E+09   -0.860289561041521438E+02
    0.172592893626753119E+00    0.553347623424327750E+00    0.834671484443755746E+09   -0.860289439674075282E+02
    0.185432647325409983E+00    0.539186642043954834E+00    0.802500024810626149E+09   -0.859905180334029211E+02
    0.175199375711400485E+00    0.554391553035223694E+00    0.827307625932993531E+09   -0.859614265438321752E+02
    0.178385493347110680E+00    0.549155542312213640E+00    0.820684266290638208E+09   -0.855522551353617331E+02
    0.177451686853646817E+00    0.550793291443740785E+00    0.822271358020986915E+09   -0.855919500822160160E+02
    0.176484778615270954E+00    0.600192779857120939E+00    0.828022682216268301E+09   -0.859781217088438154E+02
    0.172018726459159166E+00    0.573441151233939905E+00    0.838144266333229065E+09   -0.857037944615517517E+02
    0.175648708981602786E+00    0.547203867335998240E+00    0.828426894849335194E+09   -0.857776533330943494E+02
    0.176258449070983536E+00    0.547832214691545971E+00    0.827341892050214648E+09   -0.852676796092202807E+02
    0.173707947166260090E+00    0.582549660053645724E+00    0.832795514719214916E+09   -0.858660147111637855E+02
    0.173393525247249214E+00    0.581168989111324308E+00    0.831540557343107343E+09   -0.858796176605630279E+02
    0.174022105442335040E+00    0.581479988851704377E+00    0.832315905771532297E+09   -0.856972709715017231E+02
    0.174114795925461696E+00    0.567660122710037740E+00    0.829309868069412589E+09   -0.858957164763414198E+02
    0.173550986824753173E+00    0.569932894875183393E+00    0.830709963070818305E+09   -0.858525366742594827E+02
    0.174014268355471874E+00    0.569328783605795863E+00    0.829326788614956737E+09   -0.858401040194098641E+02
    0.173469307900868092E+00    0.570018313263984666E+00    0.832110671243662477E+09   -0.857613216934602747E+02
    0.177617564211591195E+00    0.579888423134605091E+00    0.824373396266682029E+09   -0.851018520953439292E+02
    0.178068447019311238E+00    0.576740058149274759E+00    0.822894168009571433E+09   -0.853641304759441368E+02
    0.175320766267558548E+00    0.579207603433726348E+00    0.826678695003896952E+09   -0.859614950319282798E+02
    0.176768515963071471E+00    0.577181196409950914E+00    0.825607298961706638E+09   -0.855315107749602248E+02
    0.176150402517853799E+00    0.573539702019283837E+00    0.826101446995396495E+09   -0.858987043379428883E+02
    0.177984644508180745E+00    0.581873758167306576E+00    0.824513561709120989E+09   -0.854332779412048637E+02
    0.177510145299913824E+00    0.582150080827810612E+00    0.825373544509871840E+09   -0.852882721004519198E+02
    0.175812567527869335E+00    0.577590431839116292E+00    0.826318793427696466E+09   -0.854263623400260030E+02
    0.176638036337312399E+00    0.579759163436882830E+00    0.826370388152463436E+09   -0.858039505306212362E+02
    0.177740472124876869E+00    0.575825835135690411E+00    0.824887358850485206E+09   -0.852531644753933904E+02
    0.186761276000668941E+00    0.597977275037971268E+00    0.801404639903215647E+09   -0.857916548607848455E+02
    0.186852253988502692E+00    0.598379082127703299E+00    0.800259191456308126E+09   -0.855152151099378273E+02
    0.185114104293051807E+00    0.609778892380582249E+00    0.804615392541771293E+09   -0.859358619797395420E+02
    0.186822541908397421E+00    0.597756115407996447E+00    0.802019082124046445E+09   -0.859150400538095482E+02
    0.187456251285725628E+00    0.584218937343006672E+00    0.799419641925316334E+09   -0.858902870021488241E+02
    0.186163690803931914E+00    0.593953073996919656E+00    0.802987630714815974E+09   -0.855774827816520656E+02
    0.187214722373897635E+00    0.580003993057028211E+00    0.799299665041593194E+09   -0.856409938482721174E+02
    0.183647692318573252E+00    0.575399291103028787E+00    0.808231403143266201E+09   -0.856076783426360777E+02
    0.181492297407247372E+00    0.582347032101459661E+00    0.812384497829945326E+09   -0.855711702830716376E+02
    0.183676674947682084E+00    0.574189111404049157E+00    0.807888917820930004E+09   -0.857082229854742650E+02
    0.181941147158048100E+00    0.578136890633100364E+00    0.811310844833819151E+09   -0.858002853648013257E+02
    0.183192555907927768E+00    0.576095586078018584E+00    0.807527884795829415E+09   -0.857210726450659593E+02
    0.186802373679514300E+00    0.567259449317544906E+00    0.802332290537580132E+09   -0.848033526340233408E+02
    0.186802373679514300E+00    0.567259449317544906E+00    0.802332290537580132E+09   -0.848033526340233408E+02
    0.181246674952087683E+00    0.549080502639373691E+00    0.813813220886505008E+09   -0.853958972944754038E+02
    0.180475743902491992E+00    0.544710397293355797E+00    0.816412716929658651E+09   -0.855825356202627034E+02
    0.180357707695858904E+00    0.543678007482583325E+00    0.815698969126972675E+09   -0.857517594558246543E+02
    0.181537909732609415E+00    0.549521341878104863E+00    0.814525330391450167E+09   -0.854581717372634273E+02
    0.179698698949625590E+00    0.538995281756506017E+00    0.816290327574578762E+09   -0.858698525499111156E+02
    0.181852313000867516E+00    0.556159721944986529E+00    0.813297382119452000E+09   -0.851315738238144633E+02
    0.181852313000867516E+00    0.556159721944986529E+00    0.813297382119452000E+09   -0.851315738238144633E+02
    0.179390106792052750E+00    0.545614930385420749E+00    0.816341578619011045E+09   -0.859340752158517915E+02
    0.180384612340149297E+00    0.551015992460134996E+00    0.813514104794795394E+09   -0.859131006277923319E+02
    0.180980263818861398E+00    0.555711866160091716E+00    0.812813091812985778E+09   -0.855669399869334768E+02
    0.181642246438891597E+00    0.558893811972918542E+00    0.812935212845630407E+09   -0.858673879311314039E+02
    0.180969737238102946E+00    0.561260312019403074E+00    0.814508658532655597E+09   -0.854638343514050405E+02
    0.179285786488503851E+00    0.551509480129418250E+00    0.816575077571895361E+09   -0.859354359357243993E+02
    0.182030797378638753E+00    0.560337297643584975E+00    0.811976702344142556E+09   -0.854966357222531599E+02
    0.179636283838537747E+00    0.554185828733871233E+00    0.815502828490622163E+09   -0.856964141305826388E+02
    0.186751300621183447E+00    0.562270727980404672E+00    0.803255746575737476E+09   -0.854781805846977960E+02
    0.184050977712170438E+00    0.558656439957893269E+00    0.808336829244080663E+09   -0.849887243832177717E+02
    0.183657409875513600E+00    0.559800882545042455E+00    0.808373551263343573E+09   -0.856714507936438849E+02
    0.182988613276780898E+00    0.559746025764161104E+00    0.809429947641167164E+09   -0.854137967248861401E+02
    0.184011234625596543E+00    0.551502103430088653E+00    0.808534665601225853E+09   -0.851350201020644306E+02
    0.184079936300473979E+00    0.547845259732797629E+00    0.810162896848577142E+09   -0.843440088908859309E+02
    0.184079936300473979E+00    0.547845259732797629E+00    0.810162896848577142E+09   -0.843440088908859309E+02
    0.184079936300473979E+00    0.547845259732797629E+00    0.810162896848577142E+09   -0.843440088908859309E+02
    0.184390133065136297E+00    0.552157318137897590E+00    0.806924162329496145E+09   -0.854434488525708389E+02
    0.182846166719916159E+00    0.552839120362316194E+00    0.809606610742457390E+09   -0.858323827016130849E+02
    0.183471784965460016E+00    0.554085975759598170E+00    0.808753493865252852E+09   -0.854621052938293815E+02
    0.185602825677301908E+00    0.547181646598492222E+00    0.803897678546308875E+09   -0.856744116621830898E+02
    0.183887253658577610E+00    0.553678491258972727E+00    0.809185147880561113E+09   -0.847647034660465692E+02
    0.183887253658577610E+00    0.553678491258972727E+00    0.809185147880561113E+09   -0.847647034660465692E+02
    0.183888797019238270E+00    0.548420790310917283E+00    0.808753380355748653E+09   -0.849745622358088752E+02
    0.185311379962801281E+00    0.537285577054243291E+00    0.807710857614072919E+09   -0.854083078906968751E+02
    0.185234790610915134E+00    0.544119077379098925E+00    0.803329361290128469E+09   -0.857430318794703226E+02
    0.185296436278480636E+00    0.546770309810330701E+00    0.805392939708852172E+09   -0.851180465997592250E+02
    0.185296436278480636E+00    0.546770309810330701E+00    0.805392939708852172E+09   -0.851180465997592250E+02
    0.184967974668884538E+00    0.537706555477798886E+00    0.804319901697439671E+09   -0.858218285511738088E+02
    0.185490027215416131E+00    0.532885977448119164E+00    0.805135070751750469E+09   -0.854573285623526004E+02
    0.185508851796650498E+00    0.542531824535849694E+00    0.804268565699817181E+09   -0.857782637161519972E+02
    0.197279083245278208E+00    0.501584591419682368E+00    0.781126998920106173E+09   -0.849181840728865041E+02
    0.194392146629478124E+00    0.524935497197523304E+00    0.787021614357176423E+09   -0.850123223962843895E+02
    0.194392146629478124E+00    0.524935497197523304E+00    0.787021614357176423E+09   -0.850123223962843895E+02
    0.189264504468630079E+00    0.567123742062555891E+00    0.797815569608925939E+09   -0.844340018053844972E+02
    0.189264504468630079E+00    0.567123742062555891E+00    0.797815569608925939E+09   -0.844340018053844972E+02
