    0.126190605582914661E+01    0.379979687984182135E+00    0.841989717982228994E+08   -0.684552923220220180E+02
    0.140243866715380228E+01    0.349786773148936803E+00    0.809983341586154699E+08   -0.680490780987699964E+02
    0.127885985530116963E+01    0.409799319172304166E+00    0.846144603809466958E+08   -0.674180961711754918E+02
    0.131126268405570823E+01    0.298601452798960665E+00    0.840909007456961721E+08   -0.668879466270356886E+02
    0.122843671070540972E+01    0.300932410339623146E+00    0.850165043368569911E+08   -0.668353661140214967E+02
    0.138013679678444134E+01    0.401547102833490044E+00    0.809132593784492016E+08   -0.667490436973846073E+02
    0.134002014496577448E+01    0.519514485624954503E+00    0.837525523270913213E+08   -0.665067713342698710E+02
    0.123639882802184542E+01    0.323562103669383205E+00    0.858299406363070756E+08   -0.663371728493962820E+02
    0.124938324604920359E+01    0.393687849521604960E+00    0.844831068363376260E+08   -0.663359013050128965E+02
    0.138455896564587211E+01    0.401457509665645418E+00    0.820075831373727620E+08   -0.663358808891120191E+02
    0.140104747699738552E+01    0.448149685944034815E+00    0.811627488976299018E+08   -0.663148812354509118E+02
    0.129581148635515486E+01    0.469727061030653203E+00    0.839508832020371407E+08   -0.663075232172870557E+02
    0.122643499509107934E+01    0.378756528874033549E+00    0.864787794518836141E+08   -0.661994953579608421E+02
    0.139715054970140318E+01    0.351019085887889659E+00    0.810487218553639054E+08   -0.661415308542765956E+02
    0.140307151726497503E+01    0.374339733560315580E+00    0.812459703601537049E+08   -0.660847268736168587E+02
    0.129628215976118155E+01    0.389174242762360123E+00    0.843604048164671957E+08   -0.660206872453444191E+02
    0.126605225856117265E+01    0.407470063680250405E+00    0.836131700641413778E+08   -0.659493171518402335E+02
    0.126151775339894745E+01    0.394301345446862683E+00    0.840998712024014741E+08   -0.659125171101862719E+02
    0.120791986692465003E+01    0.344376504713700626E+00    0.861347887581271827E+08   -0.658167965288990615E+02
    0.127896145783872650E+01    0.319880543515649762E+00    0.842602608469182253E+08   -0.656901373110443387E+02
    0.129018597886792596E+01    0.302669844590903736E+00    0.838379201023416370E+08   -0.656755262760051437E+02
    0.135950905416524481E+01    0.442402439468631670E+00    0.815288185999934673E+08   -0.656485217088712432E+02
    0.136475604934803307E+01    0.324694429656656069E+00    0.816997155324243307E+08   -0.655738893049586409E+02
    0.127873949694116273E+01    0.330934018855986167E+00    0.829531922827161849E+08   -0.654952637358398988E+02
    0.125226756047270138E+01    0.380265752178146954E+00    0.843867774172949493E+08   -0.654874374697664052E+02
    0.128542183540666910E+01    0.390546333835811055E+00    0.834019696908344924E+08   -0.654541075614265964E+02
    0.131397507828492466E+01    0.407104695576768094E+00    0.829502453936071396E+08   -0.654495437811680461E+02
    0.120463191781840595E+01    0.332705334013160936E+00    0.868727073303146511E+08   -0.653371341890151314E+02
    0.122238443110352035E+01    0.366548345632795147E+00    0.853190751470433474E+08   -0.652781616159996361E+02
    0.128402270397216323E+01    0.340076891753604116E+00    0.842171851335615367E+08   -0.652635098392931070E+02
    0.140774002478185878E+01    0.447949512755929646E+00    0.812061949955822527E+08   -0.652308188500070685E+02
    0.124687405979324772E+01    0.449550502663246476E+00    0.851532384277388304E+08   -0.651135525216419779E+02
    0.136080826157009049E+01    0.374330333571686324E+00    0.828696736482107937E+08   -0.650830871443341010E+02
    0.132643740912195329E+01    0.389418521127609552E+00    0.832736117701925635E+08   -0.650541295344615946E+02
    0.121154246041558555E+01    0.333638375104525764E+00    0.856505083394779116E+08   -0.650440693488587840E+02
    0.128550162529955836E+01    0.360313693711329819E+00    0.828739770622609556E+08   -0.650091772478004088E+02
    0.129291705315623573E+01    0.411469489099253849E+00    0.846631239677909017E+08   -0.649949909793270564E+02
    0.130779870590508995E+01    0.329053612094048376E+00    0.825661838463511020E+08   -0.648908999204406030E+02
    0.135797646091617352E+01    0.334901502497935155E+00    0.818312106959675252E+08   -0.648881634346177520E+02
    0.123287937343062670E+01    0.314186298175991752E+00    0.850453224112832397E+08   -0.648854290439575436E+02
    0.135823214851238272E+01    0.502261683272484660E+00    0.828137380708435178E+08   -0.648650781195864568E+02
    0.130789291076124292E+01    0.322650743769809623E+00    0.830286061834194660E+08   -0.648150120986342273E+02
    0.130938623625399875E+01    0.341315621143689185E+00    0.828689598957664520E+08   -0.647717356007863856E+02
    0.127568746154608670E+01    0.510620400492740600E+00    0.843541196323212087E+08   -0.647445659027338820E+02
    0.132006849804304394E+01    0.433259733098003252E+00    0.837700928826477379E+08   -0.647077066156206229E+02
    0.127597802980794972E+01    0.419936673520895809E+00    0.834514490012108386E+08   -0.646991663920613576E+02
    0.129525846458619354E+01    0.384763062985848947E+00    0.836042071031829119E+08   -0.646568232953678432E+02
    0.135514642561528809E+01    0.336310120246780642E+00    0.819577434141466916E+08   -0.646018003712764397E+02
    0.130117483788469657E+01    0.301060380512691239E+00    0.839817388952447623E+08   -0.645905887458742285E+02
    0.129830381116606053E+01    0.465931836032737579E+00    0.839671092921404690E+08   -0.645867668235845827E+02
    0.137670329914616785E+01    0.490096916226558932E+00    0.818966558059185743E+08   -0.645829574598496521E+02
    0.125358108918532873E+01    0.438333795568047080E+00    0.846769002769906521E+08   -0.645627427275710204E+02
    0.126104266704784940E+01    0.459658230982798344E+00    0.849051622116376758E+08   -0.645253864819530207E+02
    0.126516595744559268E+01    0.406964219887555601E+00    0.848051889528376758E+08   -0.644982704417730162E+02
    0.136008974496478907E+01    0.442019128390997551E+00    0.820023870883089900E+08   -0.644963127129953051E+02
    0.124766411167331026E+01    0.396847803607540683E+00    0.850163692990739346E+08   -0.644226594900719363E+02
    0.133552188166130081E+01    0.520497083182153375E+00    0.835335787604078799E+08   -0.644176857230431352E+02
    0.120154640631052967E+01    0.376281152896282833E+00    0.865806193410945833E+08   -0.644050956942956816E+02
    0.134863481129951301E+01    0.453707976259657642E+00    0.819874649217613041E+08   -0.643820634637256433E+02
    0.121835118662105191E+01    0.331569486787298473E+00    0.859441776458165795E+08   -0.643679774651724586E+02
    0.126850684649196821E+01    0.413048097221453858E+00    0.838345865484889150E+08   -0.643609418152451269E+02
    0.131424933468420568E+01    0.425174642396639157E+00    0.830681439880276620E+08   -0.643387412481803835E+02
    0.130593033038344375E+01    0.369649547727032513E+00    0.836063669249161482E+08   -0.643328650154440993E+02
    0.130145301327547180E+01    0.392847449586930964E+00    0.834276366447255611E+08   -0.643318817574290165E+02
    0.125561242003338580E+01    0.450810115721321125E+00    0.854199071967142224E+08   -0.643167109639417305E+02
    0.130977677361205913E+01    0.340086555644212751E+00    0.826726373316019177E+08   -0.642733226659830450E+02
    0.123909724140036093E+01    0.315417362100413712E+00    0.857288420481839776E+08   -0.642278918259596026E+02
    0.136246525040342603E+01    0.389178539559878800E+00    0.823696929927015752E+08   -0.642261500127812042E+02
    0.123563104063643325E+01    0.370675342078634174E+00    0.852907420421454906E+08   -0.642169167209009970E+02
    0.130058660575270424E+01    0.351668919098415245E+00    0.841887648142985106E+08   -0.641856587717655884E+02
    0.128321247073415745E+01    0.497769846805702798E+00    0.847209856197579205E+08   -0.641760569852771425E+02
    0.131021579177938219E+01    0.361089111028116250E+00    0.826729096435882002E+08   -0.641703886045823992E+02
    0.125751098746479850E+01    0.312864082782773778E+00    0.851212348418405801E+08   -0.641309633964729358E+02
    0.128039686573999267E+01    0.357574376958424978E+00    0.847112810602156818E+08   -0.641166965773614095E+02
    0.133017533963064150E+01    0.410846177994564243E+00    0.825384922120724320E+08   -0.641131270943001255E+02
    0.121349740709705434E+01    0.342577423359928801E+00    0.862325979392436147E+08   -0.641056892846113016E+02
    0.130831698221386761E+01    0.394370171729715224E+00    0.839703542288725972E+08   -0.640958768529189626E+02
    0.124218553330295656E+01    0.285639706484545286E+00    0.848169855568311810E+08   -0.640886038449176993E+02
    0.128396963111668438E+01    0.421379210994221154E+00    0.838092545652451366E+08   -0.640791443424513432E+02
    0.132769479150222591E+01    0.420439170938454509E+00    0.825391514528969824E+08   -0.640724272103480530E+02
    0.130900507006892330E+01    0.463540033006637486E+00    0.824935666823068559E+08   -0.640681424243312563E+02
    0.125679202745879715E+01    0.318335097634456332E+00    0.850740724226804376E+08   -0.640602381276275850E+02
    0.127061441218015836E+01    0.416096876693170969E+00    0.839158507082186043E+08   -0.640340348563344435E+02
    0.130207533061618608E+01    0.315342961425528756E+00    0.826536896975355446E+08   -0.640167513337283793E+02
    0.117656033314375530E+01    0.283874767627418478E+00    0.870673776672518253E+08   -0.640030944999476077E+02
    0.124745630970140020E+01    0.296958139170209634E+00    0.848690408345655203E+08   -0.639978148448856103E+02
    0.128525135882460306E+01    0.404389253035065011E+00    0.846867198288691044E+08   -0.639850094281249397E+02
    0.123342008215948029E+01    0.452460751964064656E+00    0.852257784151677340E+08   -0.639514557410159057E+02
    0.119415249474628959E+01    0.375876150923383889E+00    0.863134323255509436E+08   -0.639191238802658717E+02
    0.125252938662782620E+01    0.333859920501950569E+00    0.845805953627135158E+08   -0.639188015459368302E+02
    0.125252938662782620E+01    0.333859920501950569E+00    0.845805953627135158E+08   -0.639188015459368302E+02
    0.125236158923706009E+01    0.411759720077313318E+00    0.853050499602583498E+08   -0.639147435934213348E+02
    0.124617079743989834E+01    0.335683827491333631E+00    0.857896330944077224E+08   -0.638961859060821666E+02
    0.124617079743989834E+01    0.335683827491333631E+00    0.857896330944077224E+08   -0.638961859060821666E+02
    0.130353836763374220E+01    0.429167404819621012E+00    0.830606377838128805E+08   -0.638946659741355063E+02
    0.137487074461512537E+01    0.468651610633646243E+00    0.820328901707360744E+08   -0.638599606482910005E+02
    0.122801055842216611E+01    0.388421070396404389E+00    0.856495424601853192E+08   -0.638476127889166492E+02
    0.127609432410473689E+01    0.432216904292644699E+00    0.840250477195794284E+08   -0.638391790566748227E+02
    0.131429483779579659E+01    0.425429652464778485E+00    0.833656412666370273E+08   -0.638157316309165097E+02
    0.125298931733559482E+01    0.363221361535025267E+00    0.851711708511566967E+08   -0.637938401410462887E+02
    0.125298931733559482E+01    0.363221361535025267E+00    0.851711708511566967E+08   -0.637938401410462887E+02
    0.135088967842564611E+01    0.436713231714824346E+00    0.825147399921378791E+08   -0.637850025376510672E+02
    0.135088967842564611E+01    0.436713231714824346E+00    0.825147399921378791E+08   -0.637850025376510672E+02
    0.126771843980328325E+01    0.433748739269145034E+00    0.850239683667573035E+08   -0.637623403958834132E+02
    0.124529259963083261E+01    0.343929350198166617E+00    0.857189684870760143E+08   -0.637593971648468880E+02
    0.126327606812863813E+01    0.421623129587516132E+00    0.850593649883899391E+08   -0.637338559765757822E+02
    0.126327606812863813E+01    0.421623129587516132E+00    0.850593649883899391E+08   -0.637338559765757822E+02
    0.126968724060637084E+01    0.475967424006057627E+00    0.849523200298857093E+08   -0.637333619803634335E+02
    0.128710614380062860E+01    0.342162860905926181E+00    0.829570724181567132E+08   -0.637329926955879245E+02
    0.124678466322004167E+01    0.442111542230168908E+00    0.854782410060565472E+08   -0.637312410076310982E+02
    0.135194257166043941E+01    0.363116485368227160E+00    0.822282454894988835E+08   -0.637286381169863319E+02
    0.122140962955609833E+01    0.290312942244385752E+00    0.853728455156556368E+08   -0.636882547773466428E+02
    0.134145673544492139E+01    0.436514556069747428E+00    0.823152858365542591E+08   -0.636863106557702281E+02
    0.127265342492212330E+01    0.407989055811668777E+00    0.837474801409720182E+08   -0.636770217317831850E+02
    0.125236282812919453E+01    0.420976003413798594E+00    0.850669110405257940E+08   -0.636665943002799395E+02
    0.125236282812919453E+01    0.420976003413798594E+00    0.850669110405257940E+08   -0.636665943002799395E+02
    0.124524038038266371E+01    0.352882579841375943E+00    0.851276467462345362E+08   -0.636638168432861065E+02
    0.124524038038266371E+01    0.352882579841375943E+00    0.851276467462345362E+08   -0.636638168432861065E+02
    0.126861857679905499E+01    0.330953456997360007E+00    0.844662686235055029E+08   -0.636588631930470115E+02
    0.127216977048866120E+01    0.379776252299652839E+00    0.834845122996358275E+08   -0.636420753468762044E+02
    0.127077900478076988E+01    0.327442720254985886E+00    0.849898441678183079E+08   -0.636326457574654327E+02
    0.131368012574543314E+01    0.434269236995096009E+00    0.827105477062259912E+08   -0.636278331811109297E+02
    0.131368012574543314E+01    0.434269236995096009E+00    0.827105477062259912E+08   -0.636278331811109297E+02
    0.132293437721283036E+01    0.292454815423749181E+00    0.825402154980695248E+08   -0.636255008773944155E+02
    0.130574329770258690E+01    0.409920740402640149E+00    0.841703456141911745E+08   -0.636240695454449536E+02
    0.118413701108577718E+01    0.310771996841111786E+00    0.866822422858193219E+08   -0.636199458839382146E+02
    0.133998916177956517E+01    0.454085734282497100E+00    0.823011091083084941E+08   -0.636149282230467321E+02
    0.122467969381007458E+01    0.390989250902162411E+00    0.856357548670502007E+08   -0.635946292601466823E+02
    0.130753399012485461E+01    0.467465880837087511E+00    0.834946322405645847E+08   -0.635893612270112101E+02
    0.124747777600909382E+01    0.405255993239340029E+00    0.854909218399673104E+08   -0.635799608178751470E+02
    0.124833331270395886E+01    0.394060287661092801E+00    0.843946278819183558E+08   -0.635793896901814364E+02
    0.126080888606823915E+01    0.409959187376625067E+00    0.853309644479093254E+08   -0.635763025577368239E+02
    0.126080888606823915E+01    0.409959187376625067E+00    0.853309644479093254E+08   -0.635763025577368239E+02
    0.124708686010660963E+01    0.445547108429975580E+00    0.849693968356974721E+08   -0.635537000357018869E+02
    0.128960437208085521E+01    0.397934639279844404E+00    0.832461368822429329E+08   -0.635093119485054771E+02
    0.131372041029523134E+01    0.386137541518433380E+00    0.829283805083481669E+08   -0.634854909347364469E+02
    0.128666297428213872E+01    0.444529640473517063E+00    0.836238190553376675E+08   -0.634580417288331660E+02
    0.125872875576941734E+01    0.338411719968448210E+00    0.853944319570760578E+08   -0.634573468286942131E+02
    0.125166448620406601E+01    0.381776532946538794E+00    0.851612665702263266E+08   -0.634399232974165415E+02
    0.128665757592833097E+01    0.408899511677333294E+00    0.843180439733195752E+08   -0.634385436818993966E+02
    0.134327146031722111E+01    0.437015783365284349E+00    0.825382838646132797E+08   -0.634307211712003465E+02
    0.125777695076217122E+01    0.312810002335048409E+00    0.854145309384092987E+08   -0.634294934922284739E+02
    0.125777695076217122E+01    0.312810002335048409E+00    0.854145309384092987E+08   -0.634294934922284739E+02
    0.130725364037838987E+01    0.410741923384858154E+00    0.833932723239972889E+08   -0.634166083815616659E+02
    0.129529839357710408E+01    0.341541722544025816E+00    0.841587800968165100E+08   -0.634069999078554503E+02
    0.133382746088892512E+01    0.305891675475507441E+00    0.822133656215216517E+08   -0.634045111206271557E+02
    0.127780503115092237E+01    0.423257166875938395E+00    0.834100293529493809E+08   -0.634013499312938507E+02
    0.130405315725856674E+01    0.364133487237230824E+00    0.838553948685384095E+08   -0.633778826496890630E+02
    0.125046056227742985E+01    0.394729880098116936E+00    0.849271155884735286E+08   -0.633716404006366574E+02
    0.131203531508418902E+01    0.307777359466577138E+00    0.835938904792768657E+08   -0.633660918583298169E+02
    0.131203531508418902E+01    0.307777359466577138E+00    0.835938904792768657E+08   -0.633660918583298169E+02
    0.124784586382665608E+01    0.352655827237491337E+00    0.851716289871208072E+08   -0.633432732441782349E+02
    0.130871269536532964E+01    0.394180250599680093E+00    0.829285074697090536E+08   -0.633417776829453345E+02
    0.130945182935992777E+01    0.382231671683122443E+00    0.839384251758474857E+08   -0.633371564273818848E+02
    0.133591760492798861E+01    0.413862693509747359E+00    0.829311855129147768E+08   -0.633266985587269389E+02
    0.128249174912151820E+01    0.407379161929990019E+00    0.832558622470007539E+08   -0.633109443184054470E+02
    0.132328238717163282E+01    0.382016017088561810E+00    0.827294679348887503E+08   -0.633066006642278438E+02
    0.131395950785431803E+01    0.417491636310387548E+00    0.833178138243145198E+08   -0.632844649882699102E+02
    0.134075266717167385E+01    0.436391905888783072E+00    0.824570627090557814E+08   -0.632813091899247340E+02
    0.131392439685047413E+01    0.388649901329793934E+00    0.839412287245963812E+08   -0.632797941956385159E+02
    0.124830159356656356E+01    0.327378636496899134E+00    0.845108681724895388E+08   -0.632756795107501802E+02
    0.130789698728158732E+01    0.382656749951946651E+00    0.828762525237745345E+08   -0.632417807089071218E+02
    0.130440872694010301E+01    0.300132600544358752E+00    0.835152711592780948E+08   -0.632410653410723214E+02
    0.130440872694010301E+01    0.300132600544358752E+00    0.835152711592780948E+08   -0.632410653410723214E+02
    0.127397632627987822E+01    0.462800865091177016E+00    0.848453156622131169E+08   -0.632332984780186962E+02
    0.125903287089782490E+01    0.445309360484278827E+00    0.846152429095689952E+08   -0.632290433581397480E+02
    0.129680345855322665E+01    0.423983734159719461E+00    0.838323047506611645E+08   -0.632230989338741765E+02
    0.129101774234864930E+01    0.433955207157573852E+00    0.843282686652069688E+08   -0.632228608946380461E+02
    0.123268926400809442E+01    0.392193390297556732E+00    0.856973081079012752E+08   -0.632228538190722986E+02
    0.129683673447517922E+01    0.434224712156979109E+00    0.841075376026290208E+08   -0.632108993823878009E+02
    0.129683673447517922E+01    0.434224712156979109E+00    0.841075376026290208E+08   -0.632108993823878009E+02
    0.127883945689096090E+01    0.321481746144005598E+00    0.837878794234269559E+08   -0.631981298551399959E+02
    0.123387640274603982E+01    0.362536779458434211E+00    0.854394672136961222E+08   -0.631426801331201375E+02
    0.133919242027980023E+01    0.343279780898340547E+00    0.824213045447131544E+08   -0.631235159973762805E+02
    0.130166903109643450E+01    0.373033168357995493E+00    0.834253313936816454E+08   -0.631153392235932671E+02
    0.129036788373897426E+01    0.375679341974198167E+00    0.836471583814604580E+08   -0.631128360480685018E+02
    0.133124971175558415E+01    0.383610024566262808E+00    0.823984865266462564E+08   -0.630882663337346656E+02
    0.126184371218991864E+01    0.314930847754791188E+00    0.846554853834920526E+08   -0.630838307395117752E+02
    0.129529684153724522E+01    0.404050162973172533E+00    0.831489572703858912E+08   -0.630710868253309584E+02
    0.129529684153724522E+01    0.404050162973172533E+00    0.831489572703858912E+08   -0.630710868253309584E+02
    0.131071618315712457E+01    0.460700731648380213E+00    0.834594356739559472E+08   -0.630578061956657052E+02
    0.125909503698822411E+01    0.366106982723801266E+00    0.844486830768834352E+08   -0.630518566488066838E+02
    0.131888684522228994E+01    0.375876255394462788E+00    0.828428899475732893E+08   -0.630480610752231456E+02
    0.126896531310512573E+01    0.352168367750158140E+00    0.843614379614992440E+08   -0.630477248243292081E+02
    0.126896531310512573E+01    0.352168367750158140E+00    0.843614379614992440E+08   -0.630477248243292081E+02
    0.125380175885381773E+01    0.359581849925550756E+00    0.846347490919440687E+08   -0.630467945636996774E+02
    0.125380175885381773E+01    0.359581849925550756E+00    0.846347490919440687E+08   -0.630467945636996774E+02
    0.125958889639577087E+01    0.449717149900738633E+00    0.849339668721777946E+08   -0.630449424019569165E+02
    0.131013743411979178E+01    0.359901851385156846E+00    0.834210128320264369E+08   -0.630203012962705245E+02
    0.127252767836878222E+01    0.368801582162534558E+00    0.842202981831658483E+08   -0.630178767171062759E+02
    0.125864763048174244E+01    0.472199135685077209E+00    0.847249919128655791E+08   -0.630092980070290665E+02
    0.129830332672350290E+01    0.350378895118460321E+00    0.839240011972606778E+08   -0.629997965868860490E+02
    0.127437464928488020E+01    0.492591932695642498E+00    0.843753535018876493E+08   -0.629957288814507805E+02
    0.125180250703482177E+01    0.397907460143562375E+00    0.850252226152092814E+08   -0.629951342657833493E+02
    0.126848524967359566E+01    0.412249994641534556E+00    0.839584043697398305E+08   -0.629789730504660525E+02
    0.126848524967359566E+01    0.412249994641534556E+00    0.839584043697398305E+08   -0.629789730504660525E+02
    0.127994641554850119E+01    0.423132144206405769E+00    0.846271471678906381E+08   -0.629720612690704939E+02
    0.124806275817146495E+01    0.442598664601254299E+00    0.848506528169755638E+08   -0.629634803305170010E+02
    0.130009580743140085E+01    0.370391705611737621E+00    0.832898325855067819E+08   -0.629581662095420569E+02
    0.119816176512879546E+01    0.338867959517825668E+00    0.860665556014521718E+08   -0.629562911535661840E+02
    0.124530070559513262E+01    0.349938448251251089E+00    0.850214660635242611E+08   -0.629433515715137730E+02
    0.124530070559513262E+01    0.349938448251251089E+00    0.850214660635242611E+08   -0.629433515715137730E+02
    0.127298301193476182E+01    0.419580235621481279E+00    0.846369085597372055E+08   -0.629116656718116332E+02
    0.127298301193476182E+01    0.419580235621481279E+00    0.846369085597372055E+08   -0.629116656718116332E+02
    0.128856655585635860E+01    0.409002608679935875E+00    0.837459059302304387E+08   -0.629035467980676586E+02
    0.125782343559490006E+01    0.351258439183762761E+00    0.850350346571268141E+08   -0.628945921171660203E+02
    0.128544128092564103E+01    0.415203188750565388E+00    0.835074433074273467E+08   -0.628803332734937754E+02
    0.125796870488478874E+01    0.463589063434037385E+00    0.847474388388178945E+08   -0.628732680549622529E+02
    0.125810425515311564E+01    0.374404093928443871E+00    0.847023513719549477E+08   -0.628689144154283284E+02
    0.127127634004133006E+01    0.352036793846725260E+00    0.844560117493812144E+08   -0.628630724393327540E+02
    0.128862544395429124E+01    0.414590039401518951E+00    0.841284492366508842E+08   -0.628471963361963688E+02
    0.126089878361404617E+01    0.424158081199109915E+00    0.847812491892712414E+08   -0.628461381838389883E+02
    0.126089878361404617E+01    0.424158081199109915E+00    0.847812491892712414E+08   -0.628461381838389883E+02
    0.128500496910601059E+01    0.471357532130907586E+00    0.842886855741524696E+08   -0.628386725027006392E+02
    0.124844442916075860E+01    0.353680378655580441E+00    0.847110372756130993E+08   -0.628372514724722748E+02
    0.132677833938558765E+01    0.401558533443351351E+00    0.829829713824317157E+08   -0.628226895519354969E+02
    0.125861647031004087E+01    0.353698500913958824E+00    0.846602138629872799E+08   -0.628055482767026163E+02
    0.130567439049946632E+01    0.390807091774792781E+00    0.840222276870241612E+08   -0.628054817175342208E+02
    0.130770112457065779E+01    0.409838761615965552E+00    0.833076972853281796E+08   -0.627924332350865839E+02
    0.126579684229420653E+01    0.443038758333258897E+00    0.848524895990948379E+08   -0.627885454446228763E+02
    0.126579684229420653E+01    0.443038758333258897E+00    0.848524895990948379E+08   -0.627885454446228763E+02
    0.126936563351685572E+01    0.371811222480015857E+00    0.846885050566130877E+08   -0.627748569062034179E+02
    0.126936563351685572E+01    0.371811222480015857E+00    0.846885050566130877E+08   -0.627748569062034179E+02
    0.126596468543462848E+01    0.350168768145511677E+00    0.848597187048305869E+08   -0.627707819078584208E+02
    0.126596468543462848E+01    0.350168768145511677E+00    0.848597187048305869E+08   -0.627707819078584208E+02
    0.130129768599770013E+01    0.394313214932841660E+00    0.836067529455645829E+08   -0.627664932361426366E+02
    0.130498594107092902E+01    0.407910655155889756E+00    0.833541776409354806E+08   -0.627573868085484534E+02
    0.129918227411891518E+01    0.434123029902773183E+00    0.838177725852788985E+08   -0.627509114488297968E+02
    0.127800274616806675E+01    0.487137582324642437E+00    0.843578397775487304E+08   -0.627501835537304657E+02
    0.124784059910812872E+01    0.404906642930205507E+00    0.849830129911079705E+08   -0.627404640567484080E+02
    0.122248047360716328E+01    0.300440450794175362E+00    0.853609821873387396E+08   -0.627356634593683680E+02
    0.122248047360716328E+01    0.300440450794175362E+00    0.853609821873387396E+08   -0.627356634593683680E+02
    0.127394291618428990E+01    0.374006235835091516E+00    0.846367785027498305E+08   -0.627315895523154552E+02
    0.130236027515476604E+01    0.354308471146556059E+00    0.834493163616742194E+08   -0.627201342138009608E+02
    0.130310234885442577E+01    0.361503749071834690E+00    0.838625825213108212E+08   -0.627182001548333119E+02
    0.130310234885442577E+01    0.361503749071834690E+00    0.838625825213108212E+08   -0.627182001548333119E+02
    0.128730881885434201E+01    0.354108960474695422E+00    0.838950185000544488E+08   -0.627097177427613985E+02
    0.124713112230278633E+01    0.352476893452104534E+00    0.850093742768766284E+08   -0.627059130563320224E+02
    0.124713112230278633E+01    0.352476893452104534E+00    0.850093742768766284E+08   -0.627059130563320224E+02
    0.125448631641971464E+01    0.374198396102883635E+00    0.849487369164007604E+08   -0.626933926697736581E+02
    0.131122903822008174E+01    0.371596978999209071E+00    0.832562048650774062E+08   -0.626868793542966358E+02
    0.125724312016287132E+01    0.387852603126855655E+00    0.846252153890144825E+08   -0.626773328972922101E+02
    0.127756594761939923E+01    0.380805160026190137E+00    0.842562100342371464E+08   -0.626619107444062138E+02
    0.130811126827260660E+01    0.343673423026370273E+00    0.839542292280428410E+08   -0.626521278062812499E+02
    0.127000588298777650E+01    0.372968183096247685E+00    0.842232492651176453E+08   -0.626308947441853547E+02
    0.125553773701035754E+01    0.406037781473928661E+00    0.847362160237865746E+08   -0.626243041863801722E+02
    0.123791835577335796E+01    0.413926125203152750E+00    0.853074498689008653E+08   -0.626095190995440873E+02
    0.128325745013636072E+01    0.471078165552336614E+00    0.845170394703477621E+08   -0.626088808861759105E+02
    0.131168691409426907E+01    0.282877567042739031E+00    0.831225672261579633E+08   -0.626054142095692185E+02
    0.129923666148743822E+01    0.418708380418360449E+00    0.837651283675846905E+08   -0.626021882148988027E+02
    0.130765947331531973E+01    0.363782530861954001E+00    0.836187886697659045E+08   -0.625986900396479626E+02
    0.125851485789572859E+01    0.393910800632468749E+00    0.843101336241479069E+08   -0.625972724624305457E+02
    0.123750265084723976E+01    0.319341122459906757E+00    0.855317765217857659E+08   -0.625942853208248238E+02
    0.131968671182122965E+01    0.370387744275362252E+00    0.827763348785798401E+08   -0.625899555944503021E+02
    0.131968671182122965E+01    0.370387744275362252E+00    0.827763348785798401E+08   -0.625899555944503021E+02
    0.130579282474879044E+01    0.302572035758592151E+00    0.835085350394562781E+08   -0.625859271463370987E+02
    0.130906384206730908E+01    0.420844592387791039E+00    0.833198041649254709E+08   -0.625720034649412682E+02
    0.130906384206730908E+01    0.420844592387791039E+00    0.833198041649254709E+08   -0.625720034649412682E+02
    0.123699352594667644E+01    0.297757652034626119E+00    0.856520883377634138E+08   -0.625707077631782767E+02
    0.126787427204465031E+01    0.365328057827333907E+00    0.845944041898496598E+08   -0.625655509175805804E+02
    0.123645621274525896E+01    0.381710161051442398E+00    0.854127157815401405E+08   -0.625653901282440614E+02
    0.131105343405681252E+01    0.318593260674266077E+00    0.838884089835070968E+08   -0.625597570988323355E+02
    0.130862109460151532E+01    0.430343452656178016E+00    0.836498587816518694E+08   -0.625591021004061361E+02
    0.126946306415985588E+01    0.338066840929851509E+00    0.843965795818750858E+08   -0.625580937350409059E+02
    0.127279653730325637E+01    0.382892600952345674E+00    0.841620092493852079E+08   -0.625510280144071942E+02
    0.125866667140485156E+01    0.339666006201246873E+00    0.846344727333128005E+08   -0.625489813220639945E+02
    0.127879832804963089E+01    0.421133637117179660E+00    0.842224536716071963E+08   -0.625449902788429171E+02
    0.130772862064493389E+01    0.370096997201244449E+00    0.837460790779555738E+08   -0.625360925567451957E+02
    0.128437421477036939E+01    0.432838385445881713E+00    0.838250722605355382E+08   -0.625301660768817840E+02
    0.130561013666810100E+01    0.363830549622743860E+00    0.836492217733188570E+08   -0.625198133583146998E+02
    0.128086023923973236E+01    0.359069457982105433E+00    0.839338800184813440E+08   -0.625162478212299320E+02
    0.127568327324627351E+01    0.326066682187990509E+00    0.842236791768115610E+08   -0.625133097006395246E+02
    0.127560804182152476E+01    0.380057477145602007E+00    0.841682210820560455E+08   -0.625087168502240047E+02
    0.128105401337301528E+01    0.344494708556958074E+00    0.837097368029522896E+08   -0.625038537392697364E+02
    0.129136653945145152E+01    0.389015582022436135E+00    0.837507901084845960E+08   -0.625029360412576409E+02
    0.128927526439632167E+01    0.354935286851802090E+00    0.835087290746454298E+08   -0.625019419506903091E+02
    0.131241133462524151E+01    0.378466017978107416E+00    0.830356573191724420E+08   -0.625012376790115525E+02
    0.122678732779257249E+01    0.418275576640388280E+00    0.854857121987233013E+08   -0.624940668921086129E+02
    0.130793883652094056E+01    0.427605082167922035E+00    0.832327956733693182E+08   -0.624924491024106317E+02
    0.129744446599752505E+01    0.399598667573261679E+00    0.838938964005028605E+08   -0.624802403165236129E+02
    0.129111603970982913E+01    0.391380646937076193E+00    0.839539803423251808E+08   -0.624706842675070391E+02
    0.131086468558501856E+01    0.401620653119923787E+00    0.835750226479941905E+08   -0.624584268965326430E+02
    0.131200561656785397E+01    0.319352390649216389E+00    0.836075916035372913E+08   -0.624556937998604056E+02
    0.131003351503998822E+01    0.302833218181650210E+00    0.836870162274007201E+08   -0.624535511178304361E+02
    0.127909751811984029E+01    0.344699019806913753E+00    0.844238833681258708E+08   -0.624475379831597479E+02
    0.127854256482682072E+01    0.378033261957916977E+00    0.841273066516292244E+08   -0.624444137405454569E+02
    0.124975687668549784E+01    0.293603425220680947E+00    0.847544642050583661E+08   -0.624402198197907836E+02
    0.129294890248214567E+01    0.330375982647069577E+00    0.840125682713637948E+08   -0.624398623828422927E+02
    0.129878125416189860E+01    0.428207938801479671E+00    0.840247530544044375E+08   -0.624344658157193066E+02
    0.127810041048107870E+01    0.417682574525668926E+00    0.841578090607487410E+08   -0.624264150594423270E+02
    0.129278857732283936E+01    0.400934063230193871E+00    0.839416007114572376E+08   -0.624249261850731187E+02
    0.130449320885093933E+01    0.429475254565190312E+00    0.837473760980207920E+08   -0.624232675966894561E+02
    0.130087700223515457E+01    0.441053563032486551E+00    0.835336974699940681E+08   -0.624184689124028225E+02
    0.129161875849538244E+01    0.405555412849780694E+00    0.837971942753856480E+08   -0.624048707574560169E+02
    0.128325769951589730E+01    0.424876864396724230E+00    0.838608661856288910E+08   -0.623932830928494724E+02
    0.130641624615803775E+01    0.405959544936898453E+00    0.837332771476347446E+08   -0.623820598779881408E+02
    0.127849355025029410E+01    0.356762652261517488E+00    0.842361492768855095E+08   -0.623748138237019489E+02
    0.131740433161775994E+01    0.392338929520397173E+00    0.833229221182816178E+08   -0.623678971697171960E+02
    0.131129927702979532E+01    0.320320607058308227E+00    0.835439806538324654E+08   -0.623626323384813546E+02
    0.128251145447495585E+01    0.393246073894824022E+00    0.842276975968467295E+08   -0.623618614750488263E+02
    0.128208706794292970E+01    0.348569644410217094E+00    0.836665106388632059E+08   -0.623533767046475376E+02
    0.129459876462221568E+01    0.331439213545490219E+00    0.833984405480625480E+08   -0.623523641335140866E+02
    0.127528301457468407E+01    0.332919266162402749E+00    0.844828169813633710E+08   -0.623369077280597423E+02
    0.130512573798916987E+01    0.363066280686638265E+00    0.835701147234396935E+08   -0.623363511645842863E+02
    0.128398482834547334E+01    0.343329755455680896E+00    0.842393386636765450E+08   -0.623296287295198681E+02
    0.126796280576933373E+01    0.378148969006710800E+00    0.843412123435797393E+08   -0.623270000406479312E+02
    0.129046248538477060E+01    0.411320205434568820E+00    0.836271930138918012E+08   -0.623199584440694139E+02
    0.128954599153089045E+01    0.364931307528859605E+00    0.833211788861479908E+08   -0.623190480345709119E+02
    0.129470821788166179E+01    0.375221937211367873E+00    0.839717913236756325E+08   -0.623151503915992251E+02
    0.126758742740149954E+01    0.393913722193680371E+00    0.840885339018263817E+08   -0.623150734755149571E+02
    0.131238416200090979E+01    0.375139591179715737E+00    0.831691142889401168E+08   -0.622974933335917598E+02
    0.130911421389254290E+01    0.300134947973855759E+00    0.832973861557358652E+08   -0.622913546664987336E+02
    0.127741368495898144E+01    0.391532195374111325E+00    0.841414481840256006E+08   -0.622842069538560636E+02
    0.128051525999759619E+01    0.399299430264196786E+00    0.842916355197855830E+08   -0.622816730720544030E+02
    0.127726369557768971E+01    0.378530475271494637E+00    0.843841060953381956E+08   -0.622778366469261400E+02
    0.129672821007387973E+01    0.373919663250362078E+00    0.837210235955840945E+08   -0.622775045707162036E+02
    0.126752460315943205E+01    0.372257279773307914E+00    0.846080738608961105E+08   -0.622743822615268101E+02
    0.128032994573660930E+01    0.351772028194435649E+00    0.841969914430073202E+08   -0.622658706728349500E+02
    0.126247562298387406E+01    0.349087751073668073E+00    0.848507388107294887E+08   -0.622622600240500219E+02
    0.128888306435350342E+01    0.421190532198078671E+00    0.836779241289801896E+08   -0.622523273228904870E+02
    0.130384565454322776E+01    0.422010587687555727E+00    0.833261505245252997E+08   -0.622478411342966282E+02
    0.129871370579893664E+01    0.380760600782002356E+00    0.840401434473938346E+08   -0.622316416855008470E+02
    0.131176989721364601E+01    0.372781739425885661E+00    0.832354583307452798E+08   -0.622218580696467001E+02
    0.129693169469644065E+01    0.386156131701859806E+00    0.837634048923027217E+08   -0.622115456666077904E+02
    0.128285356758304170E+01    0.362070209544045341E+00    0.837746789994469285E+08   -0.622110770287634267E+02
    0.129677537596293369E+01    0.441307747404618311E+00    0.837002160097804517E+08   -0.622034190364789694E+02
    0.129418100303971673E+01    0.365106856055989581E+00    0.838632391051887125E+08   -0.622029196417845895E+02
    0.125549675582698006E+01    0.390844136058813518E+00    0.845193882920214683E+08   -0.621899135553668856E+02
    0.130037629001414934E+01    0.369175651758856915E+00    0.833035036799070686E+08   -0.621855484104918830E+02
    0.127093937369527898E+01    0.340961292572764307E+00    0.841885625774610639E+08   -0.621773415159381670E+02
    0.127993032907529525E+01    0.406700692410025155E+00    0.840805318914825022E+08   -0.621769287477749089E+02
    0.126001059418186179E+01    0.400146990263641200E+00    0.845917571591622829E+08   -0.621717229235865005E+02
    0.129674959732214590E+01    0.335942447552868728E+00    0.834192855836301893E+08   -0.621694756556829304E+02
    0.126131881068621010E+01    0.372144468859271882E+00    0.842790737386951149E+08   -0.621670970730774428E+02
    0.128863744028690697E+01    0.332041558252569757E+00    0.841151426878763735E+08   -0.621612041979227001E+02
    0.123757465522957033E+01    0.304652664685765018E+00    0.853352556648861021E+08   -0.621539189146837288E+02
    0.128093250184344232E+01    0.409124506172886981E+00    0.842122451551823020E+08   -0.621534995552136138E+02
    0.130561886426387042E+01    0.371210142739075266E+00    0.832565935689381659E+08   -0.621402868690278041E+02
    0.129242094466988511E+01    0.371202494541551076E+00    0.836045570331757516E+08   -0.621234946301170510E+02
    0.125770579382795322E+01    0.334219699015726235E+00    0.843979710035204440E+08   -0.621220277195652457E+02
    0.127939958914855190E+01    0.344067772511252201E+00    0.842278615849880278E+08   -0.621176882056342521E+02
    0.130701774568226914E+01    0.380832034259483976E+00    0.833451582561207414E+08   -0.621068466559975079E+02
    0.128724525492644171E+01    0.366849874315910540E+00    0.833564070989307612E+08   -0.621058064754166850E+02
    0.129560409750536243E+01    0.344524751527817585E+00    0.838175384892935157E+08   -0.619767961484329959E+02
    0.129221040537480003E+01    0.353795341574684841E+00    0.836606653307140023E+08   -0.617037678676103383E+02
    0.128483882943632577E+01    0.385678474959590289E+00    0.839136782438176274E+08   -0.618392895561125826E+02
    0.128126345269748065E+01    0.361614609732395564E+00    0.839425065221995711E+08   -0.618780464308561520E+02
    0.128766130553912372E+01    0.369764143464657025E+00    0.838688781691575944E+08   -0.616781820945030148E+02
    0.128766130553912372E+01    0.369764143464657025E+00    0.838688781691575944E+08   -0.616781820945030148E+02
    0.128694629738463484E+01    0.329676015261723521E+00    0.840492610027976930E+08   -0.617362809132952890E+02
    0.129001508902017181E+01    0.345031886637451990E+00    0.839982176266917586E+08   -0.621016281934466718E+02
    0.127988737439358258E+01    0.350714693740403760E+00    0.838866518150608838E+08   -0.617182784875281527E+02
    0.129385478190028058E+01    0.353747910888586148E+00    0.839848346552844793E+08   -0.620937328638423907E+02
    0.129868790798566192E+01    0.361908343491245788E+00    0.839812946374715865E+08   -0.617959753924316004E+02
    0.129928026315061396E+01    0.400648979372652647E+00    0.837658978112800717E+08   -0.619993792898771332E+02
    0.130737640836353819E+01    0.420837007463475743E+00    0.836978204222288132E+08   -0.619883381659025545E+02
    0.128442159352016771E+01    0.363461042845326432E+00    0.834638130633749515E+08   -0.619785596491623636E+02
    0.130124325273140728E+01    0.311447449021184042E+00    0.836420857684764564E+08   -0.618166820208580106E+02
    0.130272335361150970E+01    0.316287575576897240E+00    0.835375118310227990E+08   -0.618800286822530978E+02
    0.130306200998541977E+01    0.325696590689792842E+00    0.835208074027288109E+08   -0.615287541843308503E+02
    0.130530893332791909E+01    0.322572724154806423E+00    0.834497001128942221E+08   -0.617874378607335402E+02
    0.130145896874416556E+01    0.343558080174975800E+00    0.836381563340519667E+08   -0.616212464281057706E+02
    0.130499324172441522E+01    0.353279071732075067E+00    0.834963836683034152E+08   -0.617264215895744215E+02
    0.130943511208641405E+01    0.350013996374231695E+00    0.834665101929331720E+08   -0.619718570827055544E+02
    0.129987308007404767E+01    0.364127463529595019E+00    0.833409726460076720E+08   -0.618588422520495982E+02
    0.130473292023490095E+01    0.367895890046845864E+00    0.833584988454111964E+08   -0.619776672354250167E+02
    0.130790664012389724E+01    0.380733388511663051E+00    0.832046917202122211E+08   -0.618399040218374836E+02
    0.130153186247607389E+01    0.367213095792148891E+00    0.834995527383036613E+08   -0.619971759982887818E+02
    0.130328661053822881E+01    0.357409990194266669E+00    0.835437354302980304E+08   -0.617514945997797753E+02
    0.131023056537440952E+01    0.353985442088537994E+00    0.833824346043397784E+08   -0.617999070944771560E+02
    0.130671691289202974E+01    0.346487886770391995E+00    0.834352181617049873E+08   -0.617881653023144537E+02
    0.129686120989749898E+01    0.358955199365198041E+00    0.836354398033816665E+08   -0.619881585850445660E+02
    0.128321627135255567E+01    0.422776694173185419E+00    0.838664295499682724E+08   -0.618281196672078934E+02
    0.129255873196658100E+01    0.406763003246638277E+00    0.837828842745652199E+08   -0.618855054371879305E+02
    0.128830837526055642E+01    0.390698557715047912E+00    0.837681122452581823E+08   -0.618320567319789802E+02
    0.129052827119588875E+01    0.417210164901737457E+00    0.839913674902327061E+08   -0.616711612582208772E+02
    0.129580280864496711E+01    0.395106378236281586E+00    0.838465624501696080E+08   -0.620168552415353176E+02
    0.130556011911259051E+01    0.288266190563577496E+00    0.832660022177922875E+08   -0.615401689360216722E+02
    0.132113821108073948E+01    0.299761986745142650E+00    0.832308454907984883E+08   -0.618685237040540414E+02
    0.130675857308202259E+01    0.303577050342688892E+00    0.832537478097282350E+08   -0.619450081796810963E+02
    0.128254549514424987E+01    0.328450454898792543E+00    0.836903516695664227E+08   -0.614147297130878087E+02
    0.128254549514424987E+01    0.328450454898792543E+00    0.836903516695664227E+08   -0.614147297130878087E+02
    0.128467537214339389E+01    0.299968480940114191E+00    0.836341229274099469E+08   -0.614413272669616148E+02
    0.129087556742213927E+01    0.336449145882749434E+00    0.834391624900548905E+08   -0.619178737743683527E+02
    0.129067527093862799E+01    0.337906415508637537E+00    0.835654432704671025E+08   -0.620353832266237788E+02
    0.126566893639140243E+01    0.348288903133507688E+00    0.843060219427155554E+08   -0.618299634761716419E+02
    0.126871997246318924E+01    0.358480713181371868E+00    0.844066841846645772E+08   -0.613774674352671639E+02
    0.126816578171448269E+01    0.353483224804836738E+00    0.841251761693294942E+08   -0.619094627963324768E+02
    0.127861673309468316E+01    0.341845358042920822E+00    0.843608968436119854E+08   -0.617451039164622131E+02
    0.127861673309468316E+01    0.341845358042920822E+00    0.843608968436119854E+08   -0.617451039164622131E+02
    0.127258963634253597E+01    0.361803041364526123E+00    0.842388426746903360E+08   -0.620302801199008798E+02
    0.127987486345396961E+01    0.360405304524622494E+00    0.842304892236411422E+08   -0.620896108685211203E+02
    0.127147530391456698E+01    0.363191790160426464E+00    0.842353067122686207E+08   -0.616387842292004962E+02
    0.127598082111331701E+01    0.341909985304395647E+00    0.840084119486183524E+08   -0.616546276470348786E+02
    0.127978774818753460E+01    0.345470551206535248E+00    0.842131593482695222E+08   -0.616262672889814596E+02
    0.127583795151311108E+01    0.337956811880379959E+00    0.841368807170536220E+08   -0.617563314262523519E+02
    0.127650220315785479E+01    0.356199251585234578E+00    0.842291330892032385E+08   -0.616427457414699802E+02
    0.127624329468915554E+01    0.345352961401539815E+00    0.840606805644309223E+08   -0.617821538206947238E+02
    0.127900380330418839E+01    0.345214861719163935E+00    0.841338277883113027E+08   -0.615884677567967884E+02
    0.127543377670692260E+01    0.375812894363548367E+00    0.844417906777628064E+08   -0.620404180744179001E+02
    0.127947989848383736E+01    0.385051544029114012E+00    0.841175621053900123E+08   -0.619179274204253929E+02
    0.127356915361311618E+01    0.388460059180513184E+00    0.840008970470277369E+08   -0.613505503875371829E+02
    0.127917905190385572E+01    0.383726772230959412E+00    0.844505034571843445E+08   -0.619014237668229725E+02
    0.128168159883244792E+01    0.384052263401965632E+00    0.843112827410886884E+08   -0.618343698722583355E+02
    0.128184102381215581E+01    0.392578636607577636E+00    0.841587559860602170E+08   -0.619392529511905963E+02
    0.127776782054230997E+01    0.371685768986054654E+00    0.840866056352228075E+08   -0.620015311263190725E+02
    0.128111098585692651E+01    0.383885742492257265E+00    0.842768398561638892E+08   -0.619405466911632061E+02
    0.127371074328591560E+01    0.390537291130998554E+00    0.839801602016087472E+08   -0.618010656055467393E+02
    0.126355807320469182E+01    0.391971183222288744E+00    0.842721964965462685E+08   -0.615646025233443766E+02
    0.126407650788337311E+01    0.396855356972999118E+00    0.845366135929311812E+08   -0.618500369360525468E+02
    0.126541021370700157E+01    0.436128905473632145E+00    0.844401784179507643E+08   -0.619040025554435545E+02
    0.127741662029422942E+01    0.408698658032239592E+00    0.841149406577444524E+08   -0.620733579104326907E+02
    0.127624458849478106E+01    0.393683229027356418E+00    0.841841367311498523E+08   -0.617154807053468062E+02
    0.128102917591146648E+01    0.399657790715012950E+00    0.840460038051343858E+08   -0.617274981712725079E+02
    0.127338434802688361E+01    0.477379802549700472E+00    0.842315681512540132E+08   -0.619815158178622099E+02
    0.126191179628858685E+01    0.365086883960586306E+00    0.847465243156216145E+08   -0.619393667969833785E+02
    0.126113520361634102E+01    0.354090635603368398E+00    0.845676955069555938E+08   -0.615959249146848222E+02
    0.126268992595168661E+01    0.341733899417498321E+00    0.846340706692007184E+08   -0.613351056138092900E+02
    0.126268992595168661E+01    0.341733899417498321E+00    0.846340706692007184E+08   -0.613351056138092900E+02
    0.126137684670093941E+01    0.346198901435146311E+00    0.845981678753634542E+08   -0.612121961454493331E+02
    0.125782703172427057E+01    0.351697986341370950E+00    0.847943045434167683E+08   -0.614910690210685402E+02
    0.125782703172427057E+01    0.351697986341370950E+00    0.847943045434167683E+08   -0.614910690210685402E+02
    0.127073226255763161E+01    0.322019995552270899E+00    0.844565808727727234E+08   -0.618958466428428480E+02
    0.127174845600114095E+01    0.321678602985491224E+00    0.844353796883269697E+08   -0.617421749676332325E+02
    0.125394015975687045E+01    0.332187303312050375E+00    0.847266834390623271E+08   -0.617980835027906039E+02
    0.125078363107957813E+01    0.328073235594995793E+00    0.844276987177952230E+08   -0.613294795148403722E+02
    0.125078363107957813E+01    0.328073235594995793E+00    0.844276987177952230E+08   -0.613294795148403722E+02
    0.125473110654736497E+01    0.346981946487147752E+00    0.844275230486736596E+08   -0.614697828836095397E+02
    0.126161907950467689E+01    0.329350061465884636E+00    0.847703290692979097E+08   -0.618428395938365156E+02
    0.125478345600654051E+01    0.325753888954976034E+00    0.849174202369090021E+08   -0.615082823874767541E+02
    0.126025967652597681E+01    0.319289228925709878E+00    0.848235947626317292E+08   -0.617629706483199570E+02
    0.125502277498268544E+01    0.310843857019293068E+00    0.848107274667626023E+08   -0.613206630356131654E+02
    0.125502277498268544E+01    0.310843857019293068E+00    0.848107274667626023E+08   -0.613206630356131654E+02
    0.125569724175432684E+01    0.312624114062860059E+00    0.847920820017822981E+08   -0.613238816648121912E+02
    0.125569724175432684E+01    0.312624114062860059E+00    0.847920820017822981E+08   -0.613238816648121912E+02
    0.125191040851905466E+01    0.306573050063306596E+00    0.849083000761610568E+08   -0.620381750602217039E+02
    0.126202136788174446E+01    0.317660890236783899E+00    0.847897517089882940E+08   -0.614899839961246641E+02
    0.122741663974964332E+01    0.299598866403094632E+00    0.856948489241064340E+08   -0.618391686859938048E+02
    0.124826386297582204E+01    0.311482004296125936E+00    0.852173680922484994E+08   -0.620231256821727399E+02
