    0.173272040525293880E+00    0.492395108097024803E+00    0.293743206985590315E+10   -0.116502466456754576E+03
    0.215740574194269785E+00    0.443339005429370658E+00    0.266193855682964611E+10   -0.114195771604819100E+03
    0.213001038584081703E+00    0.553981514483673720E+00    0.271843166364357996E+10   -0.113642275012520372E+03
    0.183620288596530012E+00    0.637297741981988963E+00    0.292547556678891182E+10   -0.113241152287697929E+03
    0.223640272852250244E+00    0.436941105084972747E+00    0.262013466327613306E+10   -0.113195846206867557E+03
    0.181062989607298053E+00    0.542309787780224539E+00    0.289935249700737095E+10   -0.113171540552664354E+03
    0.211464817358699320E+00    0.632951291132792804E+00    0.267791306824470711E+10   -0.112957585043537321E+03
    0.183147487420296518E+00    0.668402091878832039E+00    0.288345345825875807E+10   -0.112828861434342357E+03
    0.239849226714658914E+00    0.593392601000893194E+00    0.255681698035564137E+10   -0.112758657482838260E+03
    0.224986708910283273E+00    0.475692628414840613E+00    0.264819968283959866E+10   -0.112581498252704066E+03
    0.195934380532513053E+00    0.592626290283597257E+00    0.281913831419670296E+10   -0.112472775093284184E+03
    0.216244668734093204E+00    0.586763012496586356E+00    0.268335794938513708E+10   -0.112451605231363772E+03
    0.196200254152814446E+00    0.562422249501731031E+00    0.284352315628926754E+10   -0.112208047962171207E+03
    0.184145623644312972E+00    0.639800201378836420E+00    0.290703281412107944E+10   -0.112202571747828529E+03
    0.214997912550176640E+00    0.495825002143646998E+00    0.271426707039478636E+10   -0.112033242608006532E+03
    0.223721670719427390E+00    0.471596644639884488E+00    0.261183765673879910E+10   -0.112029663976889609E+03
    0.165418611163337392E+00    0.610791712326548719E+00    0.304022833512387800E+10   -0.112006433108405773E+03
    0.204089032228231437E+00    0.597393062141014397E+00    0.274184640236879063E+10   -0.111898294513981938E+03
    0.169223634951000873E+00    0.514028301854533964E+00    0.299028801478084612E+10   -0.111809545930160937E+03
    0.176285358653566204E+00    0.500116610103644277E+00    0.293550378846285057E+10   -0.111767017381837832E+03
    0.199388374903050114E+00    0.550224484234560052E+00    0.277894848613979483E+10   -0.111706708229559439E+03
    0.217291991852541166E+00    0.490634449638518433E+00    0.265172827477129078E+10   -0.111657213533398121E+03
    0.171896490667468010E+00    0.438331341344341041E+00    0.298465362229912281E+10   -0.111582436002616063E+03
    0.198281987170825624E+00    0.601745254619212133E+00    0.280476376105041265E+10   -0.111571807662326577E+03
    0.227697493372476634E+00    0.494695216169487750E+00    0.263116093891854620E+10   -0.111451603244661939E+03
    0.178880730268139054E+00    0.707675658257391760E+00    0.293079550670738316E+10   -0.111445058422948691E+03
    0.222009540962675611E+00    0.576874551921481071E+00    0.267842636033146620E+10   -0.111412515555442013E+03
    0.201286379593768883E+00    0.537216345457085964E+00    0.277511732049312353E+10   -0.111362031393250319E+03
    0.227479963146515418E+00    0.584057590695689299E+00    0.261826577983168840E+10   -0.111361949530949403E+03
    0.209310307956147412E+00    0.538924920754777048E+00    0.271169466957975054E+10   -0.111359782019370414E+03
    0.182922108401636363E+00    0.698704570086064791E+00    0.288494823425364113E+10   -0.111311053878215205E+03
    0.194380786115586790E+00    0.624382580573396240E+00    0.281502115999977160E+10   -0.111261002180174160E+03
    0.175312037660987130E+00    0.591897711085145772E+00    0.296271218469203758E+10   -0.111237650048287833E+03
    0.203172581688006282E+00    0.552377773836035146E+00    0.277979181466194010E+10   -0.111226615057884572E+03
    0.181957170230486631E+00    0.591444443551981891E+00    0.292400215754504108E+10   -0.111215481755846085E+03
    0.259722545213519562E+00    0.645726693086086101E+00    0.246831476052550793E+10   -0.111212254052786591E+03
    0.221522700926602090E+00    0.575888769274984114E+00    0.263018709505079603E+10   -0.111139301205581290E+03
    0.193146468665325199E+00    0.641483909640749417E+00    0.282340148940496778E+10   -0.111118459424219623E+03
    0.214867128991824696E+00    0.602503760610879624E+00    0.266724414493713617E+10   -0.111052768829686528E+03
    0.231771117372332247E+00    0.583880488506714812E+00    0.257292380310387039E+10   -0.110998656199609314E+03
    0.191823654189313908E+00    0.576867337949373393E+00    0.282209178772551727E+10   -0.110942847969662267E+03
    0.204627246850695166E+00    0.594664649433660486E+00    0.279280472219926691E+10   -0.110918197642061358E+03
    0.174263827464967103E+00    0.571218949488878636E+00    0.298421269522333002E+10   -0.110885163491528061E+03
    0.208044477392595406E+00    0.567114188572872990E+00    0.277372398828223848E+10   -0.110877439270406143E+03
    0.206075959773357631E+00    0.559602038564005255E+00    0.273318001060149670E+10   -0.110850615229368785E+03
    0.192561980611486938E+00    0.524573372199398591E+00    0.286035045309684038E+10   -0.110745883657466337E+03
    0.211098202970001481E+00    0.531446478050856541E+00    0.269918674320167875E+10   -0.110717500762271868E+03
    0.198721164388310112E+00    0.485090053446977976E+00    0.276952591189671516E+10   -0.110695761514421889E+03
    0.172911367302573477E+00    0.533530645388655245E+00    0.297105772504244566E+10   -0.110689236986558825E+03
    0.203732111576024499E+00    0.543556429943416575E+00    0.277299623402181196E+10   -0.110656807884034720E+03
    0.191551941673976267E+00    0.612270135567598572E+00    0.285649444861681175E+10   -0.110655438028377773E+03
    0.217565393890612135E+00    0.546210376632288330E+00    0.269423091930550385E+10   -0.110631425276481366E+03
    0.195209639247506617E+00    0.564083825250021320E+00    0.283401128439299870E+10   -0.110622112075639194E+03
    0.206059910644223687E+00    0.576375496031220180E+00    0.273310216331177330E+10   -0.110608951224964230E+03
    0.191579921350313154E+00    0.565140051755292916E+00    0.283602698559281349E+10   -0.110510435146520152E+03
    0.202825975656656499E+00    0.527976191210171919E+00    0.274312261276538897E+10   -0.110465369743841649E+03
    0.181482255284401484E+00    0.584878102400228528E+00    0.293262099046631908E+10   -0.110452691855016241E+03
    0.176276761072260812E+00    0.558468365091382424E+00    0.294308986268286943E+10   -0.110443514490914851E+03
    0.174135685784446076E+00    0.571566981986887157E+00    0.298408319096364260E+10   -0.110402969005006881E+03
    0.214802080533701145E+00    0.612980570489503052E+00    0.267102975065551043E+10   -0.110392778276581637E+03
    0.234279616863414419E+00    0.513264640152421237E+00    0.259054206636599112E+10   -0.110392756587908920E+03
    0.217509192506001314E+00    0.507487439760458514E+00    0.267598585921662235E+10   -0.110367786306831732E+03
    0.202979232907232132E+00    0.528748204439096980E+00    0.273879788960922432E+10   -0.110367781106050785E+03
    0.221043542091611533E+00    0.567540530037833335E+00    0.265494060887728357E+10   -0.110362529361118987E+03
    0.227742860685674953E+00    0.612199748643657671E+00    0.261566084118178368E+10   -0.110321017858705204E+03
    0.233534563552294683E+00    0.627318413372321970E+00    0.257117094594002390E+10   -0.110320061740973614E+03
    0.203812202234759987E+00    0.536656458211341558E+00    0.274598162086721945E+10   -0.110289039535338446E+03
    0.188074688958317360E+00    0.551583211296337694E+00    0.284819555335129595E+10   -0.110252149820380822E+03
    0.187521938477816952E+00    0.538873639090395429E+00    0.287420656050220680E+10   -0.110232249696926061E+03
    0.191046419804484890E+00    0.632544450462139807E+00    0.285709572515929890E+10   -0.110226021082840816E+03
    0.196323140167734000E+00    0.626456118676482987E+00    0.279736702255925083E+10   -0.110221832669416187E+03
    0.220119634597699232E+00    0.495581477572548224E+00    0.266018093953584623E+10   -0.110199331364615958E+03
    0.201132010587992627E+00    0.573832695046494479E+00    0.277436964594291639E+10   -0.110187120311222301E+03
    0.175062481737533526E+00    0.544343375942775154E+00    0.296622845247245073E+10   -0.110180535463159870E+03
    0.200740434673237822E+00    0.581179447435244967E+00    0.275856320183871651E+10   -0.110124570457871926E+03
    0.218730213705148169E+00    0.618276994063231555E+00    0.268652497598173332E+10   -0.110117551526636859E+03
    0.210486621227984227E+00    0.599515229719782994E+00    0.270327895318638039E+10   -0.110098798551544178E+03
    0.210034087220412558E+00    0.613254150074736160E+00    0.273274671421241045E+10   -0.110091526966574037E+03
    0.209204852635658245E+00    0.656335770359222082E+00    0.274348136172344875E+10   -0.110080940677649565E+03
    0.183327567092157917E+00    0.580714215148081081E+00    0.288516210865866947E+10   -0.110069417726841124E+03
    0.224217445013472516E+00    0.605233306178160291E+00    0.263961500887006950E+10   -0.110037589530860203E+03
    0.188695716827121052E+00    0.532535528755509802E+00    0.287179755728939295E+10   -0.110031535423860234E+03
    0.206871332211722381E+00    0.600735476402476820E+00    0.272265378458480787E+10   -0.110006618588821993E+03
    0.186015562800922796E+00    0.594633529437452069E+00    0.287042508643833447E+10   -0.109993470845641539E+03
    0.220499544536952752E+00    0.615869833801820477E+00    0.264054129568877697E+10   -0.109991065909221234E+03
    0.189649832340249347E+00    0.622002873501223519E+00    0.284390517606531191E+10   -0.109973276003838350E+03
    0.191178314659460336E+00    0.564796076978613115E+00    0.285395289806896973E+10   -0.109967149287527633E+03
    0.217923421730266020E+00    0.548075995080631984E+00    0.267856863302889872E+10   -0.109958732928157843E+03
    0.195345661719015906E+00    0.642559859364094876E+00    0.281685417365606833E+10   -0.109941133903270583E+03
    0.184261759085373567E+00    0.548596532089050015E+00    0.290161160450666142E+10   -0.109922439461165467E+03
    0.206301164977534424E+00    0.589252842481105432E+00    0.276260691415405846E+10   -0.109916153261897591E+03
    0.206301164977534424E+00    0.589252842481105432E+00    0.276260691415405846E+10   -0.109916153261897591E+03
    0.192578845808427601E+00    0.599261667877827975E+00    0.282707960517395020E+10   -0.109907549351019327E+03
    0.192578845808427601E+00    0.599261667877827975E+00    0.282707960517395020E+10   -0.109907549351019327E+03
    0.207453734150840563E+00    0.637033277654312613E+00    0.272261765215368032E+10   -0.109892225262031445E+03
    0.207453734150840563E+00    0.637033277654312613E+00    0.272261765215368032E+10   -0.109892225262031445E+03
    0.194610299040089252E+00    0.617397812229800280E+00    0.282066497974745369E+10   -0.109887136761719475E+03
    0.181345366164465893E+00    0.567571362881142960E+00    0.292033963356577778E+10   -0.109863744822000811E+03
    0.181345366164465893E+00    0.567571362881142960E+00    0.292033963356577778E+10   -0.109863744822000811E+03
    0.188855544376167916E+00    0.560197514078916825E+00    0.285600089646125269E+10   -0.109850525070294509E+03
    0.229096395074587400E+00    0.528590962083644200E+00    0.260485024123300695E+10   -0.109838048242483580E+03
    0.227366749558124359E+00    0.624380619345837218E+00    0.261664708449296379E+10   -0.109823823875635526E+03
    0.201259307384132724E+00    0.633254920277339650E+00    0.276640558453658628E+10   -0.109823584064260530E+03
    0.203758356452117040E+00    0.524876937702341451E+00    0.278799611105548286E+10   -0.109821993927520566E+03
    0.204671867617421954E+00    0.478670037604588927E+00    0.273777134572285795E+10   -0.109818182333980218E+03
    0.222136264239628567E+00    0.556699049002958191E+00    0.265622361662856054E+10   -0.109816050368895134E+03
    0.224005392831095607E+00    0.629708214586441883E+00    0.261920889116120768E+10   -0.109808515523924001E+03
    0.213655276989554499E+00    0.584311858419848562E+00    0.271125050970084667E+10   -0.109794654192915317E+03
    0.209140647552583936E+00    0.573507138920188453E+00    0.273210950599706364E+10   -0.109777191163268952E+03
    0.181638163216436943E+00    0.527512404405461766E+00    0.290376112791957760E+10   -0.109755131893912846E+03
    0.181638163216436943E+00    0.527512404405461766E+00    0.290376112791957760E+10   -0.109755131893912846E+03
    0.222056000961065703E+00    0.589862466242831118E+00    0.265085066980640554E+10   -0.109753357797036827E+03
    0.222056000961065703E+00    0.589862466242831118E+00    0.265085066980640554E+10   -0.109753357797036827E+03
    0.247234041474067578E+00    0.614594638316408037E+00    0.251238602636035109E+10   -0.109750454693990505E+03
    0.247234041474067578E+00    0.614594638316408037E+00    0.251238602636035109E+10   -0.109750454693990505E+03
    0.207659230331974087E+00    0.673400823762213108E+00    0.274236281731123829E+10   -0.109740065082405351E+03
    0.207659230331974087E+00    0.673400823762213108E+00    0.274236281731123829E+10   -0.109740065082405351E+03
    0.189533721469540006E+00    0.564530711436258770E+00    0.285477718618485737E+10   -0.109727774040324576E+03
    0.186736940452425504E+00    0.565982579137060071E+00    0.287717186129041576E+10   -0.109711743507661510E+03
    0.186736940452425504E+00    0.565982579137060071E+00    0.287717186129041576E+10   -0.109711743507661510E+03
    0.203984780270475508E+00    0.587532351033061673E+00    0.277465315686790895E+10   -0.109708183474729978E+03
    0.198895907540642014E+00    0.469274236808738365E+00    0.281338407207722378E+10   -0.109701162524955947E+03
    0.205681649096305152E+00    0.602750202576061156E+00    0.274112448815507936E+10   -0.109669476310046704E+03
    0.189089672959349475E+00    0.542450047225154108E+00    0.286111963499748993E+10   -0.109664531837109962E+03
    0.199929124929320523E+00    0.628846102511197103E+00    0.278081577680963469E+10   -0.109631431080966721E+03
    0.199798634256348084E+00    0.575428329012236617E+00    0.280252901608020020E+10   -0.109619872324926135E+03
    0.211912153552283100E+00    0.630039784438656270E+00    0.272549703906819296E+10   -0.109603991030728508E+03
    0.189747037563958054E+00    0.594658485578985818E+00    0.284513605228443289E+10   -0.109601280816573137E+03
    0.181425084744714582E+00    0.509611283231663492E+00    0.291751364099861240E+10   -0.109598772158384534E+03
    0.199392417890073781E+00    0.615320479113741214E+00    0.278478179114444113E+10   -0.109594470843624649E+03
    0.181069163719933979E+00    0.548902648484512312E+00    0.291846552328188372E+10   -0.109562252658946491E+03
    0.223182137013377579E+00    0.565726500749102357E+00    0.262820785082200813E+10   -0.109534954920695014E+03
    0.195813838115673933E+00    0.651091191052932672E+00    0.280808324502426815E+10   -0.109532460452361263E+03
    0.226461543646678976E+00    0.538052300840925923E+00    0.262303861214336252E+10   -0.109522411079156996E+03
    0.191098004389763210E+00    0.521336610905665410E+00    0.285294158391771555E+10   -0.109503392510346217E+03
    0.191098004389763210E+00    0.521336610905665410E+00    0.285294158391771555E+10   -0.109503392510346217E+03
    0.186373256919754093E+00    0.636997032736283941E+00    0.287551114552693510E+10   -0.109480556688905651E+03
    0.214412151620415770E+00    0.488118086763236647E+00    0.268085537339502144E+10   -0.109469293755308414E+03
    0.193589654717804704E+00    0.602023582537041690E+00    0.282290969757325697E+10   -0.109441236217476600E+03
    0.201684609925243841E+00    0.546531906372846876E+00    0.278006993080071831E+10   -0.109437450730604496E+03
    0.183726241646369137E+00    0.690848524659784857E+00    0.290857653003396368E+10   -0.109433977584454368E+03
    0.202169820287623703E+00    0.588597613333998737E+00    0.276204493862719011E+10   -0.109411858772934622E+03
    0.220717962811211976E+00    0.600193781307803320E+00    0.265759061641317081E+10   -0.109365502596788389E+03
    0.220717962811211976E+00    0.600193781307803320E+00    0.265759061641317081E+10   -0.109365502596788389E+03
    0.211420384038277842E+00    0.579494844242464779E+00    0.273843426950946093E+10   -0.109355976630437198E+03
    0.204364060009878612E+00    0.666764987769223438E+00    0.274867746287488699E+10   -0.109352411603911534E+03
    0.201271287457459092E+00    0.647373857204780023E+00    0.277014198535653543E+10   -0.109339453331264252E+03
    0.208275545525623829E+00    0.487878371842199954E+00    0.273377903508776951E+10   -0.109320343414001258E+03
    0.204759214275984591E+00    0.677768301127672501E+00    0.275904310972021341E+10   -0.109318880549051528E+03
    0.204759214275984591E+00    0.677768301127672501E+00    0.275904310972021341E+10   -0.109318880549051528E+03
    0.196434070770547753E+00    0.561734827392134761E+00    0.281943098655469942E+10   -0.109318472214399151E+03
    0.196434070770547753E+00    0.561734827392134761E+00    0.281943098655469942E+10   -0.109318472214399151E+03
    0.190345329084378623E+00    0.599553381759980297E+00    0.286895720276388597E+10   -0.109313517198565748E+03
    0.190345329084378623E+00    0.599553381759980297E+00    0.286895720276388597E+10   -0.109313517198565748E+03
    0.205487027569521197E+00    0.595109673267318229E+00    0.274014740214069843E+10   -0.109312897970529519E+03
    0.203487589680598935E+00    0.581408205260062871E+00    0.274878533523423862E+10   -0.109312762521173624E+03
    0.199630869960796653E+00    0.485521608612540234E+00    0.279585447225124025E+10   -0.109291907191457611E+03
    0.199630869960796653E+00    0.485521608612540234E+00    0.279585447225124025E+10   -0.109291907191457611E+03
    0.201614984847785728E+00    0.511128332772273097E+00    0.277400077310689211E+10   -0.109285780509390207E+03
    0.218960252142324285E+00    0.580724687885567192E+00    0.268303909729471827E+10   -0.109258304295239526E+03
    0.218960252142324285E+00    0.580724687885567192E+00    0.268303909729471827E+10   -0.109258304295239526E+03
    0.191251801875565119E+00    0.580177402504126860E+00    0.286386153992594528E+10   -0.109228172713859166E+03
    0.191251801875565119E+00    0.580177402504126860E+00    0.286386153992594528E+10   -0.109228172713859166E+03
    0.215226284955931435E+00    0.599322974567858324E+00    0.268536653063657141E+10   -0.109211549888130378E+03
    0.215226284955931435E+00    0.599322974567858324E+00    0.268536653063657141E+10   -0.109211549888130378E+03
    0.196016557952168491E+00    0.666281777283268539E+00    0.281684902235877371E+10   -0.109208166710194376E+03
    0.211919107830333242E+00    0.557770179413212830E+00    0.271055006591080809E+10   -0.109183410807143815E+03
    0.193221310109865874E+00    0.605654218302241532E+00    0.282853769663185453E+10   -0.109181447449696378E+03
    0.198225126099567439E+00    0.608886423690620404E+00    0.278411488748085785E+10   -0.109170914553570469E+03
    0.181465320222176041E+00    0.566401368690689466E+00    0.292083814318728161E+10   -0.109162834873276324E+03
    0.181465320222176041E+00    0.566401368690689466E+00    0.292083814318728161E+10   -0.109162834873276324E+03
    0.190325022098069174E+00    0.620558207651097149E+00    0.286485379840209532E+10   -0.109154979294948930E+03
    0.220018859377956733E+00    0.598142821812894354E+00    0.266980404818274641E+10   -0.109132629683757273E+03
    0.183185679199132256E+00    0.545985208077009787E+00    0.291791596258981848E+10   -0.109129700177547306E+03
    0.205948486129909403E+00    0.609108019445407933E+00    0.277257350060351229E+10   -0.109111718972740320E+03
    0.205948486129909403E+00    0.609108019445407933E+00    0.277257350060351229E+10   -0.109111718972740320E+03
    0.191446849731161162E+00    0.531375853035378043E+00    0.283651539391086721E+10   -0.109110946895455641E+03
    0.198894962137686537E+00    0.573093431229224848E+00    0.278554964660195971E+10   -0.109105213284098738E+03
    0.200677758071823142E+00    0.496742453058875100E+00    0.278494889229809427E+10   -0.109084235492391628E+03
    0.214797903149035907E+00    0.503682974118841997E+00    0.267302535562158489E+10   -0.109038945436873576E+03
    0.205335678629547713E+00    0.540311203134635321E+00    0.278042754650918818E+10   -0.109036238600621147E+03
    0.204919215738161742E+00    0.595512297140682989E+00    0.275429164129682589E+10   -0.109029912965782742E+03
    0.197649509642773502E+00    0.605921941981126366E+00    0.280391324457928181E+10   -0.109018378450848644E+03
    0.197649509642773502E+00    0.605921941981126366E+00    0.280391324457928181E+10   -0.109018378450848644E+03
    0.201674956971590158E+00    0.598412380572382219E+00    0.276375252775811148E+10   -0.109014369099673374E+03
    0.197357184897029247E+00    0.542559775362390084E+00    0.280102242982307863E+10   -0.108998434654746276E+03
    0.197357184897029247E+00    0.542559775362390084E+00    0.280102242982307863E+10   -0.108998434654746276E+03
    0.203038267025044294E+00    0.686657926104745187E+00    0.276027506964763403E+10   -0.108995930954946118E+03
    0.214027424019435697E+00    0.517556628576132383E+00    0.268118373631737757E+10   -0.108977652382013304E+03
    0.208376049858241208E+00    0.573268511851006579E+00    0.275093753264951944E+10   -0.108975461467985639E+03
    0.208376049858241208E+00    0.573268511851006579E+00    0.275093753264951944E+10   -0.108975461467985639E+03
    0.209131161957027023E+00    0.586022734207428897E+00    0.271595849594741631E+10   -0.108966200432022163E+03
    0.213157847068646655E+00    0.554855289128838081E+00    0.271403121880634546E+10   -0.108961609306117879E+03
    0.213157847068646655E+00    0.554855289128838081E+00    0.271403121880634546E+10   -0.108961609306117879E+03
    0.212370146162914386E+00    0.599255945214462571E+00    0.270437208949168968E+10   -0.108955605365744063E+03
    0.212370146162914386E+00    0.599255945214462571E+00    0.270437208949168968E+10   -0.108955605365744063E+03
    0.212179337943739388E+00    0.634967519955463189E+00    0.273075414032890129E+10   -0.108954526729527998E+03
    0.189902452673696709E+00    0.612269004126789085E+00    0.287311000731081820E+10   -0.108952901650414816E+03
    0.204562788446081611E+00    0.669524362549516638E+00    0.275320325044936562E+10   -0.108949040729822897E+03
    0.209255440396917014E+00    0.480540851835602467E+00    0.272193140212451601E+10   -0.108947677921761311E+03
    0.207405301018105837E+00    0.639184453103192496E+00    0.275870645327061796E+10   -0.108938947125837558E+03
    0.207405301018105837E+00    0.639184453103192496E+00    0.275870645327061796E+10   -0.108938947125837558E+03
    0.183948913767862265E+00    0.550121485057790238E+00    0.289513171411628389E+10   -0.108935907736917542E+03
    0.195816581272806156E+00    0.619253726190663656E+00    0.280581192850045490E+10   -0.108928045708180775E+03
    0.203285260482687580E+00    0.634488936528590841E+00    0.276134356121350193E+10   -0.108920243968449398E+03
    0.211629713833676680E+00    0.618409470355780755E+00    0.274064376549377012E+10   -0.108916703593137839E+03
    0.202536827271899311E+00    0.638184972128545525E+00    0.276303781933004475E+10   -0.108909376367514426E+03
    0.194140709618875140E+00    0.496355686284495334E+00    0.283177735044483662E+10   -0.108885616736188553E+03
    0.213825994335712644E+00    0.593721136346051281E+00    0.269027974707198620E+10   -0.108870814136506084E+03
    0.193026486916770490E+00    0.562674088620941149E+00    0.282510226653876162E+10   -0.108867419021927702E+03
    0.193026486916770490E+00    0.562674088620941149E+00    0.282510226653876162E+10   -0.108867419021927702E+03
    0.211292283862369756E+00    0.510160368955006049E+00    0.271605871680012035E+10   -0.108842933622815650E+03
    0.196642046499508116E+00    0.585492874442369526E+00    0.281599271465609884E+10   -0.108803396084954684E+03
    0.207893209504442844E+00    0.645033714813029846E+00    0.273845604381257200E+10   -0.108785515967824537E+03
    0.210394564076620383E+00    0.553365954264521065E+00    0.271388613500888443E+10   -0.108753747645689259E+03
    0.210394564076620383E+00    0.553365954264521065E+00    0.271388613500888443E+10   -0.108753747645689259E+03
    0.194648990576753944E+00    0.567984287204627236E+00    0.281625265356904268E+10   -0.108742447807137921E+03
    0.194648990576753944E+00    0.567984287204627236E+00    0.281625265356904268E+10   -0.108742447807137921E+03
    0.199605823330914312E+00    0.543019967216144650E+00    0.278280970456854868E+10   -0.108726022064739539E+03
    0.199605823330914312E+00    0.543019967216144650E+00    0.278280970456854868E+10   -0.108726022064739539E+03
    0.205538804109696494E+00    0.636332459254331795E+00    0.276580857827647448E+10   -0.108723302795340402E+03
    0.218689147975347054E+00    0.607883847248034570E+00    0.265905694505209446E+10   -0.108711542031329429E+03
    0.218689147975347054E+00    0.607883847248034570E+00    0.265905694505209446E+10   -0.108711542031329429E+03
    0.213443779898090213E+00    0.560321690271486261E+00    0.269328972985159206E+10   -0.108707010776650108E+03
    0.213443779898090213E+00    0.560321690271486261E+00    0.269328972985159206E+10   -0.108707010776650108E+03
    0.202094233091412723E+00    0.579520845579626354E+00    0.277539984492642784E+10   -0.108704761354299023E+03
    0.202094233091412723E+00    0.579520845579626354E+00    0.277539984492642784E+10   -0.108704761354299023E+03
    0.206557273437437072E+00    0.491854845377872607E+00    0.273298131793026018E+10   -0.108697565096630612E+03
    0.206557273437437072E+00    0.491854845377872607E+00    0.273298131793026018E+10   -0.108697565096630612E+03
    0.197536217800257596E+00    0.555188699849393785E+00    0.279079853316683245E+10   -0.108693423125311739E+03
    0.197536217800257596E+00    0.555188699849393785E+00    0.279079853316683245E+10   -0.108693423125311739E+03
    0.202015502063438879E+00    0.467177481587823351E+00    0.276333209902769852E+10   -0.108691488983574672E+03
    0.202432255319123122E+00    0.623809145851140556E+00    0.276449889623348570E+10   -0.108690677655895129E+03
    0.205720632211737309E+00    0.628205393078243191E+00    0.276142780069273138E+10   -0.108690186983017000E+03
    0.195122627813979987E+00    0.609325299313583812E+00    0.282564157941848040E+10   -0.108675953949903175E+03
    0.210642875053822787E+00    0.623981502062962434E+00    0.273268852293220234E+10   -0.108669976576362217E+03
    0.210642875053822787E+00    0.623981502062962434E+00    0.273268852293220234E+10   -0.108669976576362217E+03
    0.200418935404866161E+00    0.591887139887283809E+00    0.277975120999061060E+10   -0.108664045322438483E+03
    0.199762425805734001E+00    0.499918274475385616E+00    0.279627941736339712E+10   -0.108657249352384071E+03
    0.210340122329547685E+00    0.471622132095593116E+00    0.271117955538039494E+10   -0.108646988463737756E+03
    0.190192074244254272E+00    0.507222828760053090E+00    0.285929734903831768E+10   -0.108644497166890631E+03
    0.198343432693018351E+00    0.614234370851551859E+00    0.280894230816785288E+10   -0.108626790638719186E+03
    0.198343432693018351E+00    0.614234370851551859E+00    0.280894230816785288E+10   -0.108626790638719186E+03
    0.213673352092889235E+00    0.637231742168722803E+00    0.272446847995502329E+10   -0.108613051408403663E+03
    0.213673352092889235E+00    0.637231742168722803E+00    0.272446847995502329E+10   -0.108613051408403663E+03
    0.199484480699160083E+00    0.589163441998286075E+00    0.278886213043495274E+10   -0.108597814448032608E+03
    0.199484480699160083E+00    0.589163441998286075E+00    0.278886213043495274E+10   -0.108597814448032608E+03
    0.211744959459395032E+00    0.628006591609324261E+00    0.273400838586882019E+10   -0.108593576024115876E+03
    0.192078971485474481E+00    0.514967775212436862E+00    0.284192594110952854E+10   -0.108579622725813138E+03
    0.203001800768099150E+00    0.593189768130621076E+00    0.278286536338799667E+10   -0.108568202290007235E+03
    0.192752625891041862E+00    0.514952270169500181E+00    0.283590943350720549E+10   -0.108562081622605859E+03
    0.222901638318205919E+00    0.532136494454221065E+00    0.263777073686368895E+10   -0.108562062301561511E+03
    0.222901638318205919E+00    0.532136494454221065E+00    0.263777073686368895E+10   -0.108562062301561511E+03
    0.206726385349252639E+00    0.556476193962243570E+00    0.273382634991843605E+10   -0.108560010779040837E+03
    0.212023035539938287E+00    0.565111713228361623E+00    0.270351931534207392E+10   -0.108559625303116931E+03
    0.211961972416544409E+00    0.578990699257616370E+00    0.272489937158597088E+10   -0.108546621373206648E+03
    0.211961972416544409E+00    0.578990699257616370E+00    0.272489937158597088E+10   -0.108546621373206648E+03
    0.203972988737002536E+00    0.569991374207660328E+00    0.276758970323716545E+10   -0.108521674757671747E+03
    0.203972988737002536E+00    0.569991374207660328E+00    0.276758970323716545E+10   -0.108521674757671747E+03
    0.204070751151073426E+00    0.481733167843682253E+00    0.276692149925581026E+10   -0.108519942990713332E+03
    0.210702662181227518E+00    0.565441575785541772E+00    0.271033568216105795E+10   -0.108495466844720468E+03
    0.210702662181227518E+00    0.565441575785541772E+00    0.271033568216105795E+10   -0.108495466844720468E+03
    0.212345281876290093E+00    0.588540385093157425E+00    0.270726897410545063E+10   -0.108480482760353794E+03
    0.200226414351079129E+00    0.471841424670998322E+00    0.276922689615937757E+10   -0.108477511986987452E+03
    0.206052103484549276E+00    0.548093515763344641E+00    0.274193821582331944E+10   -0.108475941894550374E+03
    0.206052103484549276E+00    0.548093515763344641E+00    0.274193821582331944E+10   -0.108475941894550374E+03
    0.195275880263106438E+00    0.617786831786396817E+00    0.282366925318898916E+10   -0.108473879849203456E+03
    0.194061813215713863E+00    0.588927153821076743E+00    0.283076038022255993E+10   -0.108472235828626410E+03
    0.211722714263203216E+00    0.604815959130961645E+00    0.271601997623366690E+10   -0.108451601006783676E+03
    0.211722714263203216E+00    0.604815959130961645E+00    0.271601997623366690E+10   -0.108451601006783676E+03
    0.207320319664736352E+00    0.488517625490123564E+00    0.273054361089237547E+10   -0.108448829798573243E+03
    0.202294800242619865E+00    0.571704411646891231E+00    0.276925075035686016E+10   -0.108448473146177193E+03
    0.197920637183454096E+00    0.550665309073108844E+00    0.278826177091982460E+10   -0.108439149933209350E+03
    0.193830187949790345E+00    0.515610631408664588E+00    0.283609124497681522E+10   -0.108426288541726933E+03
    0.191189310175196359E+00    0.541658908441151610E+00    0.285407212106540203E+10   -0.108422769303327584E+03
    0.215533824042161204E+00    0.581171802624298905E+00    0.269747385966606140E+10   -0.108414352132225730E+03
    0.215533824042161204E+00    0.581171802624298905E+00    0.269747385966606140E+10   -0.108414352132225730E+03
    0.196183902513390462E+00    0.605320364470337324E+00    0.282891160556549788E+10   -0.108374913330232715E+03
    0.213337436212871157E+00    0.630279642223385395E+00    0.270586836562959242E+10   -0.108373389534957781E+03
    0.213337436212871157E+00    0.630279642223385395E+00    0.270586836562959242E+10   -0.108373389534957781E+03
    0.209456882372248132E+00    0.651094157771280990E+00    0.274235906983037281E+10   -0.108367390118638070E+03
    0.198357545522128975E+00    0.572695906082660855E+00    0.279345411424883509E+10   -0.108367378399207894E+03
    0.190596989967218244E+00    0.501882341014812994E+00    0.284995118823121071E+10   -0.108356802073981214E+03
    0.190596989967218244E+00    0.501882341014812994E+00    0.284995118823121071E+10   -0.108356802073981214E+03
    0.221557046031631510E+00    0.625640939948388208E+00    0.265599961304370117E+10   -0.108347682506093122E+03
    0.221557046031631510E+00    0.625640939948388208E+00    0.265599961304370117E+10   -0.108347682506093122E+03
    0.211491260811851045E+00    0.585545113339511758E+00    0.272540988719307470E+10   -0.108342755057476211E+03
    0.211491260811851045E+00    0.585545113339511758E+00    0.272540988719307470E+10   -0.108342755057476211E+03
    0.216721068514748094E+00    0.610502248113153456E+00    0.268676593025823879E+10   -0.108339261550857060E+03
    0.201232853281528901E+00    0.565798214919562170E+00    0.277531904976884985E+10   -0.108328241374842719E+03
    0.209782004500412900E+00    0.511426953105720727E+00    0.271360032398952818E+10   -0.108320825259120284E+03
    0.210717015624995840E+00    0.586824447051839115E+00    0.270901475930513477E+10   -0.108320639608524388E+03
    0.210717015624995840E+00    0.586824447051839115E+00    0.270901475930513477E+10   -0.108320639608524388E+03
    0.198334978705417164E+00    0.584308059222580667E+00    0.280518312522479725E+10   -0.108320453966489978E+03
    0.213763080597331512E+00    0.628764703810828607E+00    0.271166344028974676E+10   -0.108316057944024976E+03
    0.205645236735590486E+00    0.615876279253761538E+00    0.274311538382656240E+10   -0.108310650345215009E+03
    0.199269712948495159E+00    0.644985895288719746E+00    0.280855522379690504E+10   -0.108309000324910258E+03
    0.220022027881161930E+00    0.626966950689443081E+00    0.266645053437506962E+10   -0.108307764212259144E+03
    0.207127894919015509E+00    0.491313706979187970E+00    0.274306202183142805E+10   -0.108304922461828255E+03
    0.205017273113408227E+00    0.587219935832250073E+00    0.277616774456437731E+10   -0.108301029625942306E+03
    0.190792254998327526E+00    0.525619647076599250E+00    0.284618304600724030E+10   -0.108277178158838467E+03
    0.206059259000409056E+00    0.575674765651456255E+00    0.274630707828623199E+10   -0.108275072298088816E+03
    0.201332322053622725E+00    0.573664003248619991E+00    0.277695081807328272E+10   -0.108268044284783855E+03
    0.208539882634924401E+00    0.635840070165539117E+00    0.274109600559475660E+10   -0.108256859875426002E+03
    0.208539882634924401E+00    0.635840070165539117E+00    0.274109600559475660E+10   -0.108256859875426002E+03
    0.197237820372248351E+00    0.556054301572254772E+00    0.281631880991092491E+10   -0.108244752657652924E+03
    0.197237820372248351E+00    0.556054301572254772E+00    0.281631880991092491E+10   -0.108244752657652924E+03
    0.201572223016700303E+00    0.576115918508307345E+00    0.277050053561091042E+10   -0.108243667349960475E+03
    0.196785072203204237E+00    0.604306289563519172E+00    0.280467301646388149E+10   -0.108236144767053332E+03
    0.205282649312337973E+00    0.590312051151716588E+00    0.277971076762607336E+10   -0.108229677527954379E+03
    0.209229494890438183E+00    0.618086954350481221E+00    0.272314803396341467E+10   -0.108224239515622898E+03
    0.209229494890438183E+00    0.618086954350481221E+00    0.272314803396341467E+10   -0.108224239515622898E+03
    0.199932017805287965E+00    0.628240468013590458E+00    0.279472760589133167E+10   -0.108207660231562130E+03
    0.196422485837603522E+00    0.608314863493808033E+00    0.281676720170591831E+10   -0.108198935177363424E+03
    0.213496246835436165E+00    0.586198465920908518E+00    0.270791829874655390E+10   -0.108198891315616990E+03
    0.205796598840076783E+00    0.597711892876855444E+00    0.277378291106996155E+10   -0.108180255009792290E+03
    0.205796598840076783E+00    0.597711892876855444E+00    0.277378291106996155E+10   -0.108180255009792290E+03
    0.202524629340698981E+00    0.546444693161351580E+00    0.276626762240249395E+10   -0.108180241085210525E+03
    0.202524629340698981E+00    0.546444693161351580E+00    0.276626762240249395E+10   -0.108180241085210525E+03
    0.202971063977938959E+00    0.651345181397376294E+00    0.277043977739427996E+10   -0.108174429071279434E+03
    0.199170636769018861E+00    0.535832127947223569E+00    0.279140461870905447E+10   -0.108170729587367049E+03
    0.202867516057101682E+00    0.636452152566979734E+00    0.275947331258527517E+10   -0.108167308156497057E+03
    0.202867516057101682E+00    0.636452152566979734E+00    0.275947331258527517E+10   -0.108167308156497057E+03
    0.211763394633169622E+00    0.583652528119344538E+00    0.271249586699982500E+10   -0.108151985184900767E+03
    0.209609865323000133E+00    0.642095101074849239E+00    0.273643502232227898E+10   -0.108132295663287238E+03
    0.208858979434941250E+00    0.566712864523795545E+00    0.272293995147512054E+10   -0.108126644776279463E+03
    0.206946944163544810E+00    0.652497966831969478E+00    0.274861808585542440E+10   -0.108113504239169785E+03
    0.199039259346847852E+00    0.626036367198569366E+00    0.281026962258054018E+10   -0.108109494026945697E+03
    0.216534017951731717E+00    0.595805550689528118E+00    0.268130581301919651E+10   -0.108089395676753867E+03
    0.197033229997101322E+00    0.543150974823662480E+00    0.280831540838023663E+10   -0.108081537125558597E+03
    0.207118236355253504E+00    0.569879492939637800E+00    0.274321802684300089E+10   -0.108066023702500019E+03
    0.210302550695133428E+00    0.668819766114360448E+00    0.272301577413250494E+10   -0.108062121959134572E+03
    0.210302550695133428E+00    0.668819766114360448E+00    0.272301577413250494E+10   -0.108062121959134572E+03
    0.205217333435411320E+00    0.599340032610610862E+00    0.275439731967375231E+10   -0.108057916385908271E+03
    0.197865868845907678E+00    0.606481254730695696E+00    0.281297073381623507E+10   -0.108039908762139646E+03
    0.217538779735972687E+00    0.594330783151313824E+00    0.266824470189292336E+10   -0.108038724283706756E+03
    0.201575139319344732E+00    0.574334503020528686E+00    0.279225642645251083E+10   -0.108030998018519426E+03
    0.219838545164119048E+00    0.513595420834001004E+00    0.267136619840338898E+10   -0.108029100750568290E+03
    0.203083916561274724E+00    0.557863218509071501E+00    0.276395534888683033E+10   -0.108028323152493812E+03
    0.196474494433956925E+00    0.615688556709219625E+00    0.281098339469899035E+10   -0.108027087088726091E+03
    0.205276050240922547E+00    0.582185616133028105E+00    0.274516029359262800E+10   -0.108025729202587939E+03
    0.202285009456421083E+00    0.564754536500146287E+00    0.276867479348697472E+10   -0.108024174112530119E+03
    0.208484713161642798E+00    0.621454546559927934E+00    0.274840013341482162E+10   -0.108010375292560553E+03
    0.222926496863184054E+00    0.523181326264678503E+00    0.264973993963522005E+10   -0.108010338298474764E+03
    0.196310937115805384E+00    0.625997484112229330E+00    0.281992902255483580E+10   -0.108001170225837541E+03
    0.213793426492600580E+00    0.617785192507714243E+00    0.271070454613508129E+10   -0.107996179364361268E+03
    0.208275241774819042E+00    0.666826899219515212E+00    0.273937981780255365E+10   -0.107994782168571163E+03
    0.197336506977873360E+00    0.608687547194344702E+00    0.281263328234579086E+10   -0.107986545087880117E+03
    0.215017051712354523E+00    0.585392655493375713E+00    0.269430945021139002E+10   -0.107980518348369202E+03
    0.204722093854041332E+00    0.674050016367962357E+00    0.275753108970233727E+10   -0.107979372436666608E+03
    0.206117634824087848E+00    0.642367827300203587E+00    0.276108507058780432E+10   -0.107975021589051650E+03
    0.206070719365530952E+00    0.595560367771950538E+00    0.275731005131726265E+10   -0.107970011004100684E+03
    0.206214355561779694E+00    0.585331942536896577E+00    0.275652037656267643E+10   -0.107956384665929050E+03
    0.204395894354370389E+00    0.671312617850901461E+00    0.276005528848332977E+10   -0.107947475459029476E+03
    0.194783432250094701E+00    0.581871600639178865E+00    0.283346233266039562E+10   -0.107946070835554124E+03
    0.201429589286125865E+00    0.551723217326365756E+00    0.277012766497265005E+10   -0.107942159456417457E+03
    0.205555493961496694E+00    0.626628002274294715E+00    0.274701577733299589E+10   -0.107937648012031104E+03
    0.199476699253570811E+00    0.576568644995315793E+00    0.279652483561686563E+10   -0.107931552645821412E+03
    0.209738658823066415E+00    0.617623451916598398E+00    0.271765124000249243E+10   -0.107926585162158062E+03
    0.202609261299611432E+00    0.560084812532906540E+00    0.276764815405088806E+10   -0.107919043066372964E+03
    0.194847823884492732E+00    0.570575875165079793E+00    0.282955686964694691E+10   -0.107909950896936905E+03
    0.203017499004792545E+00    0.517431393135458606E+00    0.276964479549413729E+10   -0.107909772123054466E+03
    0.209979109607389136E+00    0.570677929181540478E+00    0.271888974466565895E+10   -0.107907686119527483E+03
    0.203717830427950053E+00    0.546047804050122210E+00    0.276458696584736013E+10   -0.107905888296391012E+03
    0.200438244653813602E+00    0.536318990400715734E+00    0.278085505059847260E+10   -0.107904810138634900E+03
    0.210451465680257355E+00    0.578411429080469830E+00    0.271600232292989111E+10   -0.107900585356913524E+03
    0.203418157447410486E+00    0.642408510754822970E+00    0.277387270720506334E+10   -0.107899883858116709E+03
    0.195290462098280826E+00    0.586703784159581687E+00    0.283248385961718273E+10   -0.107899632987987829E+03
    0.210191340436140017E+00    0.566589811834925072E+00    0.272057216048183823E+10   -0.107894678058966008E+03
    0.196592691646010620E+00    0.594812609315479079E+00    0.282013381074619102E+10   -0.107894246691137511E+03
    0.212950799191709839E+00    0.601389324187035612E+00    0.271425117280247164E+10   -0.107890724062950909E+03
    0.202067658267657102E+00    0.519798613845290802E+00    0.277444488478164816E+10   -0.107887955959140982E+03
    0.213983098767477342E+00    0.635964914934934455E+00    0.272536638011377811E+10   -0.107886674893366717E+03
    0.201114589477910333E+00    0.577676821711424537E+00    0.278856916248302698E+10   -0.107884603307494359E+03
    0.201906874940997405E+00    0.559227007625846539E+00    0.279302205165481663E+10   -0.107880578390947250E+03
    0.203235529580070573E+00    0.645050142885885691E+00    0.276672020295061970E+10   -0.107871094307292864E+03
    0.218536356176837643E+00    0.620071435563234630E+00    0.267590884640702868E+10   -0.107862879304415600E+03
    0.207765947760487790E+00    0.568686884561941497E+00    0.273162661601975441E+10   -0.107860054671622464E+03
    0.218492654994212054E+00    0.614163267999547458E+00    0.267269019609417295E+10   -0.107850019911958611E+03
    0.198095027326904261E+00    0.575059797447535104E+00    0.280574518855738926E+10   -0.107847901508301817E+03
    0.211398829013916045E+00    0.580960972852416546E+00    0.272786703075864458E+10   -0.107844595019721680E+03
    0.202984472747203548E+00    0.569835358505216050E+00    0.277580238072192478E+10   -0.107841531771897280E+03
    0.200796249554078154E+00    0.588845447385876852E+00    0.278878505419436216E+10   -0.107824573388417832E+03
    0.203960296351802461E+00    0.666660823190312612E+00    0.276530011381740665E+10   -0.107814775961278656E+03
    0.209235948019303286E+00    0.499371084294805812E+00    0.271862034669083738E+10   -0.107803940423004960E+03
    0.217963868536887651E+00    0.593577427105756783E+00    0.268220566893008900E+10   -0.107780423780616545E+03
    0.210217262143069850E+00    0.669952567537482224E+00    0.271750019110848665E+10   -0.107774396681545085E+03
    0.213154006341991942E+00    0.583162824397426505E+00    0.270231356207305193E+10   -0.107773975514493927E+03
    0.210522661236483222E+00    0.670010491869611258E+00    0.272222866824547768E+10   -0.107772017984107180E+03
    0.206856644104230603E+00    0.567352468758425488E+00    0.273721445262533998E+10   -0.107754339261141354E+03
    0.203679742834289412E+00    0.555214051269491193E+00    0.276169322387965250E+10   -0.107751929778099708E+03
    0.213206152919282244E+00    0.626015278661657959E+00    0.271176294677274656E+10   -0.107747275581294289E+03
    0.219353225296876342E+00    0.625361506129635814E+00    0.266627459599338055E+10   -0.107738747989032063E+03
    0.206478544384063323E+00    0.627156565653201881E+00    0.274498311938457155E+10   -0.107715473492793194E+03
    0.206517620187572248E+00    0.627549923012438171E+00    0.275773278826647902E+10   -0.107715341564401569E+03
    0.211690915582972594E+00    0.557338544699232941E+00    0.271484235564402437E+10   -0.107713883391398639E+03
    0.216961156466108196E+00    0.505232396941892148E+00    0.268318016401945114E+10   -0.107708249155454865E+03
    0.201969348320639230E+00    0.582608956423065649E+00    0.278255813993041325E+10   -0.107708002317615779E+03
    0.203621439417723815E+00    0.647410257563716840E+00    0.276931518655521965E+10   -0.107705233805944744E+03
    0.224125165285191386E+00    0.540370695006178181E+00    0.263067666761060238E+10   -0.107699987517228209E+03
    0.216392619276555509E+00    0.609645919627048727E+00    0.268005280692787886E+10   -0.107696115811799956E+03
    0.210428874619505657E+00    0.505834623977936104E+00    0.271292343647409105E+10   -0.107689545572892058E+03
    0.211061496283263983E+00    0.570559505708065018E+00    0.271157643884852600E+10   -0.107682839712804125E+03
    0.203286325052270123E+00    0.563496876797236368E+00    0.277665611064658117E+10   -0.107682215891945646E+03
    0.198786938164361493E+00    0.564391887547948556E+00    0.280477224872521877E+10   -0.107673247026408305E+03
    0.217843491379169918E+00    0.609429477036222522E+00    0.267739839419842863E+10   -0.107671626278021577E+03
    0.216021454900407861E+00    0.605332601323009811E+00    0.268231227891706181E+10   -0.107663862769272129E+03
    0.212455969922031751E+00    0.577940511513579835E+00    0.271310878378125715E+10   -0.107659717724814385E+03
    0.213155788174947791E+00    0.599653498759966652E+00    0.271981409898867226E+10   -0.107653494346082468E+03
    0.200413783197001594E+00    0.629344685656425540E+00    0.279423716493192625E+10   -0.107639984342820014E+03
    0.203352701919401857E+00    0.578786448454017943E+00    0.277574716412556934E+10   -0.107635044450040965E+03
    0.203621647544253159E+00    0.659401023859389923E+00    0.276975476509951591E+10   -0.107633587446355193E+03
    0.219363089223003294E+00    0.619695985415198436E+00    0.266931099434540653E+10   -0.107617474072304077E+03
    0.212075116752946324E+00    0.572626732888929624E+00    0.271374800551154375E+10   -0.107613776593534396E+03
    0.213939433293970138E+00    0.598143989082991823E+00    0.269618887775542450E+10   -0.107610364777397649E+03
    0.212840716287868381E+00    0.566783287041833006E+00    0.270641270880864620E+10   -0.107596043916359520E+03
    0.202417115690090132E+00    0.585303387078459636E+00    0.278155325255190039E+10   -0.107595602577488165E+03
    0.208002518215750221E+00    0.563787173265573927E+00    0.273590892500062656E+10   -0.107585250823766827E+03
    0.214821605838951712E+00    0.585580039338100988E+00    0.270214188919046354E+10   -0.107584051405638164E+03
    0.208293226553027289E+00    0.561139274290907153E+00    0.273211957687434721E+10   -0.107581126374599890E+03
    0.216212285577752239E+00    0.604726312168622826E+00    0.268279852284133720E+10   -0.107580055007591994E+03
    0.213989320142318917E+00    0.595934273467378262E+00    0.271125545786531353E+10   -0.107575197867651212E+03
    0.214879682262025806E+00    0.579258826861867249E+00    0.269190087867822552E+10   -0.107562324875803455E+03
    0.206605646318836100E+00    0.589666948849272288E+00    0.274414449597505713E+10   -0.107561392436919377E+03
    0.214794351993918775E+00    0.621872762700032666E+00    0.271890449513729620E+10   -0.107553140926188320E+03
    0.216149591282466524E+00    0.616521345831035461E+00    0.267939745204193020E+10   -0.107543982593900068E+03
    0.206289714206264352E+00    0.594659819199483408E+00    0.275054469322284794E+10   -0.107543406444598077E+03
    0.207103016809466300E+00    0.599655784661285551E+00    0.275615357794738054E+10   -0.107542398076797156E+03
    0.218145265422292345E+00    0.606929867773093434E+00    0.266909708398525381E+10   -0.107537419575059303E+03
    0.212561782109376374E+00    0.618468740441871390E+00    0.271308475869696474E+10   -0.107533771506152931E+03
    0.212112799408207264E+00    0.617306790946969386E+00    0.271560146324388552E+10   -0.107100177101609290E+03
    0.212112799408207264E+00    0.617306790946969386E+00    0.271560146324388552E+10   -0.107100177101609290E+03
    0.211708423229208520E+00    0.616522810102564378E+00    0.271264180318670559E+10   -0.107336697751759047E+03
    0.212555935555167330E+00    0.614935366144891304E+00    0.270846532585812902E+10   -0.107063343310985630E+03
    0.213719248591227318E+00    0.613137786131648710E+00    0.270425047879110050E+10   -0.107510285396903868E+03
    0.214614945597775331E+00    0.617608328323797195E+00    0.270246240003661442E+10   -0.107010380822465834E+03
    0.210875875447464889E+00    0.609402417933711860E+00    0.271933916270682287E+10   -0.107126643206846040E+03
    0.209381351683790518E+00    0.622731102748439014E+00    0.273080612329944420E+10   -0.107053165547697404E+03
    0.211990888356756113E+00    0.618814254503408989E+00    0.272256396509720850E+10   -0.107163321035260282E+03
    0.210784496211765482E+00    0.622470714352527210E+00    0.272374467464037180E+10   -0.107485848734611508E+03
    0.210759688725530636E+00    0.621899388610959392E+00    0.272070579333497524E+10   -0.107452198660718125E+03
    0.214374159354572380E+00    0.627497100074593916E+00    0.272142838050931883E+10   -0.107078462846304546E+03
    0.215478134379816999E+00    0.617314541142256701E+00    0.271940162616324282E+10   -0.107356361380171847E+03
    0.215242144216753362E+00    0.625642325820596312E+00    0.272221738148103476E+10   -0.107223305954793133E+03
    0.211016070629513053E+00    0.649832547026939267E+00    0.272692694437010574E+10   -0.107253458615836394E+03
    0.211407609454854928E+00    0.657133296377592657E+00    0.271999910422372580E+10   -0.107144913763922261E+03
    0.211363025754413070E+00    0.654388514426679890E+00    0.272132804343335629E+10   -0.107105252214644679E+03
    0.210847905628793963E+00    0.651281222901465284E+00    0.272146153028571320E+10   -0.107014431005732973E+03
    0.211479804176378683E+00    0.650672429805114305E+00    0.272163039476408625E+10   -0.107344064600188631E+03
    0.213149110648203133E+00    0.591345234502828276E+00    0.270994052874882793E+10   -0.106650234876275675E+03
    0.213149110648203133E+00    0.591345234502828276E+00    0.270994052874882793E+10   -0.106650234876275675E+03
    0.212583382661655940E+00    0.590039507357428050E+00    0.271313975433554173E+10   -0.107339095841013489E+03
    0.214166384495435180E+00    0.589956968588845498E+00    0.270986017872673607E+10   -0.106404594929654607E+03
    0.214166384495435180E+00    0.589956968588845498E+00    0.270986017872673607E+10   -0.106404594929654607E+03
    0.213523947279249782E+00    0.602760780273275287E+00    0.270546212356781673E+10   -0.107058293246359909E+03
    0.213818494171501838E+00    0.593366414605059234E+00    0.270491156370636606E+10   -0.106721002520632879E+03
    0.213491168465524184E+00    0.591924703914248340E+00    0.270791387317372513E+10   -0.107123089745939410E+03
    0.211447633747612107E+00    0.569149541400491898E+00    0.271478269992622375E+10   -0.107330806279196707E+03
    0.211564642431433858E+00    0.588187242708485769E+00    0.271773352098806858E+10   -0.106818877135192380E+03
    0.212920381121672553E+00    0.576000021323430644E+00    0.271747579534806204E+10   -0.106402710268983242E+03
    0.212920381121672553E+00    0.576000021323430644E+00    0.271747579534806204E+10   -0.106402710268983242E+03
    0.212689424381039827E+00    0.583648531319227004E+00    0.271507888015497208E+10   -0.107061397869075989E+03
    0.212744428083288695E+00    0.573593996478775736E+00    0.270691786700113106E+10   -0.106964338244153907E+03
    0.212766300226418459E+00    0.570317256784090176E+00    0.270561473029377747E+10   -0.107396114040543523E+03
    0.214269613690746097E+00    0.580616393691045118E+00    0.269668676215026712E+10   -0.107060005242596532E+03
    0.214333493917914508E+00    0.572423755069575435E+00    0.270044853528535366E+10   -0.107445787107732770E+03
    0.214503403908617440E+00    0.582313696190905006E+00    0.269949066967212105E+10   -0.107082581034215963E+03
    0.214082235096812123E+00    0.579863163645224944E+00    0.270829231694584370E+10   -0.106799295387885593E+03
    0.213657385268696876E+00    0.575012760923678812E+00    0.270725207523431063E+10   -0.107460564806958132E+03
    0.213711811141208130E+00    0.588656500704690444E+00    0.270819236582704639E+10   -0.107026041429973475E+03
    0.216400715671663524E+00    0.606305992181381370E+00    0.269053299414319801E+10   -0.107294977195802687E+03
    0.222193100378162367E+00    0.622241585236167793E+00    0.265766288609533787E+10   -0.106498019685220783E+03
    0.222193100378162367E+00    0.622241585236167793E+00    0.265766288609533787E+10   -0.106498019685220783E+03
    0.210164873041477074E+00    0.498294136394545006E+00    0.272313905356502819E+10   -0.107196115555791266E+03
    0.211415628023914282E+00    0.494173469094567608E+00    0.271146077998615217E+10   -0.107504700752603839E+03
    0.214531275395409282E+00    0.500243181178959162E+00    0.269095852210857677E+10   -0.107125284124049713E+03
    0.213150338727110422E+00    0.482972827663257220E+00    0.269470473200655365E+10   -0.107301701155353285E+03
    0.213196304803494496E+00    0.497559528432345743E+00    0.269623375158763695E+10   -0.107248067675542941E+03
    0.211943885691742995E+00    0.492593507932326702E+00    0.270932841993334246E+10   -0.107270372949257904E+03
    0.212319125766673000E+00    0.507999028503947514E+00    0.270661773391556072E+10   -0.107278129172531834E+03
    0.212859287330857960E+00    0.503297101321308560E+00    0.270180431502416277E+10   -0.107075437869731019E+03
    0.211529634045091119E+00    0.494375945046375165E+00    0.271484755763127041E+10   -0.106960272599725343E+03
    0.218881319006742625E+00    0.522347046181089070E+00    0.266545552384233427E+10   -0.106988594377938313E+03
    0.218881319006742625E+00    0.522347046181089070E+00    0.266545552384233427E+10   -0.106988594377938313E+03
    0.219478692958457622E+00    0.515890581003986881E+00    0.267197466759509468E+10   -0.106997144784797740E+03
    0.217807792839594727E+00    0.511820933437368453E+00    0.267449661695452738E+10   -0.107105466741156505E+03
    0.217403671880479765E+00    0.492105795448139816E+00    0.268555333262912750E+10   -0.106520848811375700E+03
    0.217403671880479765E+00    0.492105795448139816E+00    0.268555333262912750E+10   -0.106520848811375700E+03
    0.216451866555344319E+00    0.507048173738217756E+00    0.268106811230737877E+10   -0.107403958531047209E+03
    0.217744784816882253E+00    0.508258488026140043E+00    0.267710216842377996E+10   -0.106522357495779573E+03
    0.217744784816882253E+00    0.508258488026140043E+00    0.267710216842377996E+10   -0.106522357495779573E+03
    0.220721774449828601E+00    0.523329380095907126E+00    0.266169381171586227E+10   -0.107214313582705273E+03
    0.220040126375600331E+00    0.521542906982624288E+00    0.266146967488584900E+10   -0.106727340998298189E+03
    0.220040126375600331E+00    0.521542906982624288E+00    0.266146967488584900E+10   -0.106727340998298189E+03
    0.218800590088950475E+00    0.515285155934099848E+00    0.267016875229513264E+10   -0.107194701942900124E+03
    0.207265333212629410E+00    0.502940188204760830E+00    0.275702239607918692E+10   -0.107188213684246676E+03
    0.207822324887715570E+00    0.501359061251463345E+00    0.274660411441451311E+10   -0.106814553082034166E+03
    0.207822324887715570E+00    0.501359061251463345E+00    0.274660411441451311E+10   -0.106814553082034166E+03
    0.205847628962274987E+00    0.525543495184148668E+00    0.275913113187587976E+10   -0.107219060331501382E+03
    0.204632225555297254E+00    0.531991996030757974E+00    0.275769141648915100E+10   -0.107521067431329229E+03
    0.203545601420994648E+00    0.537663449198376497E+00    0.276332368366939449E+10   -0.107297657969448622E+03
    0.207518990323647068E+00    0.552980493327485334E+00    0.273782765431150579E+10   -0.107195782700060107E+03
    0.207383679140230537E+00    0.584399448001535760E+00    0.273884593194798422E+10   -0.107473012511338794E+03
    0.208243624703710273E+00    0.600631208516968940E+00    0.274590283695830250E+10   -0.107116193390950954E+03
    0.208135087157970022E+00    0.611732032274678872E+00    0.274962381331151152E+10   -0.107493950427976429E+03
    0.200694281910387462E+00    0.505233877524656094E+00    0.279154761338336420E+10   -0.107300274433166663E+03
    0.200472340431239571E+00    0.506938225996350411E+00    0.279186761719578505E+10   -0.107352423785663063E+03
    0.203247089143697379E+00    0.564598314427691150E+00    0.276888129498289537E+10   -0.107323216343536728E+03
    0.201410690590717090E+00    0.549907913942018212E+00    0.279161098370424318E+10   -0.107280357338796179E+03
    0.200855923815512150E+00    0.573785283018036552E+00    0.279360192626116610E+10   -0.107398935212978486E+03
    0.200994332757661431E+00    0.589848445047975289E+00    0.279031623693439531E+10   -0.107479884106054598E+03
    0.208257222473005099E+00    0.572235501402767355E+00    0.273989965394007587E+10   -0.107081409276317103E+03
    0.209022855908914618E+00    0.558296687725039931E+00    0.273036233105117941E+10   -0.107255095698299598E+03
    0.210331223719285643E+00    0.558849611138768410E+00    0.272923685752701569E+10   -0.107360766383184142E+03
    0.210130096888919482E+00    0.570456311866230692E+00    0.273200850101975584E+10   -0.107236331722382317E+03
    0.205100013561144989E+00    0.591903251859232427E+00    0.275209508680491638E+10   -0.107371483392289548E+03
    0.207285168832518185E+00    0.585169864342224955E+00    0.275168008372841120E+10   -0.107129384895735683E+03
    0.207099221568618097E+00    0.588760208467810742E+00    0.274593902540247345E+10   -0.107417607479884865E+03
    0.207155663327134865E+00    0.601971602164450559E+00    0.275939510532229424E+10   -0.107289503450934163E+03
    0.206603889389945616E+00    0.585295191863210107E+00    0.274942136498241663E+10   -0.107133565901233624E+03
    0.206451609057497765E+00    0.583922667048781818E+00    0.274599126911491919E+10   -0.107276972591499174E+03
    0.208681101649642931E+00    0.605868802501721149E+00    0.273639693096234512E+10   -0.107456411856882767E+03
    0.209288138429151005E+00    0.615820953596756482E+00    0.273837954890338278E+10   -0.107331880770336937E+03
    0.205589667808343202E+00    0.604104771071330759E+00    0.276108594240931368E+10   -0.107295432594882641E+03
    0.203266317981316669E+00    0.625554275306754448E+00    0.277574025806854916E+10   -0.107495146376492045E+03
    0.207327065202044802E+00    0.634290465638688516E+00    0.274673146286826801E+10   -0.107273563366654955E+03
