    0.376536334269273430E+05    0.883816104826097848E+00    0.195183256126974634E+02    0.408438098428034340E-03    0.376536134929206310E+05    0.883892649506562322E+00    0.376291490837119854E+05    0.883892997837619876E+00   -0.132831899230870860E+02   -0.812045996289075811E-01
    0.376594560147942902E+05    0.884595468860431167E+00    0.578668100069983726E+01    0.809340215563790164E-07    0.376588425015591274E+05    0.884595477661408669E+00    0.376525562250631920E+05    0.884595595846181637E+00   -0.176066667605604010E+02   -0.178975372783978304E+01
    0.376565920740144065E+05    0.884126905144223096E+00    0.132156863168090908E+02    0.189660818299023139E-06    0.376565041702664312E+05    0.884126903439127365E+00    0.376565041702664312E+05    0.884126903439127365E+00   -0.144305542056184262E+02   -0.347423550576513529E+00
    0.376584152178709337E+05    0.884361184395221711E+00    0.905387590406366805E+01    0.130757158806802669E-06    0.376572539432480116E+05    0.884361199616435334E+00    0.376764959710881812E+05    0.884360993208077817E+00   -0.155190338930068297E+02   -0.916344382916400191E+00
    0.376505361277607153E+05    0.883424087989389428E+00    0.933935892784432298E+01    0.127750845249610006E-06    0.376500836421464410E+05    0.883424091365950792E+00    0.376500836421464410E+05    0.883424091365950792E+00   -0.148743538049302053E+02   -0.460079481227199716E+00
    0.376519891775075230E+05    0.883658366533036643E+00    0.115149433757236181E+02    0.162893616475727015E-06    0.376509295238562263E+05    0.883658377023388342E+00    0.376509295238562263E+05    0.883658377023388342E+00   -0.142189529718299728E+02   -0.120233732822984773E+00
    0.376459941033498180E+05    0.882955541730716553E+00    0.499591894492680577E+01    0.674678768078790404E-07    0.376455519081168459E+05    0.882955544633042821E+00    0.376455519081168459E+05    0.882955544633042821E+00   -0.178809191709668944E+02   -0.205817396167757227E+01
    0.376542461910732964E+05    0.883892635598746756E+00    0.161977245560647702E+02    0.220517048045229049E-06    0.376536134929206310E+05    0.883892649506562322E+00    0.376291490837119854E+05    0.883892997837619876E+00   -0.142962560476244072E+02   -0.812045996289075811E-01
    0.376657027063773203E+05    0.885298288095242691E+00    0.875029071597392338E+01    0.119674044878847972E-06    0.376658007510721436E+05    0.885298272206678227E+00    0.376495430918558486E+05    0.885298519399670636E+00   -0.219052151421229446E+02   -0.623385560559544061E+01
    0.376396901223733003E+05    0.882252708584565282E+00    0.375037747708505087E+01    0.557550398524692853E-07    0.376394694038667585E+05    0.882252716703393780E+00    0.376384991155831449E+05    0.882252675417737664E+00   -0.224518883966767149E+02   -0.674462322007895754E+01
