    0.169285857030568865E+00    0.720957439628557850E+00    0.526154352118065643E+10   -0.139869679925556795E+03
    0.222342673923357104E+00    0.581804074324487885E+00    0.463632290470073891E+10   -0.139677560677584040E+03
    0.194299770512363690E+00    0.652455060738208914E+00    0.497628936068268394E+10   -0.139415401135255507E+03
    0.197777315707221735E+00    0.625029560198335332E+00    0.489420911171144485E+10   -0.139111771983449103E+03
    0.179458894826935333E+00    0.598741200450287891E+00    0.510393002960278320E+10   -0.138815717400934517E+03
    0.224374248551281297E+00    0.651556975339026678E+00    0.460855799223090363E+10   -0.138757229765531292E+03
    0.165478183383948624E+00    0.565897552107543333E+00    0.534654765860422516E+10   -0.138607747837054262E+03
    0.206860207130057372E+00    0.675838846797695680E+00    0.481521527277143192E+10   -0.138547923281029682E+03
    0.197761020717780345E+00    0.596395670692215774E+00    0.497714134521012020E+10   -0.138540993469041240E+03
    0.227000208835618611E+00    0.671174423423050115E+00    0.460534760966349792E+10   -0.138520255125904242E+03
    0.159023735071849803E+00    0.638216808898215859E+00    0.547052699736583614E+10   -0.138498922266947886E+03
    0.242485020685812125E+00    0.658566026415208228E+00    0.447048944578727722E+10   -0.138490828922417052E+03
    0.210512841177018295E+00    0.562672551576198998E+00    0.480232986903114986E+10   -0.138469540649440404E+03
    0.212571599234023412E+00    0.631905877921173698E+00    0.470012503566156006E+10   -0.138434049681170507E+03
    0.214706299553040103E+00    0.541259775179529612E+00    0.476482379631597424E+10   -0.138345684801872949E+03
    0.197117949824205552E+00    0.769539053185315680E+00    0.487166879342445564E+10   -0.138315537299474954E+03
    0.236674363935224230E+00    0.688646075414776959E+00    0.446357509887038231E+10   -0.138266602736902598E+03
    0.200497923956173552E+00    0.738044737057636624E+00    0.483778089251589870E+10   -0.138264727259956601E+03
    0.242851727511115834E+00    0.692988309609605224E+00    0.441922552837758923E+10   -0.138148011131383839E+03
    0.210394807471068035E+00    0.657634074366457710E+00    0.472002031697959137E+10   -0.138107402302503147E+03
    0.168765061353520734E+00    0.700302495858922569E+00    0.530589830971022415E+10   -0.138077817031905198E+03
    0.206374499462349426E+00    0.577566720062566930E+00    0.483170135543968296E+10   -0.138035460622436659E+03
    0.206811760623113627E+00    0.626579056621279662E+00    0.478796643440857029E+10   -0.137903116193770700E+03
    0.189620663016335900E+00    0.620490573925014388E+00    0.500679023678440094E+10   -0.137868755699289210E+03
    0.163957150060531881E+00    0.661724056052790388E+00    0.536933682954512978E+10   -0.137759117608814023E+03
    0.185333190304295459E+00    0.579927463047285485E+00    0.505302221529469585E+10   -0.137752470922297789E+03
    0.230781277008674013E+00    0.554819100843017665E+00    0.454389430960850334E+10   -0.137727177910041632E+03
    0.163159183996654356E+00    0.615565681949387766E+00    0.536540372844416809E+10   -0.137635833891942781E+03
    0.179314535199714131E+00    0.517245537447703185E+00    0.511229062883891010E+10   -0.137588350878399609E+03
    0.181139120825790312E+00    0.574750233885971795E+00    0.508110578000776482E+10   -0.137576776292828384E+03
    0.190639235548137220E+00    0.664246410629585782E+00    0.501987197544020653E+10   -0.137536381541243458E+03
    0.230244852513925236E+00    0.634169634397958148E+00    0.455857365543454266E+10   -0.137525542984615981E+03
    0.250203402156991273E+00    0.695822985159717078E+00    0.435156315537403393E+10   -0.137486685093980384E+03
    0.199235816899771212E+00    0.731331102733463467E+00    0.484329520952112579E+10   -0.137429644918230991E+03
    0.208195219431579426E+00    0.571764309039027196E+00    0.478995822748190212E+10   -0.137311727445614423E+03
    0.186894046437531769E+00    0.623496486975190223E+00    0.509983430125023174E+10   -0.137300738859688181E+03
    0.196506876717387202E+00    0.638884309579461629E+00    0.489211721849631214E+10   -0.137229910853534761E+03
    0.192079383938014214E+00    0.627444137558221371E+00    0.499549262776311302E+10   -0.137172006663858525E+03
    0.228294544019142731E+00    0.635889246194933477E+00    0.462625981725253773E+10   -0.137155485963424439E+03
    0.183347797068886986E+00    0.731256553041063739E+00    0.507937351742188454E+10   -0.137100405981126329E+03
    0.168057662798486523E+00    0.665458750751744432E+00    0.532897484122603703E+10   -0.137079455003803844E+03
    0.175849448073145898E+00    0.596277972287428071E+00    0.515789935839246559E+10   -0.137060970387778838E+03
    0.212204335084024920E+00    0.720424567133568061E+00    0.470216901202900314E+10   -0.137029189432370970E+03
    0.166420518379202131E+00    0.541718276216387906E+00    0.530278168460072422E+10   -0.136968380656032053E+03
    0.212695201112405141E+00    0.706821825405894444E+00    0.472447728379662037E+10   -0.136960701097741463E+03
    0.184970198848655787E+00    0.684311213484301462E+00    0.510662820589009666E+10   -0.136941670655199431E+03
    0.199101647510450064E+00    0.708678235658412703E+00    0.487242311175533295E+10   -0.136910661576344552E+03
    0.193124445102398845E+00    0.683461208533977072E+00    0.494887593848957825E+10   -0.136888295259529571E+03
    0.220193349631500057E+00    0.661850281126582729E+00    0.465821042049444771E+10   -0.136886557236533463E+03
    0.167788813188259361E+00    0.512704977098593417E+00    0.531831528829562473E+10   -0.136866098755509881E+03
    0.196262380090972910E+00    0.623282656745375974E+00    0.489950203990169430E+10   -0.136861616194398323E+03
    0.258791448700368631E+00    0.748048460002967985E+00    0.435262592170283413E+10   -0.136818906674485078E+03
    0.168295047296927514E+00    0.609078492221396317E+00    0.531050509057676697E+10   -0.136813754727860271E+03
    0.200296073960493981E+00    0.720832368450416539E+00    0.493727470905962467E+10   -0.136803127500686799E+03
    0.235461735136759776E+00    0.482974067459750245E+00    0.455819035084530926E+10   -0.136723112953520229E+03
    0.211677372540041653E+00    0.697260082779763479E+00    0.474290963616928959E+10   -0.136716673293422502E+03
    0.209029125226574741E+00    0.648815425587903505E+00    0.473164997737012100E+10   -0.136709999403386519E+03
    0.205068480954501919E+00    0.627514428786273726E+00    0.478595947882865715E+10   -0.136706677679326987E+03
    0.196327426019396845E+00    0.633923244764231342E+00    0.489245789841261196E+10   -0.136695129390079444E+03
    0.211330196882009769E+00    0.568516314308588733E+00    0.471004161656428051E+10   -0.136688399537751138E+03
    0.227780014528499331E+00    0.637224245875806616E+00    0.461822050608815670E+10   -0.136678802633089589E+03
    0.173861456221173910E+00    0.563668794139902118E+00    0.522501857702558041E+10   -0.136630182212912018E+03
    0.209940980020426493E+00    0.709814038253329116E+00    0.481800403291999626E+10   -0.136594964550374414E+03
    0.169108242233282968E+00    0.551756698940724988E+00    0.531263452324425983E+10   -0.136563075384094731E+03
    0.187681367529224652E+00    0.610692625000135436E+00    0.507111037272170353E+10   -0.136545714490651335E+03
    0.192610768673630695E+00    0.633771353263570703E+00    0.492366923628728580E+10   -0.136501211278314599E+03
    0.173491460373888295E+00    0.678826978369418299E+00    0.524158264203136063E+10   -0.136478159118729252E+03
    0.178459978903704353E+00    0.620458200269462523E+00    0.513739012754791451E+10   -0.136475295255885158E+03
    0.171956297320482954E+00    0.641735340566182089E+00    0.525945670738558960E+10   -0.136465406012120411E+03
    0.199316168495930091E+00    0.747228454080193671E+00    0.486690119375186920E+10   -0.136400721436446588E+03
    0.172597694786023437E+00    0.652164674648378906E+00    0.526426114581369781E+10   -0.136394393187345173E+03
    0.208781959295640418E+00    0.619985439063491128E+00    0.479258187957729626E+10   -0.136328301498659869E+03
    0.198014373094149709E+00    0.605045843886099277E+00    0.493045521167727661E+10   -0.136318250560058118E+03
    0.172571261679292154E+00    0.624190796596055364E+00    0.522528145881323051E+10   -0.136308063702290156E+03
    0.234062906412018379E+00    0.662618739512444321E+00    0.455372848356993198E+10   -0.136295445672103085E+03
    0.205046165210689024E+00    0.605706476114736603E+00    0.483086771811855888E+10   -0.136256776079974571E+03
    0.193465314709865388E+00    0.657788175885404058E+00    0.500614841978521729E+10   -0.136230442240273220E+03
    0.204043677833082082E+00    0.614692384028774796E+00    0.487102896365746784E+10   -0.136206267361037987E+03
    0.204043677833082082E+00    0.614692384028774796E+00    0.487102896365746784E+10   -0.136206267361037987E+03
    0.251046482854941133E+00    0.700628967554624893E+00    0.437989411376763058E+10   -0.136195094699552214E+03
    0.185551387211447538E+00    0.696705023524966549E+00    0.504159136831166553E+10   -0.136183639597376185E+03
    0.172075118800667420E+00    0.555225881245169361E+00    0.522907315284570217E+10   -0.136160433586961233E+03
    0.229820939532998481E+00    0.615860096658058964E+00    0.455510516480512905E+10   -0.136156235647107877E+03
    0.211830499930444116E+00    0.613100738926505073E+00    0.470203833308129215E+10   -0.136084884752953769E+03
    0.211830499930444116E+00    0.613100738926505073E+00    0.470203833308129215E+10   -0.136084884752953769E+03
    0.185559114280723969E+00    0.731621669192573876E+00    0.507910595659997845E+10   -0.136071251688677251E+03
    0.242393673330958237E+00    0.739035404268737040E+00    0.445841528200321388E+10   -0.136061688782201145E+03
    0.174969973614272578E+00    0.619941567468618615E+00    0.523071752178432751E+10   -0.136025239157936369E+03
    0.174969973614272578E+00    0.619941567468618615E+00    0.523071752178432751E+10   -0.136025239157936369E+03
    0.195132576269025526E+00    0.549140297464528970E+00    0.489302703718870163E+10   -0.136001466902999709E+03
    0.199862600107657162E+00    0.611818643294510522E+00    0.484981797740169048E+10   -0.135983996336192831E+03
    0.199862600107657162E+00    0.611818643294510522E+00    0.484981797740169048E+10   -0.135983996336192831E+03
    0.200945339944085588E+00    0.519799851066121477E+00    0.484141287723450756E+10   -0.135977534623261221E+03
    0.207627611144701130E+00    0.601289637410417299E+00    0.480431364839745522E+10   -0.135972336664077005E+03
    0.207627611144701130E+00    0.601289637410417299E+00    0.480431364839745522E+10   -0.135972336664077005E+03
    0.192168045661172404E+00    0.672980999773930222E+00    0.499173834958387184E+10   -0.135969197577803470E+03
    0.210996661629852977E+00    0.624885496401180518E+00    0.477005297308920002E+10   -0.135959405747185485E+03
    0.176423431786504714E+00    0.715798147241372362E+00    0.519465201516059208E+10   -0.135938897759991590E+03
    0.213713237308455817E+00    0.690378451537208448E+00    0.468969721457734585E+10   -0.135928305132809754E+03
    0.211252486577717280E+00    0.669595371119742211E+00    0.472757592163737965E+10   -0.135909921267116545E+03
    0.202414490476514275E+00    0.667627222158309053E+00    0.481541779102535343E+10   -0.135884820559556942E+03
    0.177147037907112337E+00    0.559264692312112288E+00    0.519246613911674118E+10   -0.135866344532959687E+03
    0.177147037907112337E+00    0.559264692312112288E+00    0.519246613911674118E+10   -0.135866344532959687E+03
    0.193560671480319024E+00    0.557131243413124366E+00    0.499924445716168499E+10   -0.135859544978153139E+03
    0.194301343883787170E+00    0.603352857448108182E+00    0.490999466732144737E+10   -0.135844867332909899E+03
    0.192863537195850698E+00    0.656033198069497558E+00    0.500550817443140507E+10   -0.135836885899947163E+03
    0.211978665687957091E+00    0.587323238767252676E+00    0.476192343262018871E+10   -0.135813058487530782E+03
    0.211978665687957091E+00    0.587323238767252676E+00    0.476192343262018871E+10   -0.135813058487530782E+03
    0.210398747309529843E+00    0.679877819998846888E+00    0.474754286314240646E+10   -0.135795293946655335E+03
    0.210398747309529843E+00    0.679877819998846888E+00    0.474754286314240646E+10   -0.135795293946655335E+03
    0.188660721209094939E+00    0.613051861980867585E+00    0.503682487582740784E+10   -0.135788586520610579E+03
    0.197241540053723019E+00    0.690853967147809556E+00    0.494114262311664581E+10   -0.135780895593195027E+03
    0.214631718538318195E+00    0.646744654118727169E+00    0.473346278795254421E+10   -0.135779960285947539E+03
    0.227469860308769312E+00    0.594746945682139483E+00    0.460864953915249825E+10   -0.135769273856927072E+03
    0.186836338758985976E+00    0.712203251909411250E+00    0.502315334951920128E+10   -0.135761038381887118E+03
    0.179366058443928611E+00    0.720019169732049491E+00    0.515205134713287735E+10   -0.135721136346514442E+03
    0.179366058443928611E+00    0.720019169732049491E+00    0.515205134713287735E+10   -0.135721136346514442E+03
    0.182001622775351701E+00    0.676741569266043896E+00    0.515663016053018379E+10   -0.135711624710839999E+03
    0.193497101607898070E+00    0.610130208628929083E+00    0.492225688786335754E+10   -0.135710180994425684E+03
    0.186375705302838035E+00    0.746703650941187291E+00    0.506456272885746574E+10   -0.135700830232023719E+03
    0.186375705302838035E+00    0.746703650941187291E+00    0.506456272885746574E+10   -0.135700830232023719E+03
    0.197281988504228012E+00    0.623369924958014465E+00    0.490968318949355507E+10   -0.135689423442401335E+03
    0.197281988504228012E+00    0.623369924958014465E+00    0.490968318949355507E+10   -0.135689423442401335E+03
    0.191494220256241354E+00    0.544106897093680431E+00    0.496896497703888130E+10   -0.135677884107402150E+03
    0.212120788165977903E+00    0.712580349842115268E+00    0.472154020367784786E+10   -0.135672965713007414E+03
    0.177300135921661217E+00    0.642033190259976294E+00    0.518284704458459663E+10   -0.135658645988164295E+03
    0.184948158978484545E+00    0.646680632787060006E+00    0.509694980356205082E+10   -0.135643817846230490E+03
    0.220580314999923588E+00    0.691608445624062540E+00    0.466404441560062695E+10   -0.135638369013730198E+03
    0.179375949982829963E+00    0.587028529720958758E+00    0.515408919327541161E+10   -0.135628403524546229E+03
    0.201560880436503442E+00    0.658676004951283645E+00    0.488215717973009777E+10   -0.135610330569620345E+03
    0.226022608309557282E+00    0.666531645339221157E+00    0.458567296329055405E+10   -0.135604714565921938E+03
    0.226022608309557282E+00    0.666531645339221157E+00    0.458567296329055405E+10   -0.135604714565921938E+03
    0.191062845684998817E+00    0.668745282784348305E+00    0.496372785723116016E+10   -0.135602024245557573E+03
    0.198023640811659796E+00    0.605203884911722056E+00    0.488230677620224094E+10   -0.135591764367829910E+03
    0.192180305418652830E+00    0.674947535404973209E+00    0.494904965978250599E+10   -0.135573566880040630E+03
    0.239763321632228243E+00    0.656941494684788907E+00    0.446246297053895473E+10   -0.135570448974277696E+03
    0.202904214204556788E+00    0.636106547543667133E+00    0.482110691157004261E+10   -0.135567765778250362E+03
    0.202904214204556788E+00    0.636106547543667133E+00    0.482110691157004261E+10   -0.135567765778250362E+03
    0.189093404510836727E+00    0.696799447639943281E+00    0.499614149638608170E+10   -0.135558267620806703E+03
    0.207318311769292496E+00    0.725315701359726006E+00    0.478554194407230473E+10   -0.135540262775699148E+03
    0.190967589594337128E+00    0.626912676428119653E+00    0.503086458718866444E+10   -0.135539158710629692E+03
    0.211885175513953361E+00    0.712582844243392799E+00    0.471375511289377594E+10   -0.135536242538800821E+03
    0.215589476425382565E+00    0.662266115599244642E+00    0.473457788346133995E+10   -0.135527869714066242E+03
    0.203966437700903336E+00    0.618493376590922850E+00    0.479798019344011402E+10   -0.135513676746605768E+03
    0.187261780266023081E+00    0.685400928117598340E+00    0.501329804722010040E+10   -0.135473051674175622E+03
    0.185330475161746555E+00    0.692938837997811419E+00    0.508550022482077789E+10   -0.135458555152681129E+03
    0.200090765933988668E+00    0.608410579175691524E+00    0.486024342472638702E+10   -0.135440514204673974E+03
    0.200090765933988668E+00    0.608410579175691524E+00    0.486024342472638702E+10   -0.135440514204673974E+03
    0.235145238720847471E+00    0.642876726927044118E+00    0.453943308615294743E+10   -0.135419461313092654E+03
    0.203962103011612106E+00    0.647271725596574754E+00    0.480956717867238808E+10   -0.135405810784664453E+03
    0.216214268718876446E+00    0.693207191674440892E+00    0.470047829821472645E+10   -0.135400332137661081E+03
    0.194058928251297280E+00    0.709963476523487458E+00    0.497004947972946644E+10   -0.135364677867555770E+03
    0.212029848501660179E+00    0.685036666407228267E+00    0.477869310390847683E+10   -0.135332214344559617E+03
    0.212029848501660179E+00    0.685036666407228267E+00    0.477869310390847683E+10   -0.135332214344559617E+03
    0.196570605438301627E+00    0.776495302504136120E+00    0.494534507766955566E+10   -0.135309708675811891E+03
    0.196570605438301627E+00    0.776495302504136120E+00    0.494534507766955566E+10   -0.135309708675811891E+03
    0.195822579567806798E+00    0.705194172177076695E+00    0.493922236934238243E+10   -0.135294768208273183E+03
    0.200884054056985839E+00    0.658303927871520145E+00    0.489474060061891365E+10   -0.135285547549893636E+03
    0.200884054056985839E+00    0.658303927871520145E+00    0.489474060061891365E+10   -0.135285547549893636E+03
    0.197492159789054933E+00    0.628305645851511940E+00    0.490984256195588112E+10   -0.135263244878193120E+03
    0.197492159789054933E+00    0.628305645851511940E+00    0.490984256195588112E+10   -0.135263244878193120E+03
    0.205814109671344614E+00    0.639138817199636833E+00    0.484737883222115040E+10   -0.135262730451271892E+03
    0.205587080640665998E+00    0.735169205346473120E+00    0.480205132357016087E+10   -0.135257421864089878E+03
    0.192658872478175980E+00    0.730916067936711045E+00    0.494957236139597511E+10   -0.135257188074589180E+03
    0.192658872478175980E+00    0.730916067936711045E+00    0.494957236139597511E+10   -0.135257188074589180E+03
    0.211351164175397788E+00    0.654555814890610321E+00    0.476204389790273666E+10   -0.135239678058762195E+03
    0.220153828897133530E+00    0.681832904098556014E+00    0.464174914893901730E+10   -0.135236584927400088E+03
    0.209565427660095727E+00    0.684683307177092360E+00    0.478920516150241756E+10   -0.135217423394807412E+03
    0.209565427660095727E+00    0.684683307177092360E+00    0.478920516150241756E+10   -0.135217423394807412E+03
    0.211194061810887956E+00    0.693704627606635427E+00    0.479776580814922142E+10   -0.135214972849378171E+03
    0.185433131347373881E+00    0.695725334908894766E+00    0.505932349379556179E+10   -0.135193758967848680E+03
    0.211685821470331159E+00    0.667420815084545538E+00    0.477214151849380875E+10   -0.135189361088005228E+03
    0.211603326387064139E+00    0.704603243762706555E+00    0.476001897610255146E+10   -0.135174019774420572E+03
    0.199167338068907740E+00    0.649477076644100038E+00    0.490138748496215820E+10   -0.135167089276110119E+03
    0.199167338068907740E+00    0.649477076644100038E+00    0.490138748496215820E+10   -0.135167089276110119E+03
    0.206089000475179696E+00    0.600586571603061614E+00    0.482270752914214993E+10   -0.135163367769140649E+03
    0.196143200869456191E+00    0.640931610787125905E+00    0.491704045625153446E+10   -0.135156485831991972E+03
    0.198056581311586710E+00    0.714617548849552975E+00    0.490501781024356174E+10   -0.135119628497331121E+03
    0.198056581311586710E+00    0.714617548849552975E+00    0.490501781024356174E+10   -0.135119628497331121E+03
    0.184217282790099746E+00    0.597529677557869121E+00    0.506149539547406387E+10   -0.135117248495703677E+03
    0.205530751637473030E+00    0.663009069307452847E+00    0.478307168223796844E+10   -0.135116690706953023E+03
    0.211199389605661869E+00    0.667204258646476589E+00    0.476561302089379215E+10   -0.135115772485679855E+03
    0.195142180754349692E+00    0.611670982603842006E+00    0.496527874788487911E+10   -0.135114639030833047E+03
    0.187112025163337803E+00    0.564805138180357602E+00    0.503065605865991402E+10   -0.135102454627318508E+03
    0.187112025163337803E+00    0.564805138180357602E+00    0.503065605865991402E+10   -0.135102454627318508E+03
    0.239941918565963419E+00    0.737971195597220131E+00    0.447345033803324223E+10   -0.135088056994264889E+03
    0.204290571052618442E+00    0.698284304780127485E+00    0.486779819875480175E+10   -0.135084446726317225E+03
    0.188395732804412408E+00    0.617121295963890759E+00    0.504308646489017868E+10   -0.135071980849632496E+03
    0.228176237625251133E+00    0.615291022922603403E+00    0.454862990460531616E+10   -0.135071736824414472E+03
    0.181394801764238500E+00    0.648004258585059389E+00    0.511629913823114204E+10   -0.135069261194033743E+03
    0.198092888193589389E+00    0.585095311986869149E+00    0.489783228637531185E+10   -0.135045322408457309E+03
    0.198092888193589389E+00    0.585095311986869149E+00    0.489783228637531185E+10   -0.135045322408457309E+03
    0.194970348262265170E+00    0.700521753462183483E+00    0.491488071240020847E+10   -0.135036286385379071E+03
    0.194970348262265170E+00    0.700521753462183483E+00    0.491488071240020847E+10   -0.135036286385379071E+03
    0.210920087786725496E+00    0.666634664020296697E+00    0.478647451516952705E+10   -0.135023738736222924E+03
    0.210920087786725496E+00    0.666634664020296697E+00    0.478647451516952705E+10   -0.135023738736222924E+03
    0.197817779646642156E+00    0.698636436471458566E+00    0.490722740343970585E+10   -0.135022962337854750E+03
    0.200772130517342384E+00    0.673857944040410217E+00    0.490273851426729298E+10   -0.135008150696727739E+03
    0.194905137125611971E+00    0.566042125864623102E+00    0.493451829270291901E+10   -0.134987086352017513E+03
    0.189256520574271447E+00    0.677617615093009107E+00    0.505049738272264767E+10   -0.134949659330127616E+03
    0.209625425805347820E+00    0.740692846537573502E+00    0.475697050779318905E+10   -0.134937283642886086E+03
    0.224181577969495338E+00    0.675362121001565896E+00    0.462883592224682426E+10   -0.134929295138842633E+03
    0.224181577969495338E+00    0.675362121001565896E+00    0.462883592224682426E+10   -0.134929295138842633E+03
    0.202364352403281267E+00    0.696545076312634848E+00    0.485215107967537689E+10   -0.134918579249822074E+03
    0.202364352403281267E+00    0.696545076312634848E+00    0.485215107967537689E+10   -0.134918579249822074E+03
    0.204598635067307577E+00    0.731097562338185014E+00    0.482266873535140324E+10   -0.134901544082990625E+03
    0.189876684943516894E+00    0.667032121375024545E+00    0.504083043392156792E+10   -0.134901233151437680E+03
    0.209289028828125445E+00    0.598058605850511071E+00    0.476562601504133797E+10   -0.134889606354139204E+03
    0.209030422987406039E+00    0.665338246627687369E+00    0.479760573588383102E+10   -0.134879702319365634E+03
    0.205270386584652076E+00    0.680520065006820829E+00    0.479484714302270222E+10   -0.134863449827123986E+03
    0.190466221455267037E+00    0.608359216723750151E+00    0.498204636931332588E+10   -0.134863075059502393E+03
    0.190466221455267037E+00    0.608359216723750151E+00    0.498204636931332588E+10   -0.134863075059502393E+03
    0.202851082720162723E+00    0.621208305780704961E+00    0.481725741579622746E+10   -0.134853375856072603E+03
    0.202851082720162723E+00    0.621208305780704961E+00    0.481725741579622746E+10   -0.134853375856072603E+03
    0.200002483797503738E+00    0.608726861299135891E+00    0.486703549522324085E+10   -0.134835089540223123E+03
    0.200002483797503738E+00    0.608726861299135891E+00    0.486703549522324085E+10   -0.134835089540223123E+03
    0.211172678363079125E+00    0.566912602998449699E+00    0.474504841537041569E+10   -0.134833397479404368E+03
    0.211585711109757768E+00    0.701772014350792617E+00    0.474610090431213284E+10   -0.134788552964639791E+03
    0.230544501308238947E+00    0.636641443969338638E+00    0.454638115076560879E+10   -0.134787753730888767E+03
    0.233830475911279201E+00    0.702815163136696341E+00    0.451431142504754353E+10   -0.134784487243623090E+03
    0.233830475911279201E+00    0.702815163136696341E+00    0.451431142504754353E+10   -0.134784487243623090E+03
    0.193460099385277140E+00    0.587398368089196765E+00    0.495863154703567314E+10   -0.134782743086928519E+03
    0.198420243369217708E+00    0.605006566883615093E+00    0.488743565482940197E+10   -0.134780983180177145E+03
    0.198420243369217708E+00    0.605006566883615093E+00    0.488743565482940197E+10   -0.134780983180177145E+03
    0.229589177556407953E+00    0.655152751970724978E+00    0.456112413500819016E+10   -0.134761690084091924E+03
    0.185863952787046538E+00    0.572504060372240886E+00    0.504941807676676559E+10   -0.134758256006697025E+03
    0.204513815989013803E+00    0.644747935146053663E+00    0.480617127826411247E+10   -0.134752064510525429E+03
    0.204513815989013803E+00    0.644747935146053663E+00    0.480617127826411247E+10   -0.134752064510525429E+03
    0.206957783194937128E+00    0.690591743612188225E+00    0.482150411440355873E+10   -0.134745112443277606E+03
    0.229631409251220997E+00    0.612063954740126093E+00    0.455766734796003723E+10   -0.134740419788459008E+03
    0.193096191463314637E+00    0.669924563659066052E+00    0.494983294390025330E+10   -0.134731182545842842E+03
    0.193096191463314637E+00    0.669924563659066052E+00    0.494983294390025330E+10   -0.134731182545842842E+03
    0.205472196035163979E+00    0.620491966161800690E+00    0.479100548557165051E+10   -0.134727235168882714E+03
    0.205472196035163979E+00    0.620491966161800690E+00    0.479100548557165051E+10   -0.134727235168882714E+03
    0.205328027872396401E+00    0.625330846127369000E+00    0.481630417919341755E+10   -0.134706096611943508E+03
    0.208316412628925307E+00    0.701338113168308297E+00    0.478320360339347744E+10   -0.134684060988958436E+03
    0.184251467951226322E+00    0.663258898336012592E+00    0.507040369702513123E+10   -0.134682991158618108E+03
    0.207877923404434728E+00    0.669143136697162078E+00    0.482143988451421261E+10   -0.134656298466590897E+03
    0.207313390936371855E+00    0.566985240119306511E+00    0.481957582800464725E+10   -0.134652754412147971E+03
    0.207313390936371855E+00    0.566985240119306511E+00    0.481957582800464725E+10   -0.134652754412147971E+03
    0.190364524933208434E+00    0.586371274850009172E+00    0.497938256999665833E+10   -0.134626240420573680E+03
    0.190364524933208434E+00    0.586371274850009172E+00    0.497938256999665833E+10   -0.134626240420573680E+03
    0.228396055292516220E+00    0.660206979227561774E+00    0.461650879790824223E+10   -0.134624159136688377E+03
    0.226943140810577204E+00    0.681535665111681510E+00    0.462751268020419407E+10   -0.134622630335055987E+03
    0.221401435346341935E+00    0.682817416059812388E+00    0.466745312412543106E+10   -0.134622161018605937E+03
    0.221401435346341935E+00    0.682817416059812388E+00    0.466745312412543106E+10   -0.134622161018605937E+03
    0.184169644240168628E+00    0.602532120635668633E+00    0.507410967540919018E+10   -0.134616388127867367E+03
    0.189202715256564513E+00    0.674098235717991656E+00    0.503454375391206264E+10   -0.134603092623835266E+03
    0.188243210629596591E+00    0.615738006684336980E+00    0.502802126542736053E+10   -0.134597939043937487E+03
    0.202220388899973291E+00    0.693970316262175757E+00    0.485864278218128490E+10   -0.134580750114813128E+03
    0.210805575488001884E+00    0.688938059999893326E+00    0.479657064422016621E+10   -0.134578815768144864E+03
    0.188313639957978785E+00    0.639152954014639008E+00    0.502892647014847374E+10   -0.134570358109641546E+03
    0.188313639957978785E+00    0.639152954014639008E+00    0.502892647014847374E+10   -0.134570358109641546E+03
    0.187754804326121238E+00    0.649115007035325320E+00    0.504287702467520714E+10   -0.134562515488271970E+03
    0.187754804326121238E+00    0.649115007035325320E+00    0.504287702467520714E+10   -0.134562515488271970E+03
    0.188568591330660673E+00    0.666389419119514770E+00    0.501460102299572945E+10   -0.134552765622264133E+03
    0.188568591330660673E+00    0.666389419119514770E+00    0.501460102299572945E+10   -0.134552765622264133E+03
    0.199046633374227289E+00    0.588843021873032058E+00    0.486856721756158924E+10   -0.134534364707218089E+03
    0.184024559954736211E+00    0.565893994565961123E+00    0.507966886589195919E+10   -0.134527461780843794E+03
    0.201223769193402457E+00    0.690738576742447208E+00    0.486124170328016376E+10   -0.134525091572944064E+03
    0.188338467191766501E+00    0.620032454946230160E+00    0.502390886740786934E+10   -0.134516588746992625E+03
    0.191596060066538787E+00    0.682196647968444481E+00    0.497148799089918423E+10   -0.134510158569774546E+03
    0.188920220344630962E+00    0.668458759489812593E+00    0.504990341439112282E+10   -0.134508819738330772E+03
    0.188920220344630962E+00    0.668458759489812593E+00    0.504990341439112282E+10   -0.134508819738330772E+03
    0.197511706847234569E+00    0.674295401397575489E+00    0.490740315363446045E+10   -0.134504175463686607E+03
    0.197511706847234569E+00    0.674295401397575489E+00    0.490740315363446045E+10   -0.134504175463686607E+03
    0.197001244178706847E+00    0.703343085023259817E+00    0.492616848168303967E+10   -0.134497011347055661E+03
    0.197001244178706847E+00    0.703343085023259817E+00    0.492616848168303967E+10   -0.134497011347055661E+03
    0.216067972401063679E+00    0.685834386505119298E+00    0.471496230309986591E+10   -0.134495280657094980E+03
    0.220533248113228997E+00    0.708457525811736488E+00    0.469653044844251060E+10   -0.134494095662750794E+03
    0.219446736925958064E+00    0.699867091115866202E+00    0.467594334543430328E+10   -0.134493381400295760E+03
    0.191300502646853166E+00    0.681326536507587122E+00    0.499775420520537472E+10   -0.134492151357097555E+03
    0.194410282920714883E+00    0.606125465797981988E+00    0.495449615449002934E+10   -0.134491049183062785E+03
    0.194410282920714883E+00    0.606125465797981988E+00    0.495449615449002934E+10   -0.134491049183062785E+03
    0.210758902141647164E+00    0.632533772735843769E+00    0.475411480550340748E+10   -0.134475514231430566E+03
    0.211171283885541128E+00    0.668042514977067015E+00    0.478531164042754555E+10   -0.134446455627688692E+03
    0.216712278702611283E+00    0.704154907337697367E+00    0.469508768400984955E+10   -0.134445572332928577E+03
    0.229930584194331933E+00    0.605369533914689839E+00    0.454621168322668076E+10   -0.134436041213182250E+03
    0.189372719949408963E+00    0.654065771573563381E+00    0.500944826416525078E+10   -0.134434414606025143E+03
    0.185390523659867745E+00    0.618720546629162982E+00    0.509094985122790432E+10   -0.134421245621123546E+03
    0.197433344326209681E+00    0.605421879722140233E+00    0.489732658536824799E+10   -0.134414067107652045E+03
    0.200589074294442338E+00    0.691069140183486752E+00    0.488014044939082050E+10   -0.134390520213275664E+03
    0.200589074294442338E+00    0.691069140183486752E+00    0.488014044939082050E+10   -0.134390520213275664E+03
    0.209919026046927137E+00    0.622766267313629385E+00    0.475001637274534798E+10   -0.134353444951682093E+03
    0.205444678668318725E+00    0.649875745197443067E+00    0.482383622445838737E+10   -0.134342926774102494E+03
    0.201670831379891280E+00    0.705271633245423857E+00    0.485719522853489304E+10   -0.134342582065670598E+03
    0.201670831379891280E+00    0.705271633245423857E+00    0.485719522853489304E+10   -0.134342582065670598E+03
    0.197613803966685708E+00    0.682883936877292541E+00    0.490456078546518898E+10   -0.134342420649041060E+03
    0.206036271132174154E+00    0.683443812253251792E+00    0.481597977632836628E+10   -0.134329010074050302E+03
    0.195974550094219158E+00    0.628758695415509550E+00    0.493060025807431889E+10   -0.134326111449050074E+03
    0.195974550094219158E+00    0.628758695415509550E+00    0.493060025807431889E+10   -0.134326111449050074E+03
    0.208888595234444585E+00    0.608703821097760667E+00    0.479059257789463711E+10   -0.134316658201706161E+03
    0.210271499262498440E+00    0.680197239074269433E+00    0.482131048213599968E+10   -0.134312895081852020E+03
    0.204502236455770703E+00    0.609123371278286641E+00    0.482341646507927608E+10   -0.134309900699458069E+03
    0.204502236455770703E+00    0.609123371278286641E+00    0.482341646507927608E+10   -0.134309900699458069E+03
    0.208234093344024873E+00    0.619033581789752319E+00    0.479374061037567616E+10   -0.134283204391045842E+03
    0.204681929386713868E+00    0.696237863508779142E+00    0.483241085372089005E+10   -0.134271626111385046E+03
    0.203391700909971107E+00    0.624685188938629565E+00    0.487007804111524582E+10   -0.134271088090091382E+03
    0.203391700909971107E+00    0.624685188938629565E+00    0.487007804111524582E+10   -0.134271088090091382E+03
    0.193344053447016884E+00    0.697249505780327183E+00    0.496251078815942478E+10   -0.134262919976292068E+03
    0.196273047922110810E+00    0.715456408745698269E+00    0.491477104939819336E+10   -0.134258656014457301E+03
    0.203500443402651332E+00    0.696841626330451547E+00    0.484808704612412643E+10   -0.134256328490639589E+03
    0.198941902943010174E+00    0.642272063875587662E+00    0.487215280759623528E+10   -0.134245815948589069E+03
    0.205890764934702819E+00    0.593295569930232247E+00    0.480702383586791039E+10   -0.134232127846478562E+03
    0.199046902810692539E+00    0.581323900367449298E+00    0.486764392864941502E+10   -0.134216773146429119E+03
    0.198543127117130069E+00    0.611665735771806496E+00    0.487968427359385109E+10   -0.134210263690408055E+03
    0.202482791281757779E+00    0.693413314522137725E+00    0.486910491094225597E+10   -0.134198083789601441E+03
    0.204918778399467705E+00    0.677077529613969276E+00    0.483156705062979698E+10   -0.134197773943714139E+03
    0.213649564083852106E+00    0.678215320257596233E+00    0.478200634565369129E+10   -0.134167097159851551E+03
    0.194230768746795623E+00    0.674021564396930728E+00    0.496124954183418369E+10   -0.134165781681683342E+03
    0.194230768746795623E+00    0.674021564396930728E+00    0.496124954183418369E+10   -0.134165781681683342E+03
    0.211143276484986375E+00    0.614679426820252672E+00    0.478322048941344643E+10   -0.134165230378789715E+03
    0.196505700892155077E+00    0.694726169097082291E+00    0.491401076739980984E+10   -0.134162104266576335E+03
    0.196505700892155077E+00    0.694726169097082291E+00    0.491401076739980984E+10   -0.134162104266576335E+03
    0.203764329497721941E+00    0.691529994755107680E+00    0.481934679544527245E+10   -0.134150437529102533E+03
    0.203805551795349982E+00    0.632540963653873689E+00    0.481923949575398445E+10   -0.134148932538625644E+03
    0.203805551795349982E+00    0.632540963653873689E+00    0.481923949575398445E+10   -0.134148932538625644E+03
    0.197052106150185202E+00    0.705829947191926266E+00    0.491883335420568466E+10   -0.134146095311986983E+03
    0.200857286291184767E+00    0.635306131523167394E+00    0.488319202848160267E+10   -0.134142887135842102E+03
    0.200857286291184767E+00    0.635306131523167394E+00    0.488319202848160267E+10   -0.134142887135842102E+03
    0.194558864068960169E+00    0.692424501154258465E+00    0.494064519642945766E+10   -0.134141922047906888E+03
    0.207204232765704544E+00    0.693947351512766986E+00    0.482070272102242279E+10   -0.134139165956425614E+03
    0.194339976441190720E+00    0.702014305090774116E+00    0.494568838313718891E+10   -0.134134247137670286E+03
    0.205745778362912080E+00    0.633584668398549766E+00    0.479377667570684719E+10   -0.134109187043447434E+03
    0.194157701587600373E+00    0.601817946485660116E+00    0.494511265563860416E+10   -0.134098913234403028E+03
    0.231935960917348305E+00    0.599313059041183038E+00    0.454407954336326218E+10   -0.134077417796722273E+03
    0.198924655336967293E+00    0.640291699918694945E+00    0.490251501474463940E+10   -0.134072142254416235E+03
    0.198924655336967293E+00    0.640291699918694945E+00    0.490251501474463940E+10   -0.134072142254416235E+03
    0.193316532100820004E+00    0.599449001238658852E+00    0.495145773961218548E+10   -0.134068056581568158E+03
    0.193316532100820004E+00    0.599449001238658852E+00    0.495145773961218548E+10   -0.134068056581568158E+03
    0.193591650112482083E+00    0.623664556940807913E+00    0.495752100208510685E+10   -0.134058309439810898E+03
    0.193591650112482083E+00    0.623664556940807913E+00    0.495752100208510685E+10   -0.134058309439810898E+03
    0.198508838155564582E+00    0.694931265699644030E+00    0.490973878389587688E+10   -0.134050708847670819E+03
    0.201680853526808090E+00    0.706968674233973360E+00    0.485308577092294407E+10   -0.134046715168625354E+03
    0.201680853526808090E+00    0.706968674233973360E+00    0.485308577092294407E+10   -0.134046715168625354E+03
    0.199841065989937061E+00    0.696375598856263878E+00    0.487626921729577255E+10   -0.134032014348543584E+03
    0.204054738786008938E+00    0.583682039996924473E+00    0.482519580008334827E+10   -0.134027138903330410E+03
    0.206807867461803019E+00    0.595193211805650435E+00    0.480922886945903015E+10   -0.134009530324065736E+03
    0.218148638246020266E+00    0.677921705261484320E+00    0.469619812516977024E+10   -0.134008497510681053E+03
    0.193340744751903326E+00    0.659444330738875095E+00    0.499772806569913006E+10   -0.133988348752175654E+03
    0.205156140989629976E+00    0.662935574556486884E+00    0.480389873655389214E+10   -0.133982604230929780E+03
    0.206320945365322750E+00    0.669362102721153818E+00    0.479674742388378429E+10   -0.133972332071643990E+03
    0.211092548468767349E+00    0.605667186443170635E+00    0.479067404610543537E+10   -0.133970454815424517E+03
    0.211092548468767349E+00    0.605667186443170635E+00    0.479067404610543537E+10   -0.133970454815424517E+03
    0.204683645560560568E+00    0.655912571760149277E+00    0.483304223398092937E+10   -0.133965590410524385E+03
    0.193142750537459884E+00    0.604704377071405119E+00    0.496005209028864098E+10   -0.133956073526246342E+03
    0.201786942478859865E+00    0.643903895302655016E+00    0.484575861610436916E+10   -0.133948676816023521E+03
    0.203260703772733253E+00    0.683717947524238312E+00    0.487213951171862602E+10   -0.133946319010894626E+03
    0.203260703772733253E+00    0.683717947524238312E+00    0.487213951171862602E+10   -0.133946319010894626E+03
    0.227850415861116429E+00    0.676707069537254569E+00    0.461651467401932049E+10   -0.133942067103523243E+03
    0.198607659863337505E+00    0.686675630704744577E+00    0.489535940865682983E+10   -0.133941370446934116E+03
    0.199840741312414472E+00    0.639487751574979058E+00    0.488755557401767731E+10   -0.133927881847203594E+03
    0.199840741312414472E+00    0.639487751574979058E+00    0.488755557401767731E+10   -0.133927881847203594E+03
    0.196930760526693560E+00    0.701893784800880383E+00    0.491821016164569092E+10   -0.133923778493037446E+03
    0.200598808375027748E+00    0.628330806142002984E+00    0.487006919228925705E+10   -0.133903165848354263E+03
    0.200598808375027748E+00    0.628330806142002984E+00    0.487006919228925705E+10   -0.133903165848354263E+03
    0.201129073274370074E+00    0.667887102746625771E+00    0.486434000088740158E+10   -0.133894749989371974E+03
    0.201742362928552965E+00    0.709973711789476880E+00    0.485396666890105247E+10   -0.133888096789475952E+03
    0.201742362928552965E+00    0.709973711789476880E+00    0.485396666890105247E+10   -0.133888096789475952E+03
    0.238576612205694705E+00    0.731917792120031052E+00    0.447748080033258247E+10   -0.133881997647067521E+03
    0.238576612205694705E+00    0.731917792120031052E+00    0.447748080033258247E+10   -0.133881997647067521E+03
    0.203927080684296269E+00    0.592851659732362535E+00    0.483093553379050064E+10   -0.133863588470297543E+03
    0.209213630753624924E+00    0.568562414786104142E+00    0.477253539135530663E+10   -0.133856596660756964E+03
    0.193041745900998929E+00    0.672933511351622826E+00    0.497064925515759659E+10   -0.133848438627173408E+03
    0.202202760721308050E+00    0.691508730089356760E+00    0.484538340537950039E+10   -0.133845988427109489E+03
    0.203370106386797200E+00    0.612474434971385762E+00    0.483717060523552227E+10   -0.133838847879096534E+03
    0.203370106386797200E+00    0.612474434971385762E+00    0.483717060523552227E+10   -0.133838847879096534E+03
    0.204387794808245093E+00    0.682420172669708336E+00    0.481990113198152065E+10   -0.133837650190264583E+03
    0.209696623629552548E+00    0.647323553977223298E+00    0.476668694859569454E+10   -0.133834905008827718E+03
    0.196918945062882711E+00    0.668265462750440520E+00    0.492470750961110401E+10   -0.133824164633165026E+03
    0.203661695313815394E+00    0.641769863443421684E+00    0.482744620262954712E+10   -0.133820550145494849E+03
    0.203661695313815394E+00    0.641769863443421684E+00    0.482744620262954712E+10   -0.133820550145494849E+03
    0.210934596953389064E+00    0.578842029499689659E+00    0.474590147338204861E+10   -0.133818360674482449E+03
    0.207559946087852332E+00    0.728872435601227053E+00    0.481809277571847153E+10   -0.133816616434069061E+03
    0.207559946087852332E+00    0.728872435601227053E+00    0.481809277571847153E+10   -0.133816616434069061E+03
    0.197249475054649404E+00    0.693920522141871388E+00    0.491618173214925098E+10   -0.133808572002681643E+03
    0.195678768200683639E+00    0.665312643655507685E+00    0.494891955836757755E+10   -0.133796071321582360E+03
    0.205801803074994405E+00    0.640594194465185396E+00    0.482387289103116131E+10   -0.133781193797956917E+03
    0.196459477739730604E+00    0.704255116601569142E+00    0.493035145456714725E+10   -0.133780081896983802E+03
    0.202802621796494054E+00    0.699097385547243988E+00    0.484159280618105507E+10   -0.133773865107017002E+03
    0.204722127765826212E+00    0.597354184720970238E+00    0.482333842518613815E+10   -0.133772602413833027E+03
    0.207253864180937275E+00    0.725959936732277100E+00    0.481820760842733574E+10   -0.133768661274376967E+03
    0.202600555096969226E+00    0.688032377686022656E+00    0.483822015975561142E+10   -0.133759536747855037E+03
    0.196363018465723405E+00    0.692043275618344111E+00    0.492190940443216705E+10   -0.133758628763227421E+03
    0.213739119464057659E+00    0.689472103488963484E+00    0.475109592109627438E+10   -0.133750494768246000E+03
    0.197263639817904901E+00    0.699497423559886755E+00    0.491556135563983059E+10   -0.133750435147266643E+03
    0.205870695979180396E+00    0.579092400266835838E+00    0.480187731182287693E+10   -0.133749998241504045E+03
    0.202719767525841976E+00    0.607642040332418532E+00    0.484184522101719570E+10   -0.133734472571746267E+03
    0.207335665023416438E+00    0.693294831401098932E+00    0.479980623338830757E+10   -0.133731960847817561E+03
    0.206187704854840004E+00    0.593674277110258330E+00    0.480036698300580883E+10   -0.133710511794824129E+03
    0.202203445839166163E+00    0.702416962508131348E+00    0.484974536354430389E+10   -0.133701611317262461E+03
    0.199436477532928813E+00    0.643024121513175118E+00    0.487537476071627045E+10   -0.133700509380303004E+03
    0.199436477532928813E+00    0.643024121513175118E+00    0.487537476071627045E+10   -0.133700509380303004E+03
    0.205181778935162096E+00    0.675553985327894679E+00    0.482324709992038250E+10   -0.133697867900268676E+03
    0.203755314687552480E+00    0.634018027881955604E+00    0.483825933981354237E+10   -0.133690676227511659E+03
    0.203108867284796657E+00    0.601561267667305444E+00    0.484595704799148464E+10   -0.133690625553616712E+03
    0.203108867284796657E+00    0.601561267667305444E+00    0.484595704799148464E+10   -0.133690625553616712E+03
    0.204815189946895182E+00    0.618639219456589728E+00    0.480995939851726341E+10   -0.133689359422853983E+03
    0.207433880802426418E+00    0.706472645338587668E+00    0.482389076204174328E+10   -0.133677643289404273E+03
    0.208804407739672071E+00    0.639632906981624672E+00    0.477996141826065063E+10   -0.133675813321335028E+03
    0.206681853299013063E+00    0.661120462125456498E+00    0.479986288054831791E+10   -0.133654306455538062E+03
    0.214087939207090072E+00    0.703317614519145096E+00    0.474626719964878178E+10   -0.133643536635675446E+03
    0.205702740927553862E+00    0.596555066077957719E+00    0.480188348929227161E+10   -0.133639694851419364E+03
    0.205702740927553862E+00    0.596555066077957719E+00    0.480188348929227161E+10   -0.133639694851419364E+03
    0.227565511418912236E+00    0.657963870972217535E+00    0.462012457686049080E+10   -0.133635599607294608E+03
    0.214300302697243872E+00    0.694597292648609255E+00    0.471461489891191387E+10   -0.133635291119442741E+03
    0.206653029960995549E+00    0.713300019338511504E+00    0.481901565209586716E+10   -0.133634018652240229E+03
    0.202410748608766178E+00    0.600124793413899127E+00    0.487490303293601227E+10   -0.133612168595036849E+03
    0.208870989576971589E+00    0.658296798697044494E+00    0.480641045577562141E+10   -0.133607257003300276E+03
    0.208870989576971589E+00    0.658296798697044494E+00    0.480641045577562141E+10   -0.133607257003300276E+03
    0.212059471883350004E+00    0.574115600046248176E+00    0.475599974702680016E+10   -0.133597455402071830E+03
    0.196550749788999612E+00    0.686330329698812136E+00    0.492657581105650043E+10   -0.133594631415932128E+03
    0.195430953332759672E+00    0.664238491682848320E+00    0.496097325681384754E+10   -0.133594334389304493E+03
    0.199212687865020832E+00    0.685305689243659089E+00    0.490209920613263035E+10   -0.133593937150636918E+03
    0.211537910451069622E+00    0.582258233504749256E+00    0.476260265416078854E+10   -0.133588119518881598E+03
    0.203130853827579894E+00    0.674090087349927813E+00    0.484816241055869961E+10   -0.133584604760597671E+03
    0.206936450824544205E+00    0.664906945282943695E+00    0.480774119102680302E+10   -0.133579226255216383E+03
    0.214086800597968641E+00    0.591354183512164511E+00    0.473316280093831539E+10   -0.133578907541607691E+03
    0.206308750292515442E+00    0.637362487275726863E+00    0.480089087305662537E+10   -0.133578620125051799E+03
    0.213540411986808842E+00    0.713823667349267055E+00    0.473427998904445839E+10   -0.133573595914185177E+03
    0.203030150296566347E+00    0.636244349538202414E+00    0.484004079766374016E+10   -0.133573171020956352E+03
    0.204224791486637636E+00    0.618317178662429967E+00    0.482745186570775986E+10   -0.133561359074955334E+03
    0.207351993421524883E+00    0.710045813739627718E+00    0.482202161054424763E+10   -0.133561177186779389E+03
    0.198144052193494680E+00    0.668513013709494786E+00    0.492739580710868645E+10   -0.133558293380130038E+03
    0.205322850065497164E+00    0.605483157221220480E+00    0.480767397035990143E+10   -0.133551952318411566E+03
    0.220138242892600311E+00    0.661545418818295872E+00    0.467678182067953396E+10   -0.133551409755871191E+03
    0.206940013886958651E+00    0.638999597172309919E+00    0.482031214898972034E+10   -0.133548233667423546E+03
    0.216212960973588775E+00    0.694015629644507470E+00    0.472134648414187431E+10   -0.133532638669052403E+03
    0.214725667761726968E+00    0.723989262429640235E+00    0.471872515723222828E+10   -0.133527711876008738E+03
    0.200908868950603559E+00    0.628012930246530487E+00    0.488964307688874817E+10   -0.133509438187368687E+03
    0.205681217457181931E+00    0.683085051367598339E+00    0.483276958342716408E+10   -0.133505616433080093E+03
    0.205302363776629193E+00    0.631050183606733484E+00    0.481698489776910305E+10   -0.133504524670192666E+03
    0.208216519630281593E+00    0.673686836984124682E+00    0.480770673373012733E+10   -0.133503301693205458E+03
    0.213822723187918839E+00    0.710354075522285910E+00    0.473716342203281689E+10   -0.133498915815317616E+03
    0.214626875459309030E+00    0.718508719502990445E+00    0.471328049701346207E+10   -0.133490017423707741E+03
    0.205048921468188150E+00    0.680814645155692233E+00    0.482574484640362358E+10   -0.133489826036476870E+03
    0.206293732724472267E+00    0.686599633075628546E+00    0.482519564076440716E+10   -0.133488226992464831E+03
    0.213508313227640190E+00    0.700676657852103091E+00    0.473791794282851219E+10   -0.133483956065449746E+03
    0.204814237047499292E+00    0.674554555047567561E+00    0.483538080266056538E+10   -0.133472701325099308E+03
    0.199793345697990843E+00    0.671220326647057774E+00    0.490413996536544418E+10   -0.133472289679105529E+03
    0.207239394758714113E+00    0.685090621033349834E+00    0.483321194472221661E+10   -0.133472004389344193E+03
    0.201680480786737171E+00    0.611154395655621130E+00    0.486435319540269566E+10   -0.133461672424737742E+03
    0.211239391626800499E+00    0.743213059952616106E+00    0.474283902670608234E+10   -0.133447137944849544E+03
    0.205146380903297176E+00    0.679110466790675105E+00    0.482452984531317806E+10   -0.133446135865923225E+03
    0.220436968886647544E+00    0.693107900824415424E+00    0.467095947959692192E+10   -0.133444813516090676E+03
    0.208455890228906593E+00    0.669605817426688787E+00    0.480636015476843071E+10   -0.133444802162029561E+03
    0.198722885119635873E+00    0.643020762297757287E+00    0.490569556542293167E+10   -0.133439375979722030E+03
    0.229857166237763033E+00    0.597756352259096957E+00    0.457378898945731163E+10   -0.133423818729335636E+03
    0.194712972493927050E+00    0.662545602301909398E+00    0.497410052959154224E+10   -0.133422649647984542E+03
    0.198338172302246374E+00    0.644359810437222791E+00    0.490784628946888828E+10   -0.133412490833048764E+03
    0.194701975874469413E+00    0.621499161351316332E+00    0.495045977487650394E+10   -0.133386392901160860E+03
    0.202669406275570785E+00    0.614369723555984848E+00    0.486219053203020954E+10   -0.133384175287623748E+03
    0.208194565447060553E+00    0.672950763311474631E+00    0.480016258755428505E+10   -0.133382723510305738E+03
    0.195793564394313724E+00    0.653569145795376727E+00    0.495072055947777557E+10   -0.133378209287729049E+03
    0.196666486625301840E+00    0.681444453443280196E+00    0.493111178357769394E+10   -0.133366599687834935E+03
    0.220222331256804515E+00    0.702773478039064869E+00    0.466725332394445229E+10   -0.133364250711917975E+03
    0.201985327237449608E+00    0.606545044017748225E+00    0.485671973765277767E+10   -0.133356159349442208E+03
    0.209534771795620856E+00    0.667454689757896347E+00    0.478715061313105869E+10   -0.133342643123779482E+03
    0.205740860299046313E+00    0.657828937375215972E+00    0.483192698610883427E+10   -0.133336904078037861E+03
    0.222789581593007047E+00    0.685000908244063567E+00    0.464039876543378639E+10   -0.133333959055710125E+03
    0.208847102451382771E+00    0.738192631672774269E+00    0.477709152058177757E+10   -0.133331856656022126E+03
    0.214312844298611804E+00    0.697340401891457518E+00    0.472961744750687790E+10   -0.133329894315125614E+03
    0.207311676644248766E+00    0.600994519502165758E+00    0.481480909532687378E+10   -0.133327288979989078E+03
    0.211941338433161763E+00    0.725056367391033518E+00    0.476140794191068459E+10   -0.133313871951993406E+03
    0.196436630602247753E+00    0.631385156210079401E+00    0.492815015473727703E+10   -0.133302511071997458E+03
    0.213270560076433913E+00    0.573040576647400712E+00    0.474606455303361320E+10   -0.133295623973691050E+03
    0.223903422132611774E+00    0.682557915171182472E+00    0.462674865109879208E+10   -0.133284638257377878E+03
    0.213813320749582259E+00    0.692002531023357292E+00    0.473994542998961449E+10   -0.133277624423006500E+03
    0.220515070009701108E+00    0.655703447206974488E+00    0.468178802509521389E+10   -0.133275926175234105E+03
    0.208816454627505588E+00    0.696559671419800353E+00    0.478460189477081490E+10   -0.133272686669145457E+03
    0.206706558782067562E+00    0.723832022480019432E+00    0.482232399544269180E+10   -0.133272015694951477E+03
    0.207007790402761793E+00    0.707311256898353946E+00    0.480207289195240402E+10   -0.133268254219405492E+03
    0.214439934993022441E+00    0.696970515143373603E+00    0.473923581002143097E+10   -0.133254145990650500E+03
    0.202508744304174482E+00    0.589058317763818451E+00    0.485567157158685970E+10   -0.133250719264462163E+03
    0.212263818959379125E+00    0.712823034213956319E+00    0.474132648601041794E+10   -0.133245393297489699E+03
    0.203519773955756655E+00    0.628200375976376790E+00    0.485798892694268322E+10   -0.133236153374032085E+03
    0.210494329939163172E+00    0.574597518798867668E+00    0.474853197095122910E+10   -0.133234076323942617E+03
    0.206590464187879130E+00    0.668562160586132492E+00    0.481110553835272503E+10   -0.133214826419877568E+03
    0.213327438480177711E+00    0.715487729635968961E+00    0.473075197038323975E+10   -0.133210661215011243E+03
    0.195538394703976159E+00    0.619634536525285995E+00    0.494442480612453079E+10   -0.133206157086352732E+03
    0.200471906108916742E+00    0.697246311727701240E+00    0.488724370151050186E+10   -0.133195468212523792E+03
    0.206047251082043303E+00    0.683846057752941050E+00    0.481256751649652195E+10   -0.133183907476443380E+03
    0.202124785842415333E+00    0.628775703814444142E+00    0.486248706140430164E+10   -0.133163015462995759E+03
    0.212037321071044504E+00    0.715921260771976264E+00    0.474615578764482307E+10   -0.133147274855474478E+03
    0.205038689794811047E+00    0.573919703960996230E+00    0.481922955349072647E+10   -0.133142142687669150E+03
    0.220895717972701577E+00    0.673648903148247769E+00    0.466961713048385048E+10   -0.133134992178537146E+03
    0.208694419924025265E+00    0.680400695499320918E+00    0.481231145364993477E+10   -0.133126476979383085E+03
    0.210229498167258277E+00    0.687614728128863817E+00    0.481992997236025143E+10   -0.133116766137619720E+03
    0.208102432603607668E+00    0.596337829208051673E+00    0.480542671885050392E+10   -0.133113114490647092E+03
    0.203178945547273782E+00    0.712049076822982130E+00    0.485527032367618084E+10   -0.133109421747862541E+03
    0.222220984534669208E+00    0.664576077030700318E+00    0.465843984792350674E+10   -0.133089876011513354E+03
    0.208067797871275106E+00    0.656975887233473443E+00    0.479420967309823895E+10   -0.133088808176807049E+03
    0.212732626125736735E+00    0.686497105839130484E+00    0.478829301635571957E+10   -0.133079012116311219E+03
    0.210482584611951518E+00    0.684144178799961367E+00    0.480291323967188931E+10   -0.133077344602640721E+03
    0.208366663845515609E+00    0.683597551578312590E+00    0.480307598361291695E+10   -0.133077184516314333E+03
    0.203087447582704139E+00    0.693890510682706463E+00    0.486188680864768219E+10   -0.133072615405661793E+03
    0.205605784256058965E+00    0.659994511429765396E+00    0.483505291654981518E+10   -0.133062311487910080E+03
    0.202252200999711806E+00    0.608952782045362184E+00    0.486034788915723419E+10   -0.133051130514195734E+03
    0.209342597295832156E+00    0.688455012921764364E+00    0.478403413942627907E+10   -0.133050268966417775E+03
    0.206924741083310271E+00    0.677240147643765056E+00    0.481159144160731316E+10   -0.133037276845482808E+03
    0.205134954382170942E+00    0.643475972710392696E+00    0.484311544461682510E+10   -0.133033108882900251E+03
    0.219837065323657432E+00    0.686675516843948230E+00    0.467993066281570816E+10   -0.133030829708960368E+03
    0.202076725332233031E+00    0.701042409959093504E+00    0.486906657260354614E+10   -0.133020212476807274E+03
    0.206570778227282592E+00    0.671252391848234709E+00    0.481852474647268677E+10   -0.133017534199162867E+03
    0.207919312347008334E+00    0.682674444981936190E+00    0.480251844923585606E+10   -0.133008971767717583E+03
    0.202322266553098706E+00    0.691046807910144167E+00    0.486789325829567146E+10   -0.133008728182530660E+03
    0.206721061054620348E+00    0.651970402549324035E+00    0.482138946227315140E+10   -0.133006360963965534E+03
    0.206856799146472148E+00    0.733389721779067472E+00    0.481876334661314487E+10   -0.133005500818545187E+03
    0.214298335581001198E+00    0.697912222261249937E+00    0.473359301909422016E+10   -0.132996220133595983E+03
    0.203346072060664684E+00    0.702200227182565584E+00    0.485266292108759308E+10   -0.132990702442357843E+03
    0.213989944854267311E+00    0.698899417243364240E+00    0.472542744491673851E+10   -0.132986799136256963E+03
    0.206405591192802218E+00    0.736769814356900810E+00    0.482917102767611408E+10   -0.132950212409252458E+03
    0.209528610532245807E+00    0.669623255981994348E+00    0.478010507698452187E+10   -0.132948968135421694E+03
    0.201530812855123531E+00    0.698831621445872742E+00    0.487577607562054920E+10   -0.132937969509102771E+03
    0.215849734570012330E+00    0.718549754780974936E+00    0.470793160483940029E+10   -0.132927881495484428E+03
    0.211578081557953768E+00    0.660871124386376962E+00    0.476947959605381966E+10   -0.132920081373044809E+03
    0.206274657463515088E+00    0.671285097023799793E+00    0.483346703139256954E+10   -0.132897304661218755E+03
    0.226935066810847075E+00    0.646692990959323311E+00    0.460500663794571495E+10   -0.132055851035624670E+03
    0.226935066810847075E+00    0.646692990959323311E+00    0.460500663794571495E+10   -0.132055851035624670E+03
    0.230791177638279388E+00    0.587557119326479693E+00    0.456503444617866039E+10   -0.131467741306881578E+03
    0.230791177638279388E+00    0.587557119326479693E+00    0.456503444617866039E+10   -0.131467741306881578E+03
    0.230791177638279388E+00    0.587557119326479693E+00    0.456503444617866039E+10   -0.131467741306881578E+03
    0.228776143351424432E+00    0.606882970183796999E+00    0.458075896510033131E+10   -0.131337237248250432E+03
    0.228776143351424432E+00    0.606882970183796999E+00    0.458075896510033131E+10   -0.131337237248250432E+03
    0.228776143351424432E+00    0.606882970183796999E+00    0.458075896510033131E+10   -0.131337237248250432E+03
    0.225196720258000749E+00    0.656715498485967331E+00    0.461137092042210579E+10   -0.132832616014869615E+03
    0.225641399360873574E+00    0.663127877620198092E+00    0.462059413928886890E+10   -0.132532443000382955E+03
    0.223278222051656650E+00    0.678277003488814145E+00    0.463148020555894279E+10   -0.132827705141709032E+03
    0.223602904410136583E+00    0.672350748615897942E+00    0.463746813010175419E+10   -0.132663025287366793E+03
    0.223526995339116019E+00    0.664192747306744380E+00    0.463900145598678017E+10   -0.132123217383029584E+03
    0.223526995339116019E+00    0.664192747306744380E+00    0.463900145598678017E+10   -0.132123217383029584E+03
    0.218095413885694922E+00    0.714216032088273778E+00    0.469486640261964226E+10   -0.132593113876747310E+03
    0.216086456532676663E+00    0.702610853598127250E+00    0.471492038142330456E+10   -0.132681215981111649E+03
    0.216696447199587139E+00    0.718969161733713946E+00    0.471126461938025284E+10   -0.132253442157911081E+03
    0.216449752321479560E+00    0.699433573617373128E+00    0.471007898003574467E+10   -0.132281737347728608E+03
    0.217780602191401496E+00    0.714817533373988567E+00    0.470052742228910542E+10   -0.132354815949034958E+03
    0.213674667265806695E+00    0.700228531239302399E+00    0.473406541005414772E+10   -0.132758180464168106E+03
    0.213659837258848795E+00    0.695035648237833925E+00    0.473675802464893246E+10   -0.132801914162497013E+03
    0.212786007337656125E+00    0.694150703324385887E+00    0.474161994387027168E+10   -0.132658022134099809E+03
    0.221629806269187879E+00    0.678682882692744016E+00    0.466024029384022713E+10   -0.132798500264065211E+03
    0.221808312414349840E+00    0.680933637439109063E+00    0.465908845181692028E+10   -0.131941782496820252E+03
    0.221808312414349840E+00    0.680933637439109063E+00    0.465908845181692028E+10   -0.131941782496820252E+03
    0.221335251904713870E+00    0.681166725534614770E+00    0.465359003293733883E+10   -0.132853202172837200E+03
    0.223459592831207865E+00    0.700593779565410912E+00    0.464862148850899792E+10   -0.131913080675080209E+03
    0.217767683884043717E+00    0.655655726070705214E+00    0.471339473658231068E+10   -0.132529490714156395E+03
    0.220491258906089671E+00    0.659013184402946095E+00    0.467887518392543507E+10   -0.132384479651978808E+03
    0.219808633260255570E+00    0.666995603421899119E+00    0.468575571590425491E+10   -0.132458209766027750E+03
    0.220428560862952372E+00    0.658813657772654437E+00    0.467416911201251602E+10   -0.132148309775484080E+03
    0.220731913340728780E+00    0.673832389942212728E+00    0.467434676782059097E+10   -0.132717616571168179E+03
    0.221697095322910320E+00    0.666353950333029132E+00    0.465988629129871750E+10   -0.132555604294796865E+03
    0.221914072551542663E+00    0.668222367591779332E+00    0.466248270094545841E+10   -0.132090544544079961E+03
    0.207965190482748530E+00    0.655463331439147368E+00    0.481333741044474506E+10   -0.132495562564904503E+03
    0.207640994420989544E+00    0.663993018954583292E+00    0.480850036523610783E+10   -0.132570215639856656E+03
    0.207756249334815568E+00    0.641128413685061460E+00    0.480928072392462349E+10   -0.132538485013933837E+03
    0.208737213180933745E+00    0.656805842180357757E+00    0.480582625642437744E+10   -0.132891291748417387E+03
    0.208571398399258867E+00    0.655661322844656169E+00    0.479685353581004333E+10   -0.132566027052674855E+03
    0.212108115043419254E+00    0.646876927628088794E+00    0.475529416270836926E+10   -0.132165544946635805E+03
    0.210175572138073419E+00    0.644646334093854634E+00    0.477585683298332310E+10   -0.132495571736079540E+03
    0.209308527520675081E+00    0.659993342110054115E+00    0.478664528602113914E+10   -0.132592979280826967E+03
    0.208984205752230201E+00    0.641034114197589489E+00    0.479339068969893265E+10   -0.132723712957040505E+03
    0.209059879011576522E+00    0.644730495718770058E+00    0.479204172655343342E+10   -0.132463531616564012E+03
    0.205626638505616133E+00    0.661335027004758658E+00    0.483454819949211788E+10   -0.132600814204376462E+03
    0.205316713745654911E+00    0.666364799737147351E+00    0.482948971279316330E+10   -0.132663234975071816E+03
    0.205880157299050737E+00    0.673389034161386846E+00    0.483527372093197632E+10   -0.132758303846860940E+03
    0.205445987496042648E+00    0.677580107213294980E+00    0.483175945278802872E+10   -0.132640267440114798E+03
    0.205948031228123496E+00    0.631405543071991815E+00    0.482347366109707546E+10   -0.132729955704465652E+03
    0.202512672119682713E+00    0.610632710850261162E+00    0.486584192577378273E+10   -0.132668282366984727E+03
    0.214426359434991887E+00    0.576838122308132029E+00    0.474847859851107121E+10   -0.132035911437192283E+03
    0.214426359434991887E+00    0.576838122308132029E+00    0.474847859851107121E+10   -0.132035911437192283E+03
    0.213313881173365083E+00    0.573874103160548543E+00    0.474182957485332966E+10   -0.132537353664740692E+03
    0.213855717525159694E+00    0.591425032859095978E+00    0.473255365575064087E+10   -0.132567605278685249E+03
    0.213829538828798016E+00    0.586934726732909695E+00    0.474488766837910080E+10   -0.132343663930970024E+03
    0.206867426197050841E+00    0.582583541616035205E+00    0.481296988088073826E+10   -0.132261287347348969E+03
    0.206505906011262286E+00    0.585943119070881480E+00    0.480207861835344791E+10   -0.132803549708716474E+03
    0.211443298134418978E+00    0.721427561344178514E+00    0.477942577455710506E+10   -0.132371911275575030E+03
    0.211820699734823703E+00    0.714392602500740992E+00    0.476724679334627724E+10   -0.132863340440210777E+03
    0.212809847830077725E+00    0.717260248790061894E+00    0.476204572003491688E+10   -0.132803016967511951E+03
    0.214867221905263639E+00    0.717556766039809446E+00    0.472275418809194279E+10   -0.132354930629075625E+03
    0.211603666934190304E+00    0.676636876752567673E+00    0.476656989675817204E+10   -0.132339640868986180E+03
    0.212365751282199589E+00    0.673809522573966646E+00    0.476722673363336182E+10   -0.132503971741910362E+03
    0.210523519367563805E+00    0.665305966312148556E+00    0.478130179338057995E+10   -0.132295868915212623E+03
    0.211316560087881578E+00    0.667061968077746315E+00    0.477211220238524723E+10   -0.131884406700087965E+03
    0.213561939025428249E+00    0.686837126166434331E+00    0.474930087730673599E+10   -0.132583484029236217E+03
    0.214110836782773983E+00    0.683314089703348060E+00    0.474864695992876434E+10   -0.132084705366616674E+03
    0.214110836782773983E+00    0.683314089703348060E+00    0.474864695992876434E+10   -0.132084705366616674E+03
    0.213348388872128425E+00    0.691015512295932055E+00    0.475824613130832386E+10   -0.132115030106037239E+03
    0.214319137864732945E+00    0.686014804802564271E+00    0.473720395632732773E+10   -0.132482240451708975E+03
    0.213266988472178010E+00    0.690303018437056437E+00    0.476743011862188530E+10   -0.131791349638633847E+03
    0.212942147017333272E+00    0.683131029882313001E+00    0.476081770721327305E+10   -0.132728862558443950E+03
    0.213046404067916362E+00    0.688270210937716342E+00    0.478606554211024952E+10   -0.132664800604480178E+03
    0.212800396799606328E+00    0.682694833994165862E+00    0.477969538776276875E+10   -0.132424219115931351E+03
    0.206397579544695620E+00    0.688602129045063904E+00    0.481589881139606667E+10   -0.132888675169400670E+03
    0.207717307694835152E+00    0.689570569762324226E+00    0.481971291211094284E+10   -0.132397719497439709E+03
    0.209445809243165082E+00    0.682145894544362363E+00    0.481311199330368614E+10   -0.132431975887989893E+03
    0.210556271699592068E+00    0.686768767439513539E+00    0.479455067017213726E+10   -0.132425967255560181E+03
    0.209652066211912180E+00    0.691134561083948995E+00    0.478503266005477047E+10   -0.132595902820914858E+03
    0.206008448964795032E+00    0.722175802129868316E+00    0.483056734915969086E+10   -0.132612314512472892E+03
    0.210152542935613251E+00    0.733330806668304191E+00    0.478455309165637398E+10   -0.132893903623488228E+03
    0.206428723638531819E+00    0.731484032719315280E+00    0.483528111162387753E+10   -0.132707249368916990E+03
