    0.571318233674633080E+00    0.522042599607114965E+00    0.178782124882815671E+10   -0.885283112618609493E+02
    0.567075467222981633E+00    0.435095707110729535E+00    0.184106991876856899E+10   -0.873034475704718602E+02
    0.594419159087248850E+00    0.527478249959894896E+00    0.176370398538152122E+10   -0.857672362863790028E+02
    0.583333537299820293E+00    0.508095160767654264E+00    0.180117730610335612E+10   -0.850942324137116657E+02
    0.656873113397852815E+00    0.443080369976344812E+00    0.168732988627940536E+10   -0.847810431782368710E+02
    0.682802956622160728E+00    0.580389667517062335E+00    0.165562083328461814E+10   -0.844457751722935654E+02
    0.638410729016419709E+00    0.579546425420966571E+00    0.175600893832047439E+10   -0.843060420810267885E+02
    0.658729140416011716E+00    0.442170517080068493E+00    0.170361309983197284E+10   -0.842677951326205203E+02
    0.587782704160292102E+00    0.448289304667415678E+00    0.179813592313151598E+10   -0.841248045098944317E+02
    0.677990351946037961E+00    0.563268433065626795E+00    0.166224505559730148E+10   -0.840358860251085673E+02
    0.647366452589718033E+00    0.450970529428500910E+00    0.172464696972559381E+10   -0.839062167941400361E+02
    0.623344832992177134E+00    0.519702068570115472E+00    0.173891532737508225E+10   -0.838484613809925463E+02
    0.573401332325217838E+00    0.437563495518048740E+00    0.182612106726310015E+10   -0.837811056730558050E+02
    0.658278173402220279E+00    0.503863385417513854E+00    0.170476486535541868E+10   -0.837268929872537910E+02
    0.733191814520100960E+00    0.498584737966043079E+00    0.161893254087044454E+10   -0.836688501826912727E+02
    0.712837053896084649E+00    0.484725531983391633E+00    0.165470341316251469E+10   -0.835970438863066789E+02
    0.727159280552802656E+00    0.531924266678924340E+00    0.161578955482869697E+10   -0.835691347492353174E+02
    0.626035774719033045E+00    0.432422827549757471E+00    0.174264122638795519E+10   -0.835022726490714717E+02
    0.646463652044581338E+00    0.400004495610895461E+00    0.170323792605211735E+10   -0.834976081036906521E+02
    0.668796646295796826E+00    0.539061855307371829E+00    0.167819854464024949E+10   -0.834884961009861257E+02
    0.641265662596125829E+00    0.550197153253229487E+00    0.173723292755412459E+10   -0.834511164730710107E+02
    0.592615396744969880E+00    0.501735490064804779E+00    0.179933953240791082E+10   -0.834263485853539635E+02
    0.703937837077598050E+00    0.610783746592558074E+00    0.165381473742054105E+10   -0.833732142079246330E+02
    0.713639376196388175E+00    0.602802674133691596E+00    0.163044391883210802E+10   -0.832737021243068369E+02
    0.583788291974064011E+00    0.460890497276567501E+00    0.179860829710773182E+10   -0.831766005395880086E+02
    0.728086724589999790E+00    0.628238569153367621E+00    0.163688957049160767E+10   -0.831573579548065425E+02
    0.688332208945697910E+00    0.476136190232775647E+00    0.165103704271424675E+10   -0.831480575711003809E+02
    0.703004518248471877E+00    0.483357406917775734E+00    0.164194220391559505E+10   -0.830481457455476999E+02
    0.660253734034995099E+00    0.429990209249107025E+00    0.167657021785710907E+10   -0.830256423237810992E+02
    0.621939225436245580E+00    0.515327099141209999E+00    0.176327904895194316E+10   -0.829782277364593597E+02
    0.605729702241069257E+00    0.502989972786874517E+00    0.178660417139065289E+10   -0.828367583250181951E+02
    0.581865234232006534E+00    0.393254324897622354E+00    0.181192384413855195E+10   -0.827994593894165831E+02
    0.699442108743876134E+00    0.485811223498926026E+00    0.164495579255529928E+10   -0.827804426836704010E+02
    0.697450798981141706E+00    0.638106063984604788E+00    0.166648919878638387E+10   -0.827775313720431853E+02
    0.689178595760746804E+00    0.514175968427860397E+00    0.165246408468663597E+10   -0.827328864224720064E+02
    0.622926045367075853E+00    0.485579583263673342E+00    0.172958272072483945E+10   -0.827199684067844601E+02
    0.621936329063794702E+00    0.528889969843982399E+00    0.174863553142686224E+10   -0.826840740047742742E+02
    0.649978574237215168E+00    0.576800020058424678E+00    0.171968125291758561E+10   -0.826414963602750277E+02
    0.630216905879853795E+00    0.467549606565196285E+00    0.172134406521371818E+10   -0.826404771415417656E+02
    0.660823954882506004E+00    0.521285068262118401E+00    0.171355482849069262E+10   -0.826175308668315722E+02
    0.640303391124613763E+00    0.429779455316863235E+00    0.170785315266188502E+10   -0.824906113484714751E+02
    0.732271491262251328E+00    0.528060688359197172E+00    0.163016031076414680E+10   -0.824499846087799142E+02
    0.709837402523553429E+00    0.462807324543346610E+00    0.163988113069876742E+10   -0.824443036105324722E+02
    0.586393537179419888E+00    0.494603649924229671E+00    0.179288826644915032E+10   -0.824047021521988086E+02
    0.669508412934591401E+00    0.573496724672516223E+00    0.169871687023731852E+10   -0.823720291151908839E+02
    0.610528844192339548E+00    0.533017357027134153E+00    0.175931130104766107E+10   -0.823599905982519829E+02
    0.733999732151986550E+00    0.585387641180449947E+00    0.162183065820227432E+10   -0.823547158000900055E+02
    0.620150854772402504E+00    0.500576515435808389E+00    0.176978835921117377E+10   -0.823252261520108846E+02
    0.629949808877943496E+00    0.616620223970702597E+00    0.173539423883835649E+10   -0.823084301140717969E+02
    0.667833593643905377E+00    0.619864358589612863E+00    0.171165338687384939E+10   -0.823058616067943944E+02
    0.670206227985748804E+00    0.589511857231602932E+00    0.167924037894193006E+10   -0.822484323001413031E+02
    0.706089101954515019E+00    0.542474159903711950E+00    0.164647618957167768E+10   -0.822360729176968448E+02
    0.648631069358651002E+00    0.589929388131540833E+00    0.169670954298186612E+10   -0.822096707896161831E+02
    0.654305856189174584E+00    0.593640834470685164E+00    0.170872064646998429E+10   -0.821961273716659946E+02
    0.643444667849868868E+00    0.513859858284151372E+00    0.173255388772702694E+10   -0.821812313242192829E+02
    0.663328492830656313E+00    0.496007070207403089E+00    0.168089898509288692E+10   -0.821469598630778819E+02
    0.681899719696510309E+00    0.454826945340897737E+00    0.168208835233229518E+10   -0.821012303760208226E+02
    0.667068608204007707E+00    0.455325606138341499E+00    0.167258428905257988E+10   -0.820784527907026558E+02
    0.708080922084267761E+00    0.572353612043819737E+00    0.166034609937060046E+10   -0.820768009562417120E+02
    0.620648511319495055E+00    0.471338872194335679E+00    0.176821852246008253E+10   -0.820527930533619951E+02
    0.736491213420540469E+00    0.607050798428648619E+00    0.161434783864552355E+10   -0.820444779140826910E+02
    0.632555655876056000E+00    0.400859790360328816E+00    0.173927592464296842E+10   -0.820292560281524175E+02
    0.690672948055324198E+00    0.500501868860141030E+00    0.167014212472389483E+10   -0.820240883033930430E+02
    0.661849480958026759E+00    0.610726397151983846E+00    0.171148497469712639E+10   -0.820058132040179544E+02
    0.717046572176993191E+00    0.619949442656128724E+00    0.163666087768555164E+10   -0.819806026195535651E+02
    0.681289542163562301E+00    0.535200212039168122E+00    0.166258252362854671E+10   -0.819363540163343202E+02
    0.644393895547762163E+00    0.494780448728803890E+00    0.172945818889451003E+10   -0.819259857850901199E+02
    0.609585898084243238E+00    0.386418065516625830E+00    0.174755716828711987E+10   -0.818794070103481886E+02
    0.638451335047611312E+00    0.431172518858009113E+00    0.171381137263008904E+10   -0.818686707114209469E+02
    0.597409743725327624E+00    0.456556424531783023E+00    0.178887790367854071E+10   -0.817755387727160041E+02
    0.627634989918086306E+00    0.516702603846692199E+00    0.173375610312094855E+10   -0.817369367834684226E+02
    0.688123843976411909E+00    0.549880160456098110E+00    0.165737328349764991E+10   -0.817249263935807164E+02
    0.745373785865476646E+00    0.657307514912922386E+00    0.161001158550672626E+10   -0.817037626061582927E+02
    0.640206145879447797E+00    0.491989151718543738E+00    0.173351928766481090E+10   -0.816919843238192414E+02
    0.606486154752954532E+00    0.381529521139974293E+00    0.174847446729316044E+10   -0.816116456058063022E+02
    0.627181283113312338E+00    0.518683485653532728E+00    0.173244246428582907E+10   -0.816062005405325976E+02
    0.704902765430699518E+00    0.649032603348649317E+00    0.165639298511197209E+10   -0.816061194544525392E+02
    0.648341634086728624E+00    0.547501021738266758E+00    0.169990776172280240E+10   -0.816030416289783034E+02
    0.653284759100316470E+00    0.438088588130494117E+00    0.170258457374884057E+10   -0.815756461732732987E+02
    0.719726532602358859E+00    0.541210893346924848E+00    0.164344940541517711E+10   -0.815692898991576385E+02
    0.655849179602176480E+00    0.481044485686377143E+00    0.169266694626255035E+10   -0.815591432131518417E+02
    0.681404626287543502E+00    0.541089400373484963E+00    0.166447966042221689E+10   -0.815120812122946035E+02
    0.677966871808660776E+00    0.494109849724274852E+00    0.167350878288578343E+10   -0.815118553741113487E+02
    0.631185716249618167E+00    0.475368899621280150E+00    0.174563972418850255E+10   -0.814910241024713429E+02
    0.641505190983701401E+00    0.571183557577013445E+00    0.173002342340998292E+10   -0.814878984598146161E+02
    0.607568560647169797E+00    0.521288343788262054E+00    0.177276139598922086E+10   -0.814812699204013313E+02
    0.663985773140895685E+00    0.476766924909128420E+00    0.170086782361800647E+10   -0.814732604928640569E+02
    0.680039336030898833E+00    0.508343793298262625E+00    0.169924352876143122E+10   -0.814711107803812524E+02
    0.633324035433219357E+00    0.630899654381005703E+00    0.173023295526459765E+10   -0.814658896533546368E+02
    0.684462041996176773E+00    0.613446363464365874E+00    0.167397418332900977E+10   -0.814293780890502603E+02
    0.668557780864700413E+00    0.502254465237099268E+00    0.170024733591209245E+10   -0.813961522079806628E+02
    0.689247003563056793E+00    0.602382322141416182E+00    0.167202231537348580E+10   -0.813817160091100646E+02
    0.595294786032389056E+00    0.504721286437510130E+00    0.176484924787173557E+10   -0.813712465571793473E+02
    0.655663755575831231E+00    0.447634801004181071E+00    0.169865163698439646E+10   -0.813214214798472739E+02
    0.694478637186448755E+00    0.499305067094413246E+00    0.167384350177392912E+10   -0.812939008357203505E+02
    0.642919567443461015E+00    0.593605101295686666E+00    0.171630858888153720E+10   -0.812829583092473342E+02
    0.695073685516401141E+00    0.570709043701928209E+00    0.167748104899138522E+10   -0.812566641584508034E+02
    0.710468123810659047E+00    0.580460613287907989E+00    0.166424417240455294E+10   -0.812467215683840607E+02
    0.603548545127461256E+00    0.545041750378423728E+00    0.176382719219230747E+10   -0.812416214982982865E+02
    0.618410095803457627E+00    0.515548964274135102E+00    0.174445050469078898E+10   -0.812135840296543137E+02
    0.666013731566785228E+00    0.453220722671545673E+00    0.168406360683701563E+10   -0.812035543105271813E+02
    0.693986959341220122E+00    0.541585837674658066E+00    0.165250654421393251E+10   -0.811843806693633923E+02
    0.620436808490397285E+00    0.484090064325311431E+00    0.174685214563469434E+10   -0.811824278505931147E+02
    0.682169780305084350E+00    0.477353058914484762E+00    0.167154038351764011E+10   -0.811726026321206717E+02
    0.658642913065619950E+00    0.446087270135826941E+00    0.171441026341019773E+10   -0.811168038284294823E+02
    0.650119822167940953E+00    0.505621593757792809E+00    0.170695347655733705E+10   -0.810999365280580520E+02
    0.650119822167940953E+00    0.505621593757792809E+00    0.170695347655733705E+10   -0.810999365280580520E+02
    0.714023336478809223E+00    0.461468999504567989E+00    0.163844709355066729E+10   -0.810992434117576835E+02
    0.666066897804234115E+00    0.649682567705756497E+00    0.169571936517706680E+10   -0.810961001401704351E+02
    0.644501282149220867E+00    0.626216541922577363E+00    0.172038806618157005E+10   -0.810743069581621967E+02
    0.610451181050890246E+00    0.365380406785696721E+00    0.177022714400028014E+10   -0.810642425291149777E+02
    0.707099516415131690E+00    0.530230993506378923E+00    0.166336756712423396E+10   -0.810399919758029625E+02
    0.640671661449738972E+00    0.416807636513487623E+00    0.172365147788181281E+10   -0.810393016434043574E+02
    0.665942232524069366E+00    0.496899593085164071E+00    0.169256278069233131E+10   -0.810307937980548587E+02
    0.657675364348376701E+00    0.515169023951164817E+00    0.171319859856799221E+10   -0.810133591751295938E+02
    0.668200581408839756E+00    0.630861475231183633E+00    0.168723130138412571E+10   -0.809978114588958249E+02
    0.688687584837720079E+00    0.595739387395425979E+00    0.166366502352866483E+10   -0.809967534283144914E+02
    0.606319324682142557E+00    0.532208267725678752E+00    0.176303039810516572E+10   -0.809967251820654610E+02
    0.710237291001498794E+00    0.605585407493540728E+00    0.164452945200960684E+10   -0.809947404217163012E+02
    0.710237291001498794E+00    0.605585407493540728E+00    0.164452945200960684E+10   -0.809947404217163012E+02
    0.645311577409103942E+00    0.571693842535719199E+00    0.170786414461565661E+10   -0.809907476172780036E+02
    0.615559521459994263E+00    0.455164895544939441E+00    0.176267785000110269E+10   -0.809812010312637653E+02
    0.659330694806080864E+00    0.619285148562497056E+00    0.171726167143307900E+10   -0.809614628850595750E+02
    0.693634471211356574E+00    0.572540339914898055E+00    0.167687662201883221E+10   -0.809436529147195358E+02
    0.672971303081520755E+00    0.588698177715492932E+00    0.168522427781718779E+10   -0.809431429762350945E+02
    0.672971303081520755E+00    0.588698177715492932E+00    0.168522427781718779E+10   -0.809431429762350945E+02
    0.644487003617189802E+00    0.502144240364932770E+00    0.171483344780621600E+10   -0.809293266815701600E+02
    0.660281147558820725E+00    0.507281931716427437E+00    0.170417952492805696E+10   -0.809241833450871582E+02
    0.667284938930463700E+00    0.589607212943368708E+00    0.170875436411965275E+10   -0.809121469335352401E+02
    0.687746725065901288E+00    0.532180513929478849E+00    0.166015682246717310E+10   -0.808991281894654719E+02
    0.666783721005484331E+00    0.455297603512420324E+00    0.168624132991772532E+10   -0.808832402707754881E+02
    0.656535843571631972E+00    0.495690816361486597E+00    0.169659984759302449E+10   -0.808797272145102966E+02
    0.649920629070214528E+00    0.559142578735995599E+00    0.170973320641175628E+10   -0.808478450066434391E+02
    0.649920629070214528E+00    0.559142578735995599E+00    0.170973320641175628E+10   -0.808478450066434391E+02
    0.695424539017056031E+00    0.570498514777737498E+00    0.167052241933850908E+10   -0.808366599461984237E+02
    0.650628629068728648E+00    0.575818258455363718E+00    0.170185630021377492E+10   -0.808157074867681047E+02
    0.694402742462286726E+00    0.505744129722490499E+00    0.167149051741727304E+10   -0.807774151754724699E+02
    0.694402742462286726E+00    0.505744129722490499E+00    0.167149051741727304E+10   -0.807774151754724699E+02
    0.672227683793322428E+00    0.493302913682198252E+00    0.168593517786909842E+10   -0.807659122497101549E+02
    0.640510615013780704E+00    0.514581641687604119E+00    0.172300258690220976E+10   -0.807229842833876745E+02
    0.640510615013780704E+00    0.514581641687604119E+00    0.172300258690220976E+10   -0.807229842833876745E+02
    0.713624529652213679E+00    0.615924483921336474E+00    0.164360316428199458E+10   -0.807084429920922446E+02
    0.629123484911184083E+00    0.514954539360898522E+00    0.173311179407603312E+10   -0.806888987249564309E+02
    0.629123484911184083E+00    0.514954539360898522E+00    0.173311179407603312E+10   -0.806888987249564309E+02
    0.697927682497095803E+00    0.544368953813078704E+00    0.166993948263123608E+10   -0.806594081430305607E+02
    0.671778203823822806E+00    0.573949123129850136E+00    0.168962441332979941E+10   -0.806576604809370394E+02
    0.670798290513663353E+00    0.457362455432527071E+00    0.167650572523214817E+10   -0.806528598755825641E+02
    0.711202853088140130E+00    0.481207120096769358E+00    0.164835679846655989E+10   -0.806325528562824161E+02
    0.703019795073831055E+00    0.495236084993045722E+00    0.165879908947036171E+10   -0.806301547917225321E+02
    0.703019795073831055E+00    0.495236084993045722E+00    0.165879908947036171E+10   -0.806301547917225321E+02
    0.645013024496733922E+00    0.514210507533627847E+00    0.170323707583330631E+10   -0.805830964319135177E+02
    0.688082405237420480E+00    0.540129266079885539E+00    0.167371558962569761E+10   -0.805803496666941044E+02
    0.674766344091947690E+00    0.571931117542316514E+00    0.167424832003229570E+10   -0.805718161544373430E+02
    0.674766344091947690E+00    0.571931117542316514E+00    0.167424832003229570E+10   -0.805718161544373430E+02
    0.661750219724189459E+00    0.479286920609904854E+00    0.169603630605672145E+10   -0.805622242884413140E+02
    0.709289451081177691E+00    0.624450714142801289E+00    0.167019697097824502E+10   -0.805611465424717750E+02
    0.709289451081177691E+00    0.624450714142801289E+00    0.167019697097824502E+10   -0.805611465424717750E+02
    0.670490851283110478E+00    0.447062290979632238E+00    0.168261853289323235E+10   -0.805483016761635895E+02
    0.677103448319195333E+00    0.601721654471239376E+00    0.168049136987207174E+10   -0.805262229720092932E+02
    0.662535203642216741E+00    0.490952399295121467E+00    0.170607818405732584E+10   -0.805147618974795591E+02
    0.685107324687200148E+00    0.571623502204543499E+00    0.166609076021608567E+10   -0.805130078578812913E+02
    0.685107324687200148E+00    0.571623502204543499E+00    0.166609076021608567E+10   -0.805130078578812913E+02
    0.707658058545854729E+00    0.594179577280568694E+00    0.164528669362450647E+10   -0.804834391740289448E+02
    0.707658058545854729E+00    0.594179577280568694E+00    0.164528669362450647E+10   -0.804834391740289448E+02
    0.654120229378038931E+00    0.566852518960430984E+00    0.170487354573284602E+10   -0.804600453059128427E+02
    0.654120229378038931E+00    0.566852518960430984E+00    0.170487354573284602E+10   -0.804600453059128427E+02
    0.657001843342257752E+00    0.448440081054563677E+00    0.169569616563052273E+10   -0.804551053231727025E+02
    0.666811357245174263E+00    0.542471608567050012E+00    0.169535224054912591E+10   -0.804425380339658886E+02
    0.666811357245174263E+00    0.542471608567050012E+00    0.169535224054912591E+10   -0.804425380339658886E+02
    0.635318476886204242E+00    0.517059868592216532E+00    0.173332793321877265E+10   -0.804152839832163409E+02
    0.635318476886204242E+00    0.517059868592216532E+00    0.173332793321877265E+10   -0.804152839832163409E+02
    0.673755251319770543E+00    0.587720016551685376E+00    0.168002042819757104E+10   -0.804134740418468539E+02
    0.702843085566652981E+00    0.628303905269449459E+00    0.166880291673130727E+10   -0.804070830145948321E+02
    0.617808455000587786E+00    0.521189811226674848E+00    0.175225819334944129E+10   -0.803813399329760330E+02
    0.617808455000587786E+00    0.521189811226674848E+00    0.175225819334944129E+10   -0.803813399329760330E+02
    0.668144234671760207E+00    0.561848298470819074E+00    0.169084632234703565E+10   -0.803716172895487944E+02
    0.649222246270581449E+00    0.530873721659970599E+00    0.171658894701592517E+10   -0.803663728713747219E+02
    0.632890608625288564E+00    0.538044163745833970E+00    0.173162519905995440E+10   -0.803593599195245645E+02
    0.662656013753718853E+00    0.485164389004422603E+00    0.169849104814051509E+10   -0.803529638733062086E+02
    0.662656013753718853E+00    0.485164389004422603E+00    0.169849104814051509E+10   -0.803529638733062086E+02
    0.662603990017735511E+00    0.485815526170936707E+00    0.169901786709700918E+10   -0.803529458532028116E+02
    0.680794469797939783E+00    0.578338822440390032E+00    0.167254812136750603E+10   -0.803398267020833430E+02
    0.663610466564298007E+00    0.445591214881005726E+00    0.168753574134613705E+10   -0.803393595731487977E+02
    0.663610466564298007E+00    0.445591214881005726E+00    0.168753574134613705E+10   -0.803393595731487977E+02
    0.620793590115524596E+00    0.489518672997874660E+00    0.173841464930342388E+10   -0.803382456345312477E+02
    0.620793590115524596E+00    0.489518672997874660E+00    0.173841464930342388E+10   -0.803382456345312477E+02
    0.664564962753429578E+00    0.440323831952877498E+00    0.169583582847037482E+10   -0.803355670310670007E+02
    0.664564962753429578E+00    0.440323831952877498E+00    0.169583582847037482E+10   -0.803355670310670007E+02
    0.687195934791136498E+00    0.569933879692211320E+00    0.167222170978417253E+10   -0.803323372159315312E+02
    0.687195934791136498E+00    0.569933879692211320E+00    0.167222170978417253E+10   -0.803323372159315312E+02
    0.660481817625018341E+00    0.452186536698864217E+00    0.168970959358192182E+10   -0.803034794920114336E+02
    0.663684659744538719E+00    0.531740602201510981E+00    0.169051650525434637E+10   -0.802812967204838230E+02
    0.663684659744538719E+00    0.531740602201510981E+00    0.169051650525434637E+10   -0.802812967204838230E+02
    0.680127455850674689E+00    0.587983773263598408E+00    0.167934727336185455E+10   -0.802586713354329220E+02
    0.652410476191610633E+00    0.485189523078126683E+00    0.171348896426376605E+10   -0.802459990906369285E+02
    0.652410476191610633E+00    0.485189523078126683E+00    0.171348896426376605E+10   -0.802459990906369285E+02
    0.671345959881964993E+00    0.618949007959308517E+00    0.169063127190569186E+10   -0.802459594021947851E+02
    0.671345959881964993E+00    0.618949007959308517E+00    0.169063127190569186E+10   -0.802459594021947851E+02
    0.683687173666882808E+00    0.540931594939950244E+00    0.166677249208179259E+10   -0.802391903622878573E+02
    0.683687173666882808E+00    0.540931594939950244E+00    0.166677249208179259E+10   -0.802391903622878573E+02
    0.642985968415150433E+00    0.521492156294730336E+00    0.171972190025841784E+10   -0.802112819885817885E+02
    0.635828172697986749E+00    0.407843801619351964E+00    0.173294627594956970E+10   -0.801960361743152816E+02
    0.725086955916884102E+00    0.630426444531298813E+00    0.163324612583868766E+10   -0.801945015093822917E+02
    0.635339460417493340E+00    0.507564138763829220E+00    0.172644794334443855E+10   -0.801933108824408691E+02
    0.663441623160248684E+00    0.530825492783586483E+00    0.169855020879616094E+10   -0.801856335265039206E+02
    0.649047817375340119E+00    0.535966520056827989E+00    0.172854761165124512E+10   -0.801781579176844588E+02
    0.646652017168913185E+00    0.486714353209070083E+00    0.170570556328402233E+10   -0.801635027632302410E+02
    0.699145318945708083E+00    0.596970856638161962E+00    0.166770206027589083E+10   -0.801621064192164425E+02
    0.630887465748920628E+00    0.402116933784446573E+00    0.173359644273519206E+10   -0.801556596199469311E+02
    0.740823666340486686E+00    0.638128191064213368E+00    0.162738201129063940E+10   -0.801364419273294715E+02
    0.622710023196157758E+00    0.539433543211051969E+00    0.174861594942976427E+10   -0.801286925570795745E+02
    0.665027629852248170E+00    0.447805990885967731E+00    0.169077672912749434E+10   -0.801211312671540554E+02
    0.665027629852248170E+00    0.447805990885967731E+00    0.169077672912749434E+10   -0.801211312671540554E+02
    0.649149949225125256E+00    0.536395435632998741E+00    0.172217230266254473E+10   -0.801105956765321281E+02
    0.657381903276963331E+00    0.567866050219576479E+00    0.170455083165103626E+10   -0.801084300476178441E+02
    0.622684942842957279E+00    0.444399798262535839E+00    0.175229996404355001E+10   -0.801039635079463039E+02
    0.622684942842957279E+00    0.444399798262535839E+00    0.175229996404355001E+10   -0.801039635079463039E+02
    0.674569882708768942E+00    0.600457454604981677E+00    0.169408318250734162E+10   -0.800977422258711158E+02
    0.646757962972281275E+00    0.498665040794861625E+00    0.171444781010672927E+10   -0.800841322663756756E+02
    0.646757962972281275E+00    0.498665040794861625E+00    0.171444781010672927E+10   -0.800841322663756756E+02
    0.640681519013421963E+00    0.524857676021374786E+00    0.172818324630654263E+10   -0.800727418029856324E+02
    0.676899491457627733E+00    0.517462766458017143E+00    0.168745269173477125E+10   -0.800665308442390824E+02
    0.676899491457627733E+00    0.517462766458017143E+00    0.168745269173477125E+10   -0.800665308442390824E+02
    0.670371048303058936E+00    0.610875522777806879E+00    0.168315245516163683E+10   -0.800475818550384730E+02
    0.670371048303058936E+00    0.610875522777806879E+00    0.168315245516163683E+10   -0.800475818550384730E+02
    0.690375521532108793E+00    0.613280445955501463E+00    0.166666498817612338E+10   -0.800384500052519314E+02
    0.690375521532108793E+00    0.613280445955501463E+00    0.166666498817612338E+10   -0.800384500052519314E+02
    0.637521108110893353E+00    0.555687739809098247E+00    0.173431457820623350E+10   -0.800348288148762492E+02
    0.637521108110893353E+00    0.555687739809098247E+00    0.173431457820623350E+10   -0.800348288148762492E+02
    0.697838969219616967E+00    0.556450466269085453E+00    0.166305056232404208E+10   -0.800176611416056858E+02
    0.658716944687550821E+00    0.552907710190901014E+00    0.170529697332481861E+10   -0.800152658880600853E+02
    0.626699607092296995E+00    0.403726938985668582E+00    0.174249149141204524E+10   -0.800144517549726402E+02
    0.621232979205979530E+00    0.392146762609398181E+00    0.175304283784211850E+10   -0.799930928611822054E+02
    0.671261556933518744E+00    0.469669975502601034E+00    0.168943655997677875E+10   -0.799862223082592436E+02
    0.695190719110416633E+00    0.598486488034247088E+00    0.166451435567404509E+10   -0.799850274995761055E+02
    0.671137958822018987E+00    0.520504032574597986E+00    0.168796091657435203E+10   -0.799803509938027588E+02
    0.639654023930443794E+00    0.496733893346474886E+00    0.173154033229273510E+10   -0.799741209402677526E+02
    0.655271787374153925E+00    0.467238502451653659E+00    0.170791958789313698E+10   -0.799684340205815545E+02
    0.655891948144473713E+00    0.459535706076511730E+00    0.170107699620199084E+10   -0.799673115213944072E+02
    0.665904145419673799E+00    0.499087695776669449E+00    0.170208396905692935E+10   -0.799621242773782939E+02
    0.665989007218751428E+00    0.532172970553183688E+00    0.170383544722030354E+10   -0.799517868949216677E+02
    0.636955876013005851E+00    0.479662674930276367E+00    0.173377879770690131E+10   -0.799440460755311904E+02
    0.636955876013005851E+00    0.479662674930276367E+00    0.173377879770690131E+10   -0.799440460755311904E+02
    0.700404093121485105E+00    0.589078686325381184E+00    0.166439888066673231E+10   -0.799420036585575104E+02
    0.654144043323160784E+00    0.457714953583552742E+00    0.170419000828967404E+10   -0.799393592612584740E+02
    0.684046159089682915E+00    0.520030509683589770E+00    0.168345668680603719E+10   -0.799390738742282139E+02
    0.684046159089682915E+00    0.520030509683589770E+00    0.168345668680603719E+10   -0.799390738742282139E+02
    0.675965324728616368E+00    0.474406015303062034E+00    0.168359880413760853E+10   -0.799335637224044007E+02
    0.708451261536665822E+00    0.547251262740122257E+00    0.166556622758935237E+10   -0.799332068917247085E+02
    0.630193038370065572E+00    0.474048429353315370E+00    0.173648593356588697E+10   -0.799276691914026571E+02
    0.632573676767489879E+00    0.477606103790888525E+00    0.173336009799329615E+10   -0.799222857518001319E+02
    0.632573676767489879E+00    0.477606103790888525E+00    0.173336009799329615E+10   -0.799222857518001319E+02
    0.629148266508797405E+00    0.467382064994005475E+00    0.173384759717487860E+10   -0.799178596866298960E+02
    0.656762346289409771E+00    0.553090598490697971E+00    0.170233975611750484E+10   -0.799057471453194239E+02
    0.645083275382131838E+00    0.503510833592175189E+00    0.170279794141017652E+10   -0.799056925744241653E+02
    0.660528975022675269E+00    0.611298234567357213E+00    0.171547976952119303E+10   -0.799028516330071454E+02
    0.675588270986662520E+00    0.514351065934846474E+00    0.169358067639679289E+10   -0.799017943793766392E+02
    0.696248480253837010E+00    0.549821367178051190E+00    0.167528951196021295E+10   -0.798928037673595242E+02
    0.681267085736076861E+00    0.512425776392866794E+00    0.167305243829183745E+10   -0.798925104553118786E+02
    0.659698182138162226E+00    0.553103755368409722E+00    0.170028493887404490E+10   -0.798854361552681667E+02
    0.653846878436064705E+00    0.618325604975380472E+00    0.171282294650310564E+10   -0.798814779212834765E+02
    0.670720258029684269E+00    0.608556175183460724E+00    0.169731969168554378E+10   -0.798782599332857757E+02
    0.642204860484509088E+00    0.567732223932209124E+00    0.172645558002852917E+10   -0.798779225426920476E+02
    0.638241937829091333E+00    0.594724123280682804E+00    0.173188126914753103E+10   -0.798662280164769811E+02
    0.659190464633256479E+00    0.471926440710548789E+00    0.170235415724258018E+10   -0.798508065940128517E+02
    0.661993205009644647E+00    0.558776720101924695E+00    0.169641120030886149E+10   -0.798412218502292887E+02
    0.678721136668377412E+00    0.492287681265068500E+00    0.168670778254156995E+10   -0.798405096286050480E+02
    0.645331492040154386E+00    0.603349636380920984E+00    0.172367591975277829E+10   -0.798301231398730238E+02
    0.619311832190410416E+00    0.484765634492321240E+00    0.173867073592639232E+10   -0.798292576181348466E+02
    0.650882189477156925E+00    0.607022317790189447E+00    0.171662823946898007E+10   -0.798188905698684152E+02
    0.631245557131257851E+00    0.460612701341208464E+00    0.173912634444006014E+10   -0.798181358424513547E+02
    0.674460896133151855E+00    0.519918277254451056E+00    0.169378567751076579E+10   -0.798161928844825752E+02
    0.648477651805398403E+00    0.471335586469479040E+00    0.170704490398360968E+10   -0.798072434401796329E+02
    0.643358463366618172E+00    0.578074844558823742E+00    0.171620476568313336E+10   -0.797994226870419254E+02
    0.658828684002330522E+00    0.556772851116500433E+00    0.170544170698275614E+10   -0.797937814481367695E+02
    0.687849979079201534E+00    0.583747745032844989E+00    0.167019250969276714E+10   -0.797926344935839040E+02
    0.641203668386029602E+00    0.537302581729257156E+00    0.172061755920846605E+10   -0.797909274759839491E+02
    0.640259340222613660E+00    0.556822757539187307E+00    0.173072820194242907E+10   -0.797908560042849899E+02
    0.660839045450069662E+00    0.573913306290382508E+00    0.170432840604425955E+10   -0.797882996450312305E+02
    0.639915807641463719E+00    0.594887369494053075E+00    0.172940705374503994E+10   -0.797762356590862112E+02
    0.674227337808089855E+00    0.458648361389869308E+00    0.168317555057491732E+10   -0.797759426975157311E+02
    0.637456916236126436E+00    0.550445960270751655E+00    0.172752874262326336E+10   -0.797718541395631462E+02
    0.668534058297978517E+00    0.606683632240589077E+00    0.169157127461731172E+10   -0.797713979412816911E+02
    0.625319227882658812E+00    0.455238833589202585E+00    0.174739294111721349E+10   -0.797710545769126043E+02
    0.679281609567052969E+00    0.603624208103699544E+00    0.168655178468544412E+10   -0.797700532073580177E+02
    0.657447992229456268E+00    0.553713271820106101E+00    0.170469624905512476E+10   -0.797669958956308278E+02
    0.640928431089244244E+00    0.587554966583327953E+00    0.171464159421878386E+10   -0.797569739894417467E+02
    0.676333114590839002E+00    0.449941493886782951E+00    0.168806964915244341E+10   -0.797529714587257530E+02
    0.697472723786285664E+00    0.603477668308219251E+00    0.166362461529683208E+10   -0.797512672491628365E+02
    0.652115104783701049E+00    0.497896487712296221E+00    0.170012306047671199E+10   -0.797440509939497701E+02
    0.664301305801492270E+00    0.613053517722910613E+00    0.171037528042346454E+10   -0.797399552324750118E+02
    0.645240733643155928E+00    0.538623185017780060E+00    0.171774203457387400E+10   -0.797360667384056114E+02
    0.689082717977973158E+00    0.576991246416113768E+00    0.167284029212803578E+10   -0.797282094941467676E+02
    0.650980546059055420E+00    0.536999389783950676E+00    0.171721673175330400E+10   -0.797239216989043058E+02
    0.634231735878980851E+00    0.546078306046538842E+00    0.172821618166912436E+10   -0.797100880666243370E+02
    0.632619672047185500E+00    0.449794712275256359E+00    0.173548889795778322E+10   -0.797045329798650926E+02
    0.692765736213821537E+00    0.566125302944648467E+00    0.166841622711468601E+10   -0.797044355095505495E+02
    0.678143869464778337E+00    0.526850308027629666E+00    0.168244168727079010E+10   -0.797020136916565320E+02
    0.648299067737624246E+00    0.467563504401152130E+00    0.171224159888454294E+10   -0.796908192370168251E+02
    0.658184402411704728E+00    0.501663515812889926E+00    0.169905217265711021E+10   -0.796780835530339289E+02
    0.662870945166075587E+00    0.530670436450824567E+00    0.169467277821835423E+10   -0.796748463975897607E+02
    0.657015592332349074E+00    0.465863255355255745E+00    0.170297568662671781E+10   -0.796742936177406591E+02
    0.655789500057498587E+00    0.527517889525974226E+00    0.171500713804916620E+10   -0.796739898996133320E+02
    0.641212504273114603E+00    0.548726083861961200E+00    0.172520217637011695E+10   -0.796727153401937471E+02
    0.639713470330354639E+00    0.532583436686529410E+00    0.172167693148950887E+10   -0.796667610759939180E+02
    0.676733895081010672E+00    0.605279405172375107E+00    0.168805387832066154E+10   -0.796644114310004454E+02
    0.671885381892744382E+00    0.476138355010300884E+00    0.168629721703795791E+10   -0.796597789330330244E+02
    0.652226068331150155E+00    0.603787667693540087E+00    0.171666109109722614E+10   -0.796571231262711308E+02
    0.651295783920552096E+00    0.470186804654078472E+00    0.171355533089332438E+10   -0.796442194515645667E+02
    0.649211201921927827E+00    0.458227312076830984E+00    0.171039967114429426E+10   -0.796372725975663656E+02
    0.655406456418734518E+00    0.586605723907659637E+00    0.171410291488514686E+10   -0.796286428680679137E+02
    0.652508599546889223E+00    0.527552480643455723E+00    0.171474999560328794E+10   -0.796257388458259356E+02
    0.645351529714858207E+00    0.524164641262359510E+00    0.172119219993655992E+10   -0.796253410251271276E+02
    0.674602056837939945E+00    0.498766702950694807E+00    0.169153691496334553E+10   -0.796238477536256823E+02
    0.679677210460933656E+00    0.617971335461454885E+00    0.168296175435056329E+10   -0.793048747833415177E+02
    0.675412546384023482E+00    0.626993795243054208E+00    0.168745935353978372E+10   -0.795003454197374992E+02
    0.677970257256012121E+00    0.600500192018074586E+00    0.168380991646101308E+10   -0.793664550179386765E+02
    0.672469526664087991E+00    0.606128194949324239E+00    0.169737536390106249E+10   -0.794409140530802063E+02
    0.672469526664087991E+00    0.606128194949324239E+00    0.169737536390106249E+10   -0.794409140530802063E+02
    0.668716141461036417E+00    0.608308344713744731E+00    0.168948137283472610E+10   -0.795872494621587094E+02
    0.699971118629915345E+00    0.554877667784889894E+00    0.166142896680590582E+10   -0.793932935449358013E+02
    0.694232283741556433E+00    0.565754419915601048E+00    0.167010400270333529E+10   -0.795202692663332869E+02
    0.688802211073207937E+00    0.553306909924330625E+00    0.167156391206168938E+10   -0.795770020435388403E+02
    0.695347564523242756E+00    0.573070308878136814E+00    0.167218772050670242E+10   -0.792203923368903986E+02
    0.693194350491505462E+00    0.549322534090610048E+00    0.167072540818792391E+10   -0.794143182382520081E+02
    0.677976855882466367E+00    0.521829812733605181E+00    0.168378088546952391E+10   -0.794473023868356591E+02
    0.669378777549478610E+00    0.506026050809486705E+00    0.168785129143221760E+10   -0.795579907874807901E+02
    0.683692755556139398E+00    0.490383866998087115E+00    0.167999021589947534E+10   -0.795150527314432907E+02
    0.678292478572401492E+00    0.502692110680939663E+00    0.168667402372405744E+10   -0.796129921792972652E+02
    0.675695386719802671E+00    0.498477241959145445E+00    0.168930600438842630E+10   -0.790736397319763142E+02
    0.675695386719802671E+00    0.498477241959145445E+00    0.168930600438842630E+10   -0.790736397319763142E+02
    0.676483315203648794E+00    0.494344755548599579E+00    0.168602181492439628E+10   -0.793327486028903479E+02
    0.671413604167821809E+00    0.475880882959492268E+00    0.169245084448180699E+10   -0.795978514954707492E+02
    0.670525145237388154E+00    0.480480247353717971E+00    0.168951999904234099E+10   -0.792266770725263854E+02
    0.676441182337329971E+00    0.462072250491525338E+00    0.168721126162246156E+10   -0.794413342739185850E+02
    0.673746163660587927E+00    0.479001607201407609E+00    0.169001572912526321E+10   -0.794805029149349025E+02
    0.681035789496027499E+00    0.503257738934701493E+00    0.168029539885345697E+10   -0.796052169954459430E+02
    0.667965504996269499E+00    0.479033870666551564E+00    0.169426577470934844E+10   -0.792126983807354748E+02
    0.667965504996269499E+00    0.479033870666551564E+00    0.169426577470934844E+10   -0.792126983807354748E+02
    0.671676728522103361E+00    0.487896311781923941E+00    0.168809608184850979E+10   -0.793657566059913648E+02
    0.677437634123405852E+00    0.515206962954110281E+00    0.168522611000830817E+10   -0.792199700810882916E+02
    0.683755147794261053E+00    0.520722335182515650E+00    0.167600700769769096E+10   -0.793316085830633995E+02
    0.683755147794261053E+00    0.520722335182515650E+00    0.167600700769769096E+10   -0.793316085830633995E+02
    0.676682076505485286E+00    0.511315088372345627E+00    0.168084861389295912E+10   -0.795822326918493843E+02
    0.676808554352021807E+00    0.478802792218148809E+00    0.168799926670601344E+10   -0.796196855486807493E+02
    0.675794690481269722E+00    0.484705206136851530E+00    0.168594009804850268E+10   -0.794294013754486627E+02
    0.676645312991028924E+00    0.479733308345572595E+00    0.168845608345795727E+10   -0.796119906645590731E+02
    0.677837468232096563E+00    0.511758718361623011E+00    0.168853662674561882E+10   -0.791977956972944810E+02
    0.685641694684870351E+00    0.528370197835544175E+00    0.167920536701052117E+10   -0.794490071043511534E+02
    0.673313864674209506E+00    0.528498111767895296E+00    0.168833951841351748E+10   -0.793050317707299826E+02
    0.675519392630845261E+00    0.544191685361901989E+00    0.168772145977979708E+10   -0.791609697983593605E+02
    0.669447310230409043E+00    0.533209072629654557E+00    0.169545429286532044E+10   -0.791616019717980777E+02
    0.669447310230409043E+00    0.533209072629654557E+00    0.169545429286532044E+10   -0.791616019717980777E+02
    0.671256267284720987E+00    0.550895602773353588E+00    0.169812540999391913E+10   -0.794921486024429527E+02
    0.668467840197941254E+00    0.537381919049881418E+00    0.169514961174584532E+10   -0.796043758771668735E+02
    0.669450235271794258E+00    0.533872758201667352E+00    0.169068834242299271E+10   -0.792492966128755398E+02
    0.674967067057747783E+00    0.529196952148168975E+00    0.168648074665000629E+10   -0.791341812305904284E+02
    0.667378651017369151E+00    0.512925534867301636E+00    0.169109368329165339E+10   -0.794480901843074747E+02
    0.665752908170198832E+00    0.535240100535085972E+00    0.169052787018583202E+10   -0.794947656879063658E+02
    0.669611884929463108E+00    0.517376518066043900E+00    0.169475508146973443E+10   -0.795531700675744560E+02
    0.667137420140247683E+00    0.519647832354069195E+00    0.169052672384382844E+10   -0.795073796064400824E+02
    0.668756658576324381E+00    0.525721646577977708E+00    0.169103932881020331E+10   -0.793343850354012545E+02
    0.668756658576324381E+00    0.525721646577977708E+00    0.169103932881020331E+10   -0.793343850354012545E+02
    0.665270627559882644E+00    0.529584615569142159E+00    0.169855440773146510E+10   -0.794614919056841700E+02
    0.673320181073773671E+00    0.536449374201650286E+00    0.168948596035028672E+10   -0.794657759885253370E+02
    0.644583111390751751E+00    0.465589799997548681E+00    0.171846703122356296E+10   -0.794175216039176775E+02
    0.651979192121343032E+00    0.456060056650589019E+00    0.171051375826611781E+10   -0.793531073568785814E+02
    0.645639651298516859E+00    0.492196619095633281E+00    0.171971232854968381E+10   -0.795913687574459345E+02
    0.648360112439732683E+00    0.482428690577345165E+00    0.171261734884232974E+10   -0.792723330423271193E+02
    0.648360112439732683E+00    0.482428690577345165E+00    0.171261734884232974E+10   -0.792723330423271193E+02
    0.647950163513818067E+00    0.466978246841291522E+00    0.171704142941844273E+10   -0.793416558087475892E+02
    0.641239053121209102E+00    0.466900810377614661E+00    0.172376104842724752E+10   -0.792952824271411316E+02
    0.654571701489863766E+00    0.508156374107402442E+00    0.170489863552195048E+10   -0.794781300622103259E+02
    0.650863169723728041E+00    0.504754348327267621E+00    0.171528653865397286E+10   -0.794300238027283854E+02
    0.652813251332167055E+00    0.515710513111438118E+00    0.171170398516349339E+10   -0.795966159099866246E+02
    0.645405552246229530E+00    0.475377788748259533E+00    0.172114167081723619E+10   -0.795414908442452031E+02
    0.631866534640711963E+00    0.450554626966992444E+00    0.173691567343813729E+10   -0.794959746612577618E+02
    0.636038811800943016E+00    0.412472197174070132E+00    0.172719473521223450E+10   -0.794726604791780176E+02
    0.630675473393567887E+00    0.471280259658682255E+00    0.173303309894414687E+10   -0.795651379206162233E+02
    0.631136277400984769E+00    0.453963707562133223E+00    0.173658600559938335E+10   -0.795250436026078944E+02
    0.646565267384634601E+00    0.510124562390348757E+00    0.171966091197976398E+10   -0.796158938745124658E+02
    0.642782401305747708E+00    0.546452650785839822E+00    0.172159087914669132E+10   -0.794408653798455191E+02
    0.642933035422728172E+00    0.529098667455041749E+00    0.172508167081570959E+10   -0.793211102162794219E+02
    0.642933035422728172E+00    0.529098667455041749E+00    0.172508167081570959E+10   -0.793211102162794219E+02
    0.649028960810331790E+00    0.524706599361051573E+00    0.172078813589479709E+10   -0.795493956424426756E+02
    0.660513567487207465E+00    0.545250307862893635E+00    0.170442185984820628E+10   -0.792174781687054690E+02
    0.647626341483249601E+00    0.519204958162980290E+00    0.171458616992089963E+10   -0.792276227180307728E+02
    0.655266100790271366E+00    0.537739898896653301E+00    0.170681295248783255E+10   -0.794653744424285975E+02
    0.647323956555888813E+00    0.546517368482152932E+00    0.171604150930561709E+10   -0.794111337309721819E+02
    0.655805107970215184E+00    0.546841323859926121E+00    0.170955543745962429E+10   -0.794234257027164858E+02
    0.649427978995040900E+00    0.549355898842902590E+00    0.171784335591176581E+10   -0.792541371147565030E+02
    0.649427978995040900E+00    0.549355898842902590E+00    0.171784335591176581E+10   -0.792541371147565030E+02
    0.652978163407923473E+00    0.527449638521076736E+00    0.171171221034562659E+10   -0.793044256331277921E+02
    0.653758794469707194E+00    0.521291969237013930E+00    0.171284825051174617E+10   -0.792710784551352674E+02
    0.628273694811851913E+00    0.514393683806524393E+00    0.173188546555029130E+10   -0.794410690036585834E+02
    0.634051574035979004E+00    0.543033885516418735E+00    0.172988439086802006E+10   -0.792946581122791656E+02
    0.635136029975721605E+00    0.549094671500807152E+00    0.172536940038320279E+10   -0.793640693373854447E+02
    0.659155982973634313E+00    0.450482717058722670E+00    0.170288344602164626E+10   -0.795839764449913787E+02
    0.660857573905503148E+00    0.475512468664199162E+00    0.170816514922665310E+10   -0.793313620097423637E+02
    0.656572806249207330E+00    0.477549147185731826E+00    0.170032101383640909E+10   -0.795436351326938507E+02
    0.655775597893356821E+00    0.484019776571027904E+00    0.170643505869108605E+10   -0.793617009565666933E+02
    0.659653632775836107E+00    0.463471648967701100E+00    0.170486099146876025E+10   -0.793176867714673079E+02
    0.659041237115271850E+00    0.488923135969072220E+00    0.170566727765501404E+10   -0.795517033294863012E+02
    0.658938197771392176E+00    0.480058824987940724E+00    0.170122852122415352E+10   -0.794953112887707221E+02
    0.657954719629349705E+00    0.497586472044490691E+00    0.170068109458015037E+10   -0.795310445063079072E+02
    0.658634149771231470E+00    0.482621466452872738E+00    0.170003290690528727E+10   -0.793974604222570974E+02
    0.658471604238231700E+00    0.478654575066750354E+00    0.170478389620449781E+10   -0.794732572288342851E+02
    0.660079265267108584E+00    0.486918801072702578E+00    0.170188233607133579E+10   -0.793396956978970991E+02
    0.660079265267108584E+00    0.486918801072702578E+00    0.170188233607133579E+10   -0.793396956978970991E+02
    0.650362264798345691E+00    0.462882623997678877E+00    0.170702288214759898E+10   -0.795173261416616270E+02
    0.647902398791487255E+00    0.477512991749124538E+00    0.170776604758894873E+10   -0.795188740243633561E+02
    0.652627695548624875E+00    0.460169764239797274E+00    0.171053794344899273E+10   -0.795499864629252471E+02
    0.662017367159762338E+00    0.505925725370190094E+00    0.169941438810391808E+10   -0.794587731908904829E+02
    0.654733096936701009E+00    0.490381317912264691E+00    0.170683567870679760E+10   -0.793206582881738314E+02
    0.659198039557511772E+00    0.471137944422075350E+00    0.170815285161621881E+10   -0.794872048661314352E+02
    0.657929805736396700E+00    0.479690193665740949E+00    0.170088145097336507E+10   -0.794185329896050831E+02
    0.651821217911943473E+00    0.604924409164331323E+00    0.172103923972908258E+10   -0.795933463138260038E+02
    0.651447699859178497E+00    0.570408962673772280E+00    0.171299822967884851E+10   -0.795227269019199383E+02
    0.658019060225531249E+00    0.599449256124861662E+00    0.170940159629742813E+10   -0.792579969610735873E+02
    0.658692277256958891E+00    0.605548861035902775E+00    0.171284337892874432E+10   -0.794250474182989592E+02
    0.651160577301593158E+00    0.564452001826051486E+00    0.171283409718258548E+10   -0.792433543786389691E+02
