    0.465115755955227306E+00    0.736054203422738862E+00    0.228695242833268595E+10    0.343441706725702155E+06   -0.153744512459935237E+03
    0.571054277789915021E+00    0.782216701950386284E+00    0.212287780004430437E+10    0.336633355151019525E+06   -0.153190110872955245E+03
    0.525705540593834453E+00    0.724675160396940132E+00    0.217240192200087547E+10    0.349661063159566838E+06   -0.152972841708476494E+03
    0.598750780058824206E+00    0.643330269613283434E+00    0.211871541450061393E+10    0.294281208240684646E+06   -0.152416165861132129E+03
    0.556214648703022174E+00    0.723020654181162126E+00    0.219508282721664143E+10    0.312065951358153601E+06   -0.152093700264325406E+03
    0.617188654690900895E+00    0.753114680130097636E+00    0.212829453013144875E+10    0.314883281962090870E+06   -0.151752223291587370E+03
    0.516291582213485145E+00    0.689883371901540698E+00    0.225428889042857504E+10    0.306181940076330327E+06   -0.151702412840553819E+03
    0.561757737668495016E+00    0.753379528510902396E+00    0.210942891391447973E+10    0.320617675367058662E+06   -0.151448006198870416E+03
    0.604080071496594706E+00    0.795810176462167895E+00    0.209888197227733803E+10    0.308655567956603831E+06   -0.151322357527966631E+03
    0.529318914704024590E+00    0.758355507420784392E+00    0.226407797918850851E+10    0.310461652809816354E+06   -0.151061323000015932E+03
    0.533767528144952985E+00    0.703202622725013438E+00    0.221028974556736660E+10    0.321517665201550524E+06   -0.151029281130950125E+03
    0.573191350010292089E+00    0.732094005364107847E+00    0.217578640155798721E+10    0.300583954602211830E+06   -0.150774324180433155E+03
    0.554498617486333889E+00    0.666909203225126035E+00    0.216103575450849295E+10    0.321492019382175233E+06   -0.150740726003550890E+03
    0.525592023867807012E+00    0.731668731166746245E+00    0.229238366584422731E+10    0.302531745490177942E+06   -0.150643997647695642E+03
    0.593014059947528427E+00    0.708175521615304948E+00    0.213672958960245848E+10    0.307481950937006157E+06   -0.150602069844922994E+03
    0.490605703898580436E+00    0.728314952826803808E+00    0.222731172997071648E+10    0.329993274364046461E+06   -0.150559950007636331E+03
    0.568773466523482818E+00    0.753536975444841772E+00    0.220952753806217337E+10    0.330200667254333734E+06   -0.150517852660836752E+03
    0.531714913702829306E+00    0.734172420417093186E+00    0.223658940703515577E+10    0.324054695943626692E+06   -0.150453212513301509E+03
    0.545018040035923024E+00    0.713426224590729241E+00    0.219144980135548258E+10    0.312214015233951388E+06   -0.150358267010742054E+03
    0.499043678578607153E+00    0.712205948818122714E+00    0.222768837215097332E+10    0.324086961331073195E+06   -0.150337580809972252E+03
    0.588047236325954237E+00    0.749480149179555966E+00    0.216236069482053041E+10    0.293419577175548999E+06   -0.150237742744587024E+03
    0.535259635621823660E+00    0.703410420557512683E+00    0.220410447998403025E+10    0.320298294312322687E+06   -0.150154107699579470E+03
    0.625135194123532911E+00    0.764709440266871265E+00    0.212921243928121781E+10    0.322838325190635223E+06   -0.150148825117682037E+03
    0.583239814429553971E+00    0.677484230032595836E+00    0.213779926449149942E+10    0.324753270558823075E+06   -0.150128631936359795E+03
    0.508656878750289421E+00    0.708341594275059716E+00    0.222518623911814117E+10    0.328888272651428531E+06   -0.150042036613510788E+03
    0.616604704195196418E+00    0.818490506077333979E+00    0.213240875811052299E+10    0.323946709489973146E+06   -0.149923972665548575E+03
    0.618256672497034088E+00    0.717472597656669819E+00    0.210110228784551334E+10    0.315410518194612057E+06   -0.149887648421500302E+03
    0.552290513192285837E+00    0.735790518406335359E+00    0.219590544659482145E+10    0.309069801275302423E+06   -0.149887203022591649E+03
    0.552451291458528115E+00    0.699703929054526608E+00    0.214670099287559247E+10    0.331394383852727071E+06   -0.149852177529031479E+03
    0.573100619401708866E+00    0.735305292123301424E+00    0.216807761872823954E+10    0.333405034041469044E+06   -0.149827698485308474E+03
    0.593438531019121585E+00    0.692053207858180031E+00    0.210190566687445831E+10    0.336818727799669316E+06   -0.149807533398822471E+03
    0.497643542738594125E+00    0.692369261654535162E+00    0.225489463406456137E+10    0.325534975157640642E+06   -0.149699465344164423E+03
    0.536055618869949124E+00    0.751643582307286895E+00    0.214231253593849111E+10    0.341295443078953773E+06   -0.149692510735845275E+03
    0.542141845126456134E+00    0.722151963981318534E+00    0.215494331607389307E+10    0.327421268809945672E+06   -0.149650561735010001E+03
    0.586579636309539021E+00    0.790068773293822080E+00    0.215413705260852528E+10    0.298527616960386804E+06   -0.149625206690460004E+03
    0.508371744591390007E+00    0.759808720330967802E+00    0.219658592333636475E+10    0.337556811658820545E+06   -0.149553045018764010E+03
    0.517720140541344409E+00    0.722125433821096507E+00    0.224298781055616999E+10    0.316725201088262314E+06   -0.149528148824087850E+03
    0.478575308778646791E+00    0.716929130413556770E+00    0.223699567138775015E+10    0.322430110467150342E+06   -0.149378334845846126E+03
    0.551309760821705130E+00    0.728623887367965573E+00    0.217189006315379286E+10    0.308608381570324476E+06   -0.149322616081676841E+03
    0.618144974970092576E+00    0.711067630974628884E+00    0.211667849135668349E+10    0.309706262284004304E+06   -0.149321014288564442E+03
    0.512607441727699453E+00    0.710308446741942046E+00    0.220653662933720541E+10    0.317371764285885671E+06   -0.149274387285921136E+03
    0.561137046583666366E+00    0.727180930863623676E+00    0.218891760976389885E+10    0.319214141639021691E+06   -0.149242451654831484E+03
    0.528312862882014511E+00    0.732971907782534515E+00    0.215555866167931604E+10    0.318577247595889901E+06   -0.149151897823798350E+03
    0.571710005568483171E+00    0.712704082127137095E+00    0.213641255146250391E+10    0.322514156000160030E+06   -0.149124173867159271E+03
    0.579803220841352718E+00    0.752029765566846642E+00    0.214377614143103313E+10    0.317720140901588951E+06   -0.149122830029265629E+03
    0.509824334738644414E+00    0.721900953457309313E+00    0.226871917326180983E+10    0.308308217057149392E+06   -0.149038430349862608E+03
    0.575849082065183149E+00    0.771001953842681775E+00    0.218853613604146767E+10    0.307240325561333389E+06   -0.149013976835828572E+03
    0.546058557659753752E+00    0.779715771216463960E+00    0.217510123575719976E+10    0.323460269852990168E+06   -0.148982452108617650E+03
    0.549151007261026058E+00    0.725162811993840695E+00    0.213917005202316260E+10    0.343238872277054004E+06   -0.148955471942649410E+03
    0.495684934353016360E+00    0.697563027388630186E+00    0.222045449479218626E+10    0.312744482035210356E+06   -0.148941178457273111E+03
    0.597882173762900759E+00    0.765009028028668769E+00    0.218077844649195194E+10    0.306632899000239093E+06   -0.148890102557845069E+03
    0.628634330274894904E+00    0.741172419688083561E+00    0.211182092010817027E+10    0.306394058619478776E+06   -0.148856951914388873E+03
    0.536696267883045475E+00    0.731417127697938430E+00    0.219757319229224110E+10    0.328289311968950205E+06   -0.148823407251837466E+03
    0.604631539770264292E+00    0.718400491798637297E+00    0.214979761547217321E+10    0.317080865615992399E+06   -0.148817157209120751E+03
    0.518281798867109122E+00    0.743704330513859091E+00    0.222588784109111929E+10    0.331696891318366048E+06   -0.148794190062093463E+03
    0.549742146037145551E+00    0.683428458820821483E+00    0.215838389446542263E+10    0.335223432257118111E+06   -0.148758558173736532E+03
    0.571961848633986247E+00    0.718496578287141308E+00    0.213900529369767237E+10    0.315281493452723487E+06   -0.148738603073598881E+03
    0.533674444294495620E+00    0.725707329586311456E+00    0.217344298227508831E+10    0.321972621123779332E+06   -0.148736197752975897E+03
    0.557690249433908214E+00    0.742619185284834504E+00    0.216014031995456219E+10    0.327343522539299214E+06   -0.148707176928498086E+03
    0.532378789412240261E+00    0.756874382161524917E+00    0.215175586407254696E+10    0.329509990354502399E+06   -0.148698949312258065E+03
    0.605928787361426413E+00    0.750248457387331147E+00    0.211101036202789640E+10    0.315052491495828261E+06   -0.148690215736077732E+03
    0.535908786616756005E+00    0.733146731571399535E+00    0.224115438577838850E+10    0.310855474265807425E+06   -0.148667770371387093E+03
    0.578341611172647041E+00    0.703402832962322755E+00    0.215210127841168737E+10    0.335612197557570180E+06   -0.148562702608952463E+03
    0.524501882659709096E+00    0.721829495333024429E+00    0.220681157537488317E+10    0.335850757446582487E+06   -0.148542936071366626E+03
    0.583921921936877308E+00    0.684868964147846704E+00    0.212712626926637888E+10    0.336773316970499407E+06   -0.148537151779641590E+03
    0.510238278210208396E+00    0.729716109901628052E+00    0.220848816631960297E+10    0.314678250551463861E+06   -0.148527338380900346E+03
    0.539461152911651864E+00    0.750910739683798401E+00    0.221936511266369486E+10    0.322128489252518397E+06   -0.148527312224098125E+03
    0.570966534341565746E+00    0.721332233935812361E+00    0.217571785845976686E+10    0.319439324448220257E+06   -0.148523681583530504E+03
    0.573564017021011452E+00    0.682752561355765231E+00    0.215759644126340628E+10    0.321625195390363398E+06   -0.148496668053925362E+03
    0.535490476068330445E+00    0.750709692020143482E+00    0.222777174095800495E+10    0.321102020616427530E+06   -0.148467698886182518E+03
    0.533552320300817451E+00    0.737580247511565368E+00    0.218533185427572393E+10    0.318214377698591270E+06   -0.148424761153379848E+03
    0.528956298294680716E+00    0.769979332634797675E+00    0.218544116503704548E+10    0.333783171504842525E+06   -0.148413470792570479E+03
    0.519818465256637219E+00    0.714365259792386631E+00    0.220947085218599939E+10    0.340785612211208092E+06   -0.148403962655617931E+03
    0.545156394310460257E+00    0.740589655724698925E+00    0.217499230303867006E+10    0.299019473912779416E+06   -0.148394744945976839E+03
    0.610604767853189068E+00    0.727197725716891341E+00    0.214022041500379634E+10    0.311787834079043590E+06   -0.148383766288459753E+03
    0.564694655288659142E+00    0.734384751270593661E+00    0.218066170744808674E+10    0.301926386185900075E+06   -0.148373893062216041E+03
    0.528540342567392130E+00    0.718157557992108675E+00    0.220678369201771688E+10    0.344031302790026937E+06   -0.148367270721553211E+03
    0.549451046341655314E+00    0.755188847569369770E+00    0.215728784968175840E+10    0.338289227173318504E+06   -0.148359120970721307E+03
    0.527867487624028242E+00    0.769992196841110310E+00    0.219815973720341969E+10    0.318615279436738754E+06   -0.148333441502958749E+03
    0.571361149055568229E+00    0.778259813205832263E+00    0.214460556071319771E+10    0.333711218945225701E+06   -0.148330978273863479E+03
    0.571361149055568229E+00    0.778259813205832263E+00    0.214460556071319771E+10    0.333711218945225701E+06   -0.148330978273863479E+03
    0.509132418001252307E+00    0.732657718060803376E+00    0.218805157952013636E+10    0.323415148457656207E+06   -0.148322245853723700E+03
    0.593257280135452980E+00    0.689314233740719207E+00    0.213614265013869858E+10    0.314467815059845161E+06   -0.148322141485993711E+03
    0.522348764688081113E+00    0.765140590297400891E+00    0.221134116537176847E+10    0.331444956938113959E+06   -0.148308879973267267E+03
    0.525827651780674588E+00    0.732752803068920322E+00    0.229297934206018972E+10    0.305088095091897994E+06   -0.148288888607325248E+03
    0.571815951415230561E+00    0.735000389835170242E+00    0.212859248003719664E+10    0.327377912693256512E+06   -0.148283678985737708E+03
    0.543742363010247809E+00    0.742966413235532475E+00    0.216738248510169744E+10    0.346766294694304233E+06   -0.148281165236206391E+03
    0.536168214609281546E+00    0.696945675667809628E+00    0.226647849987359238E+10    0.309779039187488379E+06   -0.148226038405813881E+03
    0.511680325182433005E+00    0.737633279975690836E+00    0.220773789186276865E+10    0.329726670168282755E+06   -0.148222120203991892E+03
    0.571993320620967749E+00    0.778327065080388625E+00    0.216185235107961607E+10    0.304612246047921944E+06   -0.148216927420613729E+03
    0.564511469828861912E+00    0.786643795397408141E+00    0.219464875332992268E+10    0.337682839735609305E+06   -0.148214361238228378E+03
    0.547580239813895808E+00    0.769626414248309576E+00    0.219648984703912210E+10    0.310611178859161679E+06   -0.148196242491460680E+03
    0.537559364379314064E+00    0.752816642173166350E+00    0.219443349727523041E+10    0.310390618370298413E+06   -0.148196151859172033E+03
    0.581891622545706255E+00    0.756508585357924979E+00    0.213773177090728402E+10    0.323883420356047864E+06   -0.148180518223949008E+03
    0.574500674279173174E+00    0.740103836484756972E+00    0.216357861275080395E+10    0.311672310964191274E+06   -0.148157734739341947E+03
    0.554776919927099432E+00    0.769624658038012832E+00    0.218164498368329906E+10    0.312760890964782098E+06   -0.148138138702173819E+03
    0.542836464265181950E+00    0.761211874846956515E+00    0.218962572292743063E+10    0.313823711794125265E+06   -0.148122022007987539E+03
    0.576468452788468699E+00    0.718412613395693622E+00    0.217394374123037720E+10    0.322963242340742669E+06   -0.148108690820981678E+03
    0.512545139398209448E+00    0.737000817601694891E+00    0.217109736775669670E+10    0.321786242014981457E+06   -0.148068242319038234E+03
    0.512545139398209448E+00    0.737000817601694891E+00    0.217109736775669670E+10    0.321786242014981457E+06   -0.148068242319038234E+03
    0.512832644609797605E+00    0.728229868091768484E+00    0.224411250894753742E+10    0.334644889333683299E+06   -0.148028568389365716E+03
    0.546829550884728177E+00    0.770622215267994459E+00    0.218505249732135296E+10    0.300319592752846365E+06   -0.148012488441050124E+03
    0.506250294896908426E+00    0.753467590376479812E+00    0.218809276454240990E+10    0.335178112780827680E+06   -0.148009318528100437E+03
    0.556966028265060364E+00    0.793035351495013696E+00    0.218559859012517071E+10    0.297637068659576704E+06   -0.148007771734853492E+03
    0.556966028265060364E+00    0.793035351495013696E+00    0.218559859012517071E+10    0.297637068659576704E+06   -0.148007771734853492E+03
    0.566086808919570972E+00    0.726631075262498705E+00    0.219290367674453735E+10    0.327188389864978322E+06   -0.147987240112134373E+03
    0.535605083214494071E+00    0.731153800695297562E+00    0.224232264547817469E+10    0.307361626118015964E+06   -0.147977498386324442E+03
    0.501835570548780585E+00    0.685658571288943808E+00    0.225967038479913950E+10    0.317665707117103389E+06   -0.147966333099956842E+03
    0.555931047522875921E+00    0.785342198134499903E+00    0.218761864625557423E+10    0.305311313025761454E+06   -0.147956180842509553E+03
    0.555931047522875921E+00    0.785342198134499903E+00    0.218761864625557423E+10    0.305311313025761454E+06   -0.147956180842509553E+03
    0.494555767293622606E+00    0.730863745385516239E+00    0.222742026464409542E+10    0.325161084719011385E+06   -0.147954486624652986E+03
    0.524687336607849830E+00    0.715110499840049485E+00    0.224127663778467846E+10    0.328730819062586408E+06   -0.147929469455783135E+03
    0.565918703166169101E+00    0.772270280019859534E+00    0.216472280410795927E+10    0.320337782790168771E+06   -0.147922642202200961E+03
    0.512473440943772118E+00    0.717130934450846969E+00    0.228120084462331867E+10    0.318803244645613071E+06   -0.147912219791592833E+03
    0.512473440943772118E+00    0.717130934450846969E+00    0.228120084462331867E+10    0.318803244645613071E+06   -0.147912219791592833E+03
    0.562554036119944256E+00    0.724946928505926014E+00    0.215145065505785275E+10    0.317369184528164973E+06   -0.147897693874091090E+03
    0.544866610940385687E+00    0.774979486209136592E+00    0.216914859774964809E+10    0.341287212775068532E+06   -0.147843646695101114E+03
    0.575649516332229827E+00    0.744973958938544900E+00    0.219994828960612631E+10    0.340674417172084446E+06   -0.147802410003064949E+03
    0.575649516332229827E+00    0.744973958938544900E+00    0.219994828960612631E+10    0.340674417172084446E+06   -0.147802410003064949E+03
    0.553910456258765782E+00    0.736798704240723801E+00    0.219231957964312792E+10    0.316385530721932184E+06   -0.147795936341731192E+03
    0.542798110876654527E+00    0.706988115322755739E+00    0.217190664315747166E+10    0.300965657113736786E+06   -0.147777508223638222E+03
    0.508888345468374137E+00    0.729709540722482508E+00    0.223895957411033726E+10    0.331711811636926257E+06   -0.147768021321679612E+03
    0.508888345468374137E+00    0.729709540722482508E+00    0.223895957411033726E+10    0.331711811636926257E+06   -0.147768021321679612E+03
    0.533495344936702254E+00    0.738642781591972941E+00    0.219101895264688015E+10    0.319998733794349362E+06   -0.147761304277106717E+03
    0.533495344936702254E+00    0.738642781591972941E+00    0.219101895264688015E+10    0.319998733794349362E+06   -0.147761304277106717E+03
    0.558891281550454311E+00    0.748326091967739693E+00    0.214727009394878650E+10    0.317298571865849721E+06   -0.147760137173440114E+03
    0.593479874130055429E+00    0.724536773134816237E+00    0.215266138930434704E+10    0.311797006412735383E+06   -0.147757619666643222E+03
    0.593479874130055429E+00    0.724536773134816237E+00    0.215266138930434704E+10    0.311797006412735383E+06   -0.147757619666643222E+03
    0.525791618458531618E+00    0.715278138440240685E+00    0.224362671169373274E+10    0.321405956513926620E+06   -0.147736122477824779E+03
    0.544585169574772987E+00    0.725690631120965435E+00    0.216269035114698362E+10    0.326198139829443302E+06   -0.147725941418242314E+03
    0.544585169574772987E+00    0.725690631120965435E+00    0.216269035114698362E+10    0.326198139829443302E+06   -0.147725941418242314E+03
    0.532242034125804953E+00    0.753124757346343987E+00    0.216785916996436214E+10    0.326792691163525102E+06   -0.147724129281436433E+03
    0.532242034125804953E+00    0.753124757346343987E+00    0.216785916996436214E+10    0.326792691163525102E+06   -0.147724129281436433E+03
    0.559705502992152271E+00    0.736929263045011052E+00    0.222232223354570818E+10    0.310135168648246850E+06   -0.147716175177820702E+03
    0.508743404532703503E+00    0.748000399978216102E+00    0.221713314258327341E+10    0.331776110081824183E+06   -0.147710990924662553E+03
    0.518235448103504637E+00    0.742904426063278667E+00    0.224974046495187378E+10    0.319183651241470478E+06   -0.147684087853289100E+03
    0.618816876210416922E+00    0.712342290683413815E+00    0.210873728701629472E+10    0.328568096860003192E+06   -0.147650921896316049E+03
    0.618816876210416922E+00    0.712342290683413815E+00    0.210873728701629472E+10    0.328568096860003192E+06   -0.147650921896316049E+03
    0.572977678991685835E+00    0.796511443784095885E+00    0.214627213940132976E+10    0.331738873508886027E+06   -0.147649531624179758E+03
    0.572977678991685835E+00    0.796511443784095885E+00    0.214627213940132976E+10    0.331738873508886027E+06   -0.147649531624179758E+03
    0.564821644078882135E+00    0.734761312664649946E+00    0.220095511096393776E+10    0.314734911302143941E+06   -0.147645989559465988E+03
    0.566263079480311737E+00    0.739674515884583439E+00    0.215839309474504232E+10    0.319590998619174934E+06   -0.147637178211719629E+03
    0.549819411785683498E+00    0.782688507964092839E+00    0.217985472213814354E+10    0.324981018494337681E+06   -0.147620022802168592E+03
    0.586874793301738862E+00    0.761226961985014494E+00    0.215954249709829426E+10    0.304703073763473891E+06   -0.147619320341030289E+03
    0.586874793301738862E+00    0.761226961985014494E+00    0.215954249709829426E+10    0.304703073763473891E+06   -0.147619320341030289E+03
    0.590374947794379379E+00    0.766536257534160992E+00    0.217136473858259869E+10    0.302285000262527785E+06   -0.147592643631272892E+03
    0.527968415055619755E+00    0.708737943511694723E+00    0.220121002248064280E+10    0.313927956554449920E+06   -0.147589389675086835E+03
    0.594069661487215739E+00    0.700424889066006529E+00    0.213707792955537009E+10    0.308379135712801944E+06   -0.147564085518651382E+03
    0.545894547668163477E+00    0.737406730340209204E+00    0.215785564280686331E+10    0.321474664023150515E+06   -0.147554741647479716E+03
    0.582162945133152809E+00    0.718667127406666495E+00    0.214427506201557827E+10    0.307421393122997484E+06   -0.147540013283287436E+03
    0.582162945133152809E+00    0.718667127406666495E+00    0.214427506201557827E+10    0.307421393122997484E+06   -0.147540013283287436E+03
    0.523157313565405402E+00    0.709561452860890451E+00    0.226950153384536886E+10    0.314518869381040917E+06   -0.147534515130656928E+03
    0.523157313565405402E+00    0.709561452860890451E+00    0.226950153384536886E+10    0.314518869381040917E+06   -0.147534515130656928E+03
    0.529786289561387735E+00    0.700467057296068507E+00    0.219149858499431324E+10    0.316718126119652530E+06   -0.147523259749838644E+03
    0.529786289561387735E+00    0.700467057296068507E+00    0.219149858499431324E+10    0.316718126119652530E+06   -0.147523259749838644E+03
    0.527374148769883644E+00    0.751445465147967173E+00    0.223765716277825832E+10    0.307480180963360413E+06   -0.147521359899728282E+03
    0.544166552195843645E+00    0.733282422963219993E+00    0.220315006091432476E+10    0.321199325771516364E+06   -0.147519086159552614E+03
    0.499068052115761940E+00    0.754379941608318560E+00    0.222808125685671186E+10    0.324913992165846284E+06   -0.147517133836079665E+03
    0.534907728670422689E+00    0.712282165480594198E+00    0.219233256156479073E+10    0.311234791095904540E+06   -0.147506472772791312E+03
    0.510657584798434705E+00    0.724157947420517534E+00    0.223084158356076574E+10    0.337484194910398393E+06   -0.147503319979388408E+03
    0.510657584798434705E+00    0.724157947420517534E+00    0.223084158356076574E+10    0.337484194910398393E+06   -0.147503319979388408E+03
    0.564514579964894292E+00    0.759790227868843981E+00    0.217332334923103380E+10    0.315145265584984678E+06   -0.147489952549525867E+03
    0.564514579964894292E+00    0.759790227868843981E+00    0.217332334923103380E+10    0.315145265584984678E+06   -0.147489952549525867E+03
    0.560595761175049723E+00    0.748778262539455675E+00    0.216285675320783997E+10    0.317704800355751242E+06   -0.147480802619490362E+03
    0.560595761175049723E+00    0.748778262539455675E+00    0.216285675320783997E+10    0.317704800355751242E+06   -0.147480802619490362E+03
    0.515028133908774222E+00    0.747946265415501355E+00    0.221833055021770144E+10    0.329194378425891162E+06   -0.147477673670520858E+03
    0.524529367873390440E+00    0.743614579834633194E+00    0.217223944290886545E+10    0.332056725724114105E+06   -0.147476277950032198E+03
    0.505036936002415726E+00    0.702803200595497390E+00    0.222697107022402239E+10    0.319492034814550774E+06   -0.147471625355768509E+03
    0.554514911007879752E+00    0.755524673347852449E+00    0.216484944195817280E+10    0.337995170397868729E+06   -0.147442267155089581E+03
    0.519094163356741967E+00    0.704551144595348067E+00    0.219224164964314795E+10    0.318235069173504773E+06   -0.147440805475653178E+03
    0.558644535159067979E+00    0.759219048460763712E+00    0.216708823663433981E+10    0.323624704398782924E+06   -0.147436859409382691E+03
    0.566526027584578817E+00    0.713932241783402421E+00    0.214826707537976360E+10    0.314487978934463579E+06   -0.147423131646864846E+03
    0.566526027584578817E+00    0.713932241783402421E+00    0.214826707537976360E+10    0.314487978934463579E+06   -0.147423131646864846E+03
    0.580076267441264393E+00    0.762915028356363933E+00    0.215246313525846529E+10    0.314724516442199762E+06   -0.147405880000350010E+03
    0.559396208745820744E+00    0.746990218640141368E+00    0.216592663784743977E+10    0.322532086346064811E+06   -0.147393943339229452E+03
    0.559396208745820744E+00    0.746990218640141368E+00    0.216592663784743977E+10    0.322532086346064811E+06   -0.147393943339229452E+03
    0.513108277277286140E+00    0.701663986332222933E+00    0.221117628944101048E+10    0.320793610617805272E+06   -0.147379439119166648E+03
    0.513108277277286140E+00    0.701663986332222933E+00    0.221117628944101048E+10    0.320793610617805272E+06   -0.147379439119166648E+03
    0.504413274802304135E+00    0.721807979634551344E+00    0.221016838328515244E+10    0.330501202334137692E+06   -0.147364944858043742E+03
    0.579969517591262695E+00    0.715396468032080790E+00    0.214038211211658740E+10    0.306794849410091352E+06   -0.147345665391309922E+03
    0.579969517591262695E+00    0.715396468032080790E+00    0.214038211211658740E+10    0.306794849410091352E+06   -0.147345665391309922E+03
    0.544098037525133638E+00    0.720419755001492135E+00    0.215300674450072765E+10    0.314859475263316184E+06   -0.147319770476437611E+03
    0.557178044032171749E+00    0.746205457326126975E+00    0.219810443526507282E+10    0.320004126749624964E+06   -0.147314281110685471E+03
    0.557178044032171749E+00    0.746205457326126975E+00    0.219810443526507282E+10    0.320004126749624964E+06   -0.147314281110685471E+03
    0.533306540187684752E+00    0.690023080088824958E+00    0.216325611467676258E+10    0.317818300800471858E+06   -0.147301068207012975E+03
    0.517607296135596751E+00    0.751347835606339221E+00    0.218868470252659559E+10    0.321365728786364547E+06   -0.147265688233347021E+03
    0.549900477117448716E+00    0.783341205223826886E+00    0.216165393983359909E+10    0.317631798520940007E+06   -0.147244064188440404E+03
    0.580810782303637807E+00    0.704629583177912355E+00    0.215923516828077793E+10    0.311148051090135006E+06   -0.147240577548258614E+03
    0.573593495554951205E+00    0.751135649651161863E+00    0.214655411900793672E+10    0.321063025145200547E+06   -0.147228387456071971E+03
    0.573593495554951205E+00    0.751135649651161863E+00    0.214655411900793672E+10    0.321063025145200547E+06   -0.147228387456071971E+03
    0.589167090841092311E+00    0.695075267082908343E+00    0.213233395363289356E+10    0.315711486204266257E+06   -0.147219768597428043E+03
    0.589167090841092311E+00    0.695075267082908343E+00    0.213233395363289356E+10    0.315711486204266257E+06   -0.147219768597428043E+03
    0.555634009361266501E+00    0.714312240958164590E+00    0.215722749738399982E+10    0.310442384126877063E+06   -0.147217053642831331E+03
    0.541981870535508170E+00    0.722234384542204566E+00    0.217194549269843626E+10    0.318232078249730926E+06   -0.147212585931307643E+03
    0.537259540263068658E+00    0.749262538336408657E+00    0.218740615359695196E+10    0.328149141705196816E+06   -0.147212345050196689E+03
    0.548099227504665332E+00    0.754536105837454674E+00    0.222661915155587626E+10    0.324455236702887691E+06   -0.147206483690870442E+03
    0.504434783384215546E+00    0.722432916604727193E+00    0.223887674214541817E+10    0.309945845025385031E+06   -0.147194516560256034E+03
    0.532350413805209532E+00    0.717032528987505913E+00    0.220231352889158678E+10    0.316354782072666974E+06   -0.147155926432997148E+03
    0.571063062429349899E+00    0.719201773166413538E+00    0.215183290685331821E+10    0.315874270924731449E+06   -0.147153688345927492E+03
    0.571063062429349899E+00    0.719201773166413538E+00    0.215183290685331821E+10    0.315874270924731449E+06   -0.147153688345927492E+03
    0.576822033248070243E+00    0.738440443298391536E+00    0.213647448541891623E+10    0.326233464579964872E+06   -0.147128595859108032E+03
    0.528761883801557753E+00    0.721748791602452755E+00    0.220470391332178211E+10    0.328692116241317359E+06   -0.147127686122138101E+03
    0.582296562350724578E+00    0.737288719187635611E+00    0.215844054592518330E+10    0.322043112836577056E+06   -0.147116028371311245E+03
    0.552135822473374116E+00    0.776769146438011759E+00    0.216575183059175777E+10    0.314666479118885240E+06   -0.147109034055409211E+03
    0.516994120478235120E+00    0.716014967169813055E+00    0.220674507507471085E+10    0.326924674315088545E+06   -0.147100967795203644E+03
    0.516994120478235120E+00    0.716014967169813055E+00    0.220674507507471085E+10    0.326924674315088545E+06   -0.147100967795203644E+03
    0.586009576008750699E+00    0.750230755932054905E+00    0.215210319936764717E+10    0.320366477153072832E+06   -0.147079144492616166E+03
    0.587461317591855270E+00    0.688435248123844712E+00    0.213803627627126408E+10    0.313643512715748628E+06   -0.147068642560418027E+03
    0.587461317591855270E+00    0.688435248123844712E+00    0.213803627627126408E+10    0.313643512715748628E+06   -0.147068642560418027E+03
    0.552371737493241421E+00    0.740718569634622792E+00    0.219433263545130205E+10    0.317804315910774807E+06   -0.147065761340424274E+03
    0.552371737493241421E+00    0.740718569634622792E+00    0.219433263545130205E+10    0.317804315910774807E+06   -0.147065761340424274E+03
    0.524951913018576466E+00    0.729946195051646818E+00    0.219026712937961054E+10    0.313859548904295079E+06   -0.147063268852968690E+03
    0.589835039580232534E+00    0.692392923002078220E+00    0.214072053821240187E+10    0.310928981391742651E+06   -0.147056107916618430E+03
    0.556855880540297443E+00    0.736910265037986623E+00    0.217254826561516142E+10    0.317231958321351209E+06   -0.147051891593881805E+03
    0.556855880540297443E+00    0.736910265037986623E+00    0.217254826561516142E+10    0.317231958321351209E+06   -0.147051891593881805E+03
    0.590594121678215678E+00    0.688061325710494387E+00    0.214070967921930957E+10    0.309497612060410785E+06   -0.147030851047341542E+03
    0.554291070678082476E+00    0.715578014041760468E+00    0.215686490418441296E+10    0.311589534451998945E+06   -0.147026866296834498E+03
    0.502240676357658344E+00    0.710275078988416908E+00    0.222699992563522625E+10    0.329830537121435860E+06   -0.147016130586759061E+03
    0.502240676357658344E+00    0.710275078988416908E+00    0.222699992563522625E+10    0.329830537121435860E+06   -0.147016130586759061E+03
    0.534027179840905752E+00    0.732559582665249120E+00    0.217935822338200617E+10    0.316358504183569166E+06   -0.146994545415734279E+03
    0.526607558075541937E+00    0.739668248960840824E+00    0.220463021024619150E+10    0.330927733341844811E+06   -0.146984875838350263E+03
    0.504299119386184880E+00    0.687351771008662293E+00    0.218945049747846889E+10    0.325838751617490372E+06   -0.146979786788760521E+03
    0.504299119386184880E+00    0.687351771008662293E+00    0.218945049747846889E+10    0.325838751617490372E+06   -0.146979786788760521E+03
    0.495806151435988385E+00    0.712681073619959804E+00    0.223278388463879919E+10    0.310838840850327862E+06   -0.146975408347361906E+03
    0.495806151435988385E+00    0.712681073619959804E+00    0.223278388463879919E+10    0.310838840850327862E+06   -0.146975408347361906E+03
    0.517367200763709567E+00    0.723997952521675536E+00    0.220430815911315680E+10    0.310047388584466593E+06   -0.146969360678368815E+03
    0.569615544030656062E+00    0.772344938977141293E+00    0.217013562090917015E+10    0.317014992993374937E+06   -0.146962415889713100E+03
    0.569615544030656062E+00    0.772344938977141293E+00    0.217013562090917015E+10    0.317014992993374937E+06   -0.146962415889713100E+03
    0.561494531103684857E+00    0.715661979536081461E+00    0.213409495341027975E+10    0.313346647820953745E+06   -0.146955837404419867E+03
    0.533256966346813299E+00    0.754369496584420318E+00    0.223033583165195894E+10    0.327612338030314306E+06   -0.146953733580190260E+03
    0.485396461170531313E+00    0.720355357409494967E+00    0.221700307197623110E+10    0.328498699733374640E+06   -0.146952631607876356E+03
    0.485396461170531313E+00    0.720355357409494967E+00    0.221700307197623110E+10    0.328498699733374640E+06   -0.146952631607876356E+03
    0.582478624506266418E+00    0.770611901618501793E+00    0.213659768140206695E+10    0.318277741468049993E+06   -0.146939747748877721E+03
    0.524073779430872300E+00    0.733760859691940492E+00    0.220480320991473961E+10    0.328871465866458311E+06   -0.146935983143256976E+03
    0.524073779430872300E+00    0.733760859691940492E+00    0.220480320991473961E+10    0.328871465866458311E+06   -0.146935983143256976E+03
    0.510559397093632183E+00    0.734474999778017779E+00    0.219786294353218508E+10    0.331612909120060969E+06   -0.146918548094967036E+03
    0.482611904953239967E+00    0.744745974766424013E+00    0.223211160062997484E+10    0.325471144334269396E+06   -0.146910511574453949E+03
    0.556684227701351952E+00    0.747876830311488661E+00    0.216005241627230358E+10    0.318928029950483004E+06   -0.146904717950364727E+03
    0.529133636890947057E+00    0.705970415925531114E+00    0.216250905930992889E+10    0.315294016000598960E+06   -0.146868679421105298E+03
    0.525074022477398872E+00    0.729091333472299929E+00    0.221423929982304621E+10    0.333041056682943425E+06   -0.146859323946615234E+03
    0.525074022477398872E+00    0.729091333472299929E+00    0.221423929982304621E+10    0.333041056682943425E+06   -0.146859323946615234E+03
    0.564241891021756148E+00    0.755833224402983284E+00    0.220699756287696409E+10    0.321887829098231334E+06   -0.146858383173037566E+03
    0.564241891021756148E+00    0.755833224402983284E+00    0.220699756287696409E+10    0.321887829098231334E+06   -0.146858383173037566E+03
    0.527506193118727817E+00    0.716755994048888567E+00    0.216406543983840084E+10    0.321832895494847035E+06   -0.146854491443455572E+03
    0.509151855436902778E+00    0.716908044893512564E+00    0.218476959613914061E+10    0.318920165782331023E+06   -0.146852373703295427E+03
    0.513174907566457894E+00    0.744510463023800639E+00    0.220603650078483343E+10    0.330557702550868387E+06   -0.146852121167674568E+03
    0.532627643885689617E+00    0.717826846856793210E+00    0.221452075437019300E+10    0.311174849768120504E+06   -0.146849165654030941E+03
    0.518829677678630641E+00    0.707173262470998321E+00    0.222730276414836740E+10    0.329953381897809682E+06   -0.146830289183109755E+03
    0.518829677678630641E+00    0.707173262470998321E+00    0.222730276414836740E+10    0.329953381897809682E+06   -0.146830289183109755E+03
    0.500912276761820152E+00    0.747999553341140544E+00    0.222143995630936766E+10    0.322383483571916353E+06   -0.146826768574548026E+03
    0.500912276761820152E+00    0.747999553341140544E+00    0.222143995630936766E+10    0.322383483571916353E+06   -0.146826768574548026E+03
    0.557390146009069776E+00    0.700605693023201415E+00    0.218885093179531813E+10    0.323409669325084309E+06   -0.146823746709102068E+03
    0.528720449916588953E+00    0.725839472581335521E+00    0.214096961840320039E+10    0.319045031966956856E+06   -0.146822040150424215E+03
    0.528208067358952316E+00    0.729002080354422155E+00    0.217759298920345449E+10    0.313329208776833548E+06   -0.146818763510204093E+03
    0.503511396422890112E+00    0.719869826655592959E+00    0.220315361287977934E+10    0.329324851546322228E+06   -0.146814731462628714E+03
    0.516844239700572916E+00    0.725368390407143959E+00    0.219694420395518112E+10    0.328070330882240727E+06   -0.146803406866149402E+03
    0.557256943386964410E+00    0.734910707427725018E+00    0.220578626675681782E+10    0.323144698504575470E+06   -0.146802889660484823E+03
    0.542761276639038170E+00    0.748791029330368563E+00    0.219300878265890789E+10    0.312286327292054950E+06   -0.146802631211163884E+03
    0.497310385998732563E+00    0.681119597456257608E+00    0.224211300181203079E+10    0.317134163624983863E+06   -0.146793940778410445E+03
    0.544231649760948621E+00    0.747620997624062866E+00    0.220009052594202757E+10    0.321745753765032219E+06   -0.146791210902792614E+03
    0.547545999732329314E+00    0.777641758261332861E+00    0.217969405431965303E+10    0.320602309698005905E+06   -0.146784809826249955E+03
    0.566110926662091396E+00    0.719329856994523453E+00    0.215326207064142847E+10    0.308916679978481552E+06   -0.146756660157201736E+03
    0.566110926662091396E+00    0.719329856994523453E+00    0.215326207064142847E+10    0.308916679978481552E+06   -0.146756660157201736E+03
    0.550951553822197182E+00    0.702571449308586615E+00    0.218738363404462624E+10    0.323930948109091143E+06   -0.146738704478117143E+03
    0.550951553822197182E+00    0.702571449308586615E+00    0.218738363404462624E+10    0.323930948109091143E+06   -0.146738704478117143E+03
    0.537432822290237588E+00    0.709665470964230494E+00    0.216236498183548498E+10    0.317632700642507931E+06   -0.146731981085893636E+03
    0.537432822290237588E+00    0.709665470964230494E+00    0.216236498183548498E+10    0.317632700642507931E+06   -0.146731981085893636E+03
    0.555606107971491459E+00    0.765928797779471981E+00    0.220374413062229013E+10    0.321069325252556882E+06   -0.146729030518621556E+03
    0.545127912931978820E+00    0.700762946477220705E+00    0.216946012536637878E+10    0.325754531662656984E+06   -0.146727661487199697E+03
    0.561395137062636995E+00    0.774652289270497896E+00    0.220629365792671871E+10    0.326283367680257186E+06   -0.146718667778725177E+03
    0.561395137062636995E+00    0.774652289270497896E+00    0.220629365792671871E+10    0.326283367680257186E+06   -0.146718667778725177E+03
    0.514554513534778324E+00    0.753605542104462067E+00    0.222648979843224955E+10    0.321074874740401283E+06   -0.146714605585445554E+03
    0.494637149580398505E+00    0.696271105675640101E+00    0.219770981336409903E+10    0.317132204325711937E+06   -0.146698802428659178E+03
    0.547664931859349391E+00    0.706566225319305907E+00    0.218264476629726601E+10    0.311751074103283754E+06   -0.146683753369369498E+03
    0.537206107360905794E+00    0.722013359682490474E+00    0.216975614510175753E+10    0.319956223950974760E+06   -0.146663890913795626E+03
    0.537206107360905794E+00    0.722013359682490474E+00    0.216975614510175753E+10    0.319956223950974760E+06   -0.146663890913795626E+03
    0.499057829688866861E+00    0.690333142194259786E+00    0.225678027538986063E+10    0.314726471937112219E+06   -0.146655847883510944E+03
    0.499057829688866861E+00    0.690333142194259786E+00    0.225678027538986063E+10    0.314726471937112219E+06   -0.146655847883510944E+03
    0.528290186730397959E+00    0.688530987249893922E+00    0.218642258875533772E+10    0.326576846384163422E+06   -0.146651513954778466E+03
    0.528290186730397959E+00    0.688530987249893922E+00    0.218642258875533772E+10    0.326576846384163422E+06   -0.146651513954778466E+03
    0.576618190855647028E+00    0.758480352505605637E+00    0.212376490140787601E+10    0.320914705830846098E+06   -0.146646646903129522E+03
    0.562519308282062203E+00    0.747803685358461756E+00    0.217556673449636173E+10    0.306643249906511279E+06   -0.146638310497129481E+03
    0.541996890325300518E+00    0.757882967237984317E+00    0.222621607666573143E+10    0.319975646613338497E+06   -0.146634368636706483E+03
    0.541996890325300518E+00    0.757882967237984317E+00    0.222621607666573143E+10    0.319975646613338497E+06   -0.146634368636706483E+03
    0.532644826063033427E+00    0.729865604123830725E+00    0.220562786714111567E+10    0.309236523170801229E+06   -0.146623725013485057E+03
    0.532644826063033427E+00    0.729865604123830725E+00    0.220562786714111567E+10    0.309236523170801229E+06   -0.146623725013485057E+03
    0.537083371003444388E+00    0.686757188065576951E+00    0.218565658940658283E+10    0.315817965524698491E+06   -0.146619016047658192E+03
    0.512798672693635438E+00    0.727227027021455807E+00    0.222858983848328924E+10    0.312104302923606359E+06   -0.146614768273173752E+03
    0.512798672693635438E+00    0.727227027021455807E+00    0.222858983848328924E+10    0.312104302923606359E+06   -0.146614768273173752E+03
    0.519355583998559966E+00    0.721288476708470849E+00    0.224603084750445080E+10    0.314304582384218462E+06   -0.146607450807058370E+03
    0.525174537912476702E+00    0.727423922001626977E+00    0.216454083148244762E+10    0.312777198199128034E+06   -0.146598538615832069E+03
    0.540945811939152588E+00    0.700459036805638480E+00    0.217831018936734247E+10    0.315614946513030620E+06   -0.146596560278634797E+03
    0.560503340233621916E+00    0.696067922471210743E+00    0.216190885066337490E+10    0.318244247542912897E+06   -0.146578428277903356E+03
    0.567341298115753623E+00    0.729891351530928212E+00    0.216328385523522758E+10    0.318474229440022493E+06   -0.146562862960309303E+03
    0.547406088587122586E+00    0.770773010410313653E+00    0.220071356163787699E+10    0.323148790011012868E+06   -0.146559148140768343E+03
    0.554769488111103715E+00    0.684563225053902435E+00    0.215639138935798168E+10    0.311297181839816330E+06   -0.146550561804623840E+03
    0.558088484407485041E+00    0.761862894252589573E+00    0.216211928911042738E+10    0.323052904162529390E+06   -0.146548648934007986E+03
    0.572191714623107361E+00    0.746040071435075891E+00    0.215147488834867525E+10    0.320284746931868605E+06   -0.146547922181849913E+03
    0.503074962542411019E+00    0.747768195883926179E+00    0.222976701961251926E+10    0.320715513661188132E+06   -0.146541658582835339E+03
    0.492614332969145807E+00    0.711661014191463881E+00    0.219434156934595680E+10    0.320718538924804830E+06   -0.146540793605373324E+03
    0.493222387942308049E+00    0.719402909196466656E+00    0.219401321760563421E+10    0.324492615179496759E+06   -0.146532688673786197E+03
    0.540725837895665529E+00    0.708594606738613297E+00    0.218422048836109304E+10    0.324445624389069562E+06   -0.146532437911159036E+03
    0.502305936574607093E+00    0.691843570824381526E+00    0.222736938795282078E+10    0.315185640467036515E+06   -0.146528373256029340E+03
    0.515334177579782837E+00    0.686955242536173127E+00    0.216698150983535624E+10    0.326184365808627161E+06   -0.146518854417454918E+03
    0.515334177579782837E+00    0.686955242536173127E+00    0.216698150983535624E+10    0.326184365808627161E+06   -0.146518854417454918E+03
    0.497657433149097106E+00    0.719856021462231155E+00    0.220501559927281094E+10    0.328807279089486459E+06   -0.146511748790615798E+03
    0.535588897915708850E+00    0.690279336765034390E+00    0.218286974248267651E+10    0.329550556555707881E+06   -0.146510778031004264E+03
    0.576975694046935716E+00    0.755619449331376813E+00    0.213708427235873771E+10    0.327046656285604287E+06   -0.146487543342664821E+03
    0.539221367126017204E+00    0.740170747250995742E+00    0.224589659507218361E+10    0.327132414309387153E+06   -0.146479197756901613E+03
    0.539221367126017204E+00    0.740170747250995742E+00    0.224589659507218361E+10    0.327132414309387153E+06   -0.146479197756901613E+03
    0.562292276242783329E+00    0.678201783291003224E+00    0.216382989210421705E+10    0.319914048042884737E+06   -0.146473701741447371E+03
    0.562292276242783329E+00    0.678201783291003224E+00    0.216382989210421705E+10    0.319914048042884737E+06   -0.146473701741447371E+03
    0.521748136644943572E+00    0.732495259928506837E+00    0.219377154694110155E+10    0.314942230063278810E+06   -0.146455426347934605E+03
    0.551640372761980413E+00    0.724817186761861798E+00    0.220709639701888371E+10    0.310287075856688956E+06   -0.146447898549623744E+03
    0.536779607337124598E+00    0.712143673737382521E+00    0.219135908541179466E+10    0.317176538182319608E+06   -0.146425946916668522E+03
    0.529110566107035329E+00    0.726003241640276631E+00    0.224545445765173388E+10    0.313180781560517382E+06   -0.146425909853711346E+03
    0.545579878960808617E+00    0.683044450535472247E+00    0.217294213596991730E+10    0.330113897770162963E+06   -0.146425783157864998E+03
    0.521321026075563299E+00    0.710504517325611484E+00    0.219081680117587233E+10    0.318880289566948835E+06   -0.146423031392797611E+03
    0.537093745574247827E+00    0.702496307188466229E+00    0.219055798808817196E+10    0.328752322649958835E+06   -0.146414814955097427E+03
    0.562926353873622665E+00    0.749341264065858326E+00    0.217425912156651831E+10    0.325237284360623162E+06   -0.146411550487097713E+03
    0.514189662002970227E+00    0.701696477525673323E+00    0.218836148430821323E+10    0.313060893593770510E+06   -0.146409744256608121E+03
    0.528923170349166694E+00    0.721857117778490043E+00    0.221044337065097237E+10    0.330648586985336966E+06   -0.146408292853801953E+03
    0.489716705072899716E+00    0.695349209712481375E+00    0.225538935507000017E+10    0.313309165478071838E+06   -0.146398808190553609E+03
    0.530312984907821638E+00    0.723313098840632662E+00    0.219369590764528608E+10    0.316656477716192196E+06   -0.146385055183849261E+03
    0.567408988750397691E+00    0.767565008145212335E+00    0.215812466393371248E+10    0.317742998123535130E+06   -0.146372839154769451E+03
    0.512004486223990973E+00    0.719968159133253405E+00    0.220142947402774668E+10    0.323682173235993658E+06   -0.146371471434612118E+03
    0.542909827755126972E+00    0.725196253803071844E+00    0.221277406033769512E+10    0.307614068913594761E+06   -0.146365174363320364E+03
    0.557286416170927001E+00    0.729803067872254907E+00    0.216074350008279657E+10    0.319299239655600628E+06   -0.146364890287154253E+03
    0.565954172206743378E+00    0.744660817176169942E+00    0.215831646136495256E+10    0.322143792473378591E+06   -0.146359411834021586E+03
    0.574031806634601627E+00    0.744820406524632439E+00    0.213917718392160392E+10    0.321018754879065906E+06   -0.146352121438214510E+03
    0.523394326200381621E+00    0.737756006622051430E+00    0.220787545248145723E+10    0.313625371792719292E+06   -0.146349623881540253E+03
    0.527462216558995500E+00    0.721193281966944433E+00    0.221993193568394232E+10    0.307977649611215515E+06   -0.146347779788194401E+03
    0.533094071048428209E+00    0.695695648601712069E+00    0.218999299576231003E+10    0.323621496426244790E+06   -0.146342647553975894E+03
    0.553493883663733199E+00    0.691534385465879975E+00    0.219402899984386778E+10    0.326819200091916951E+06   -0.146335803201924051E+03
    0.562896718351314163E+00    0.744304776414824065E+00    0.216212817185911989E+10    0.320679858235361404E+06   -0.146330053010300617E+03
    0.574268516074673219E+00    0.727254788739239100E+00    0.217424820496031857E+10    0.318291326326175884E+06   -0.146323477992272444E+03
    0.545697567698574471E+00    0.720078415552991569E+00    0.216083855386331749E+10    0.317421410336040659E+06   -0.146318212589607839E+03
    0.565799225956274188E+00    0.771788181586290367E+00    0.218510432946651554E+10    0.318606302925930242E+06   -0.146295140300579988E+03
    0.579361724557375224E+00    0.754087645126083395E+00    0.216153894131335592E+10    0.321128610421244637E+06   -0.146287241361695692E+03
    0.550700361867794475E+00    0.742275220357934362E+00    0.218968182654518652E+10    0.311543624279206502E+06   -0.146287056507253055E+03
    0.530027890843282279E+00    0.739592874250902810E+00    0.218320494946612072E+10    0.313127273696681950E+06   -0.146286984923614597E+03
    0.498052421625978403E+00    0.744559716461322019E+00    0.225286938529037142E+10    0.322182911479125672E+06   -0.146284989065340369E+03
    0.525656034362829150E+00    0.698368364387015994E+00    0.217772535097691727E+10    0.323036925257327908E+06   -0.146282671357955820E+03
    0.515064650367461074E+00    0.704462450246019056E+00    0.222969680279631042E+10    0.315615524602068996E+06   -0.146282004649711723E+03
    0.546727864377746009E+00    0.720373224382146127E+00    0.213626024949618649E+10    0.317031010206717707E+06   -0.146278056582889292E+03
    0.507458998239357140E+00    0.700712501370536867E+00    0.220732680616685915E+10    0.315860716510854021E+06   -0.146276504632594566E+03
    0.525779973384453148E+00    0.720080532794759254E+00    0.215814339647503424E+10    0.314421507952038257E+06   -0.146270464289512063E+03
    0.559147285100566771E+00    0.682315570737804133E+00    0.216483463836498165E+10    0.328445910174438439E+06   -0.146268316683882659E+03
    0.533804882762448307E+00    0.735793293956209737E+00    0.225239587863749027E+10    0.310194934412224044E+06   -0.146261012277160887E+03
    0.544315189123591336E+00    0.723494735150647106E+00    0.219967093927544308E+10    0.311240213820630568E+06   -0.146259225327712841E+03
    0.512048862934987525E+00    0.705391223757839469E+00    0.217850599694364977E+10    0.325256862511463987E+06   -0.146252578449468729E+03
    0.540814984518027786E+00    0.711985785294418250E+00    0.217008443685733128E+10    0.312955690676542348E+06   -0.146242674610441270E+03
    0.555182332765449926E+00    0.733364875250320569E+00    0.221399014405779839E+10    0.309760151731759077E+06   -0.146240429829328576E+03
    0.520799780209024510E+00    0.730089860154437886E+00    0.219497217661562777E+10    0.316687772851793910E+06   -0.146232479834992859E+03
    0.510927497579563128E+00    0.731868738728530310E+00    0.219591920401372766E+10    0.315046548904934083E+06   -0.146231424478340159E+03
    0.555565965077682522E+00    0.734682595128012039E+00    0.218939983036708689E+10    0.319301647028827516E+06   -0.146211361344676391E+03
    0.527050876547719649E+00    0.709700643381825369E+00    0.219652516439486551E+10    0.312645496631684888E+06   -0.146208265516287156E+03
    0.573042638647613178E+00    0.731452887406804475E+00    0.215231549946489000E+10    0.315120439814183395E+06   -0.146207431273261591E+03
    0.507705423478256312E+00    0.716741202529945554E+00    0.217843698787103844E+10    0.325299626774691045E+06   -0.146200732358461295E+03
    0.545084761131816253E+00    0.785447060088101612E+00    0.218919145298438692E+10    0.319982617443072842E+06   -0.146199569917180270E+03
    0.533742273695177238E+00    0.758012804286765096E+00    0.221803467453773785E+10    0.318839033420692431E+06   -0.146199074767471018E+03
    0.506590726398995606E+00    0.735897441660770202E+00    0.221241356426668119E+10    0.316644652596085565E+06   -0.146199003862581918E+03
    0.552583206138112959E+00    0.746724986775698429E+00    0.218395704637153482E+10    0.320227180268625380E+06   -0.146198625474251173E+03
    0.557632877404436678E+00    0.758668073470329496E+00    0.216281430531651926E+10    0.324336632332283247E+06   -0.146187009555343309E+03
    0.547495395006862728E+00    0.742366305474883692E+00    0.221163543099519253E+10    0.322786730157004960E+06   -0.146186479259816565E+03
    0.567070066518692628E+00    0.705891788900490535E+00    0.218116049490826511E+10    0.321435541590113309E+06   -0.146185539666631286E+03
    0.545010116884786511E+00    0.732496437384348109E+00    0.214042904071727610E+10    0.316290006347918301E+06   -0.146182121640638513E+03
    0.560264265145015927E+00    0.703150622225702460E+00    0.219047972052576780E+10    0.319043429732294811E+06   -0.146180958766898129E+03
    0.539377598559403593E+00    0.705073251691905156E+00    0.216787695307409668E+10    0.314176500238243199E+06   -0.146176907067157856E+03
    0.525550390261865674E+00    0.727532170166235392E+00    0.220492410409801292E+10    0.308333804757924518E+06   -0.146169627078337044E+03
    0.564387185823030268E+00    0.772975996548445732E+00    0.217220471451848507E+10    0.320722931076985202E+06   -0.146164942756413495E+03
    0.555232318074614928E+00    0.730899422366634965E+00    0.218669288039265299E+10    0.326311721651261440E+06   -0.146156702394733145E+03
    0.555571885513103769E+00    0.735736091667370307E+00    0.215252238440999937E+10    0.319022061842431489E+06   -0.146155485978337197E+03
    0.537379318149291518E+00    0.722192734680636494E+00    0.216247060522686052E+10    0.313303188564260781E+06   -0.146152054648330079E+03
    0.516457874660513516E+00    0.684670833165093029E+00    0.219893525400252581E+10    0.314753689782025991E+06   -0.146150995886017569E+03
    0.566920783485952762E+00    0.768960423271487503E+00    0.216388572188766479E+10    0.317582444756256300E+06   -0.146150130004230192E+03
    0.555420165032713742E+00    0.716961639055624378E+00    0.216981451136288214E+10    0.324616772736742161E+06   -0.146137718024654475E+03
    0.549482156181802073E+00    0.716311599078985672E+00    0.218650047753251886E+10    0.313562233012406155E+06   -0.146135868831718255E+03
    0.576736310415047360E+00    0.728633490861934519E+00    0.218747993893802452E+10    0.320695796054854232E+06   -0.146128203204179329E+03
    0.533088397317292073E+00    0.724787981523296487E+00    0.220220938712366438E+10    0.327703407312371884E+06   -0.146125778882892064E+03
    0.577160851526136942E+00    0.734516621687995475E+00    0.216743605586030960E+10    0.321134790312890138E+06   -0.146124590650533776E+03
    0.559352596578292061E+00    0.725951937002073056E+00    0.216683270283941936E+10    0.319768221856863471E+06   -0.146115059626028398E+03
    0.568305008720717653E+00    0.680092220858282914E+00    0.214606239022132587E+10    0.317780911961246980E+06   -0.146112967373988397E+03
    0.539913695465211285E+00    0.731447556181600067E+00    0.216740578199764347E+10    0.312605776185429480E+06   -0.146097486928193803E+03
    0.578143409591318047E+00    0.743796740206051243E+00    0.214486400973789930E+10    0.327445922708692844E+06   -0.146093424370368126E+03
    0.559199500685495066E+00    0.724652578938210112E+00    0.216198617201297951E+10    0.316678662269134715E+06   -0.146081737526451093E+03
    0.566422801503302265E+00    0.749010865474803555E+00    0.215717121081991005E+10    0.324551691314342257E+06   -0.146068835503916659E+03
    0.570436918458150255E+00    0.704824848219786304E+00    0.214524127091423917E+10    0.312376772705808165E+06   -0.146060581135221753E+03
    0.566721451381562269E+00    0.726443301183997914E+00    0.215718476070576525E+10    0.309822286809329409E+06   -0.146036086142928042E+03
    0.549193350911212241E+00    0.726265091901039828E+00    0.214139260828315234E+10    0.316933649252052594E+06   -0.146029134386775667E+03
    0.569607142766102581E+00    0.719758450423053198E+00    0.216979793982688618E+10    0.307862377155216062E+06   -0.146027394441216643E+03
    0.560668263907063813E+00    0.713893448518774676E+00    0.218601903410390568E+10    0.315342147965215729E+06   -0.146019208766198233E+03
    0.544376161058135466E+00    0.702694878208771634E+00    0.220233302462601233E+10    0.314320608225252887E+06   -0.146018213820950308E+03
    0.545589120043527553E+00    0.731091128726483852E+00    0.218487891788198090E+10    0.315665605218654615E+06   -0.146016858617134858E+03
    0.573460852486225692E+00    0.717036894909914402E+00    0.216747208332458401E+10    0.314858979275741323E+06   -0.145979473857845505E+03
    0.535346789777268239E+00    0.720919543424984877E+00    0.215300895476096058E+10    0.325369999180967279E+06   -0.145975718034167329E+03
    0.555251167489551278E+00    0.730648599602717219E+00    0.216519382206829548E+10    0.316828681809528964E+06   -0.145975615530526312E+03
    0.516362274710816527E+00    0.700955249859966933E+00    0.218686954555559015E+10    0.318151976638538123E+06   -0.145959513020907536E+03
    0.547416981421663285E+00    0.723861923997715984E+00    0.218891294828729868E+10    0.322800683377335081E+06   -0.145955990840611094E+03
    0.570898465728278182E+00    0.735240015652659284E+00    0.218169632808270264E+10    0.317748669165345025E+06   -0.145943112842780977E+03
    0.537663622248762296E+00    0.710275371975628289E+00    0.220004162576127100E+10    0.324310939034339506E+06   -0.145942907009836716E+03
    0.555925152870049510E+00    0.718216519148193289E+00    0.218720571076995754E+10    0.320594730047109362E+06   -0.145936265149085017E+03
    0.505440850956901500E+00    0.688664715062745181E+00    0.223566122111457205E+10    0.317256201395850570E+06   -0.145930705839410962E+03
    0.525998828539970931E+00    0.714360312642289497E+00    0.221210082114283419E+10    0.309694664272186812E+06   -0.145927137153025853E+03
    0.553916894600564813E+00    0.742965059137515205E+00    0.217763317164137602E+10    0.322202766680233937E+06   -0.145926893948606903E+03
    0.516523843434031016E+00    0.706953257836445914E+00    0.219679529755414009E+10    0.324966040131772810E+06   -0.145925838146912611E+03
    0.518176067886257030E+00    0.709727993976668969E+00    0.219206423070457363E+10    0.325395881260850176E+06   -0.145918314873601446E+03
    0.560834954248257800E+00    0.739152831115749365E+00    0.219340182525554657E+10    0.322300952516918827E+06   -0.145907061200447856E+03
    0.516935011836848868E+00    0.713733483098942578E+00    0.220796448446638441E+10    0.327520849749901798E+06   -0.145898218395765468E+03
    0.516892268135862532E+00    0.714962495494911643E+00    0.217741252074520397E+10    0.318943318670133420E+06   -0.145887310253471924E+03
    0.561756751813249688E+00    0.727282017275841852E+00    0.215590315382791710E+10    0.317052071898445429E+06   -0.145886757807576259E+03
    0.564222728154427311E+00    0.729689753284672005E+00    0.216159159737931252E+10    0.317046890483596304E+06   -0.145880888208260103E+03
    0.554349852491030082E+00    0.705779439397332009E+00    0.219327862537926149E+10    0.312786621656851436E+06   -0.145879473127454162E+03
    0.554455363522556977E+00    0.713280450888767348E+00    0.220157459829506254E+10    0.313206706192017067E+06   -0.145874469468023420E+03
    0.561586820638817930E+00    0.714291758557831002E+00    0.219762182093756294E+10    0.313821388495676278E+06   -0.145868934651566065E+03
    0.561679847250134423E+00    0.736616887284710753E+00    0.216759746411568785E+10    0.317075261933249072E+06   -0.145340073713293179E+03
    0.571258659356898901E+00    0.726275972352754540E+00    0.216225229628086710E+10    0.318829902557177702E+06   -0.145842851316189069E+03
    0.551537442967343639E+00    0.732454669323635343E+00    0.217959033262253952E+10    0.319712967094197520E+06   -0.145346261731108484E+03
    0.548078693233952752E+00    0.727499857935763217E+00    0.217203459886832094E+10    0.316480970769294247E+06   -0.145357912798656287E+03
    0.560192406837801804E+00    0.724677643290743578E+00    0.217190538457185221E+10    0.317514006481034274E+06   -0.145717249976356470E+03
    0.555242466141332325E+00    0.724047066485205004E+00    0.217893260968176222E+10    0.315966428085156891E+06   -0.145131663344447560E+03
    0.544566301097737182E+00    0.722422684934777237E+00    0.217326987754360819E+10    0.315685082677925122E+06   -0.145666837172493899E+03
    0.559084326397344400E+00    0.732069919216569165E+00    0.219664120828534174E+10    0.318094364676274708E+06   -0.145594289884107980E+03
    0.559107764992283984E+00    0.727371644402983186E+00    0.218098199271005249E+10    0.317968214606285444E+06   -0.145592478655048836E+03
    0.547847417783917434E+00    0.703963807989283374E+00    0.217311050026477671E+10    0.315019155511147517E+06   -0.145500751672992521E+03
    0.565277389822023579E+00    0.708583363689005985E+00    0.216994281025314617E+10    0.315158132199156098E+06   -0.145202330351128296E+03
    0.565277389822023579E+00    0.708583363689005985E+00    0.216994281025314617E+10    0.315158132199156098E+06   -0.145202330351128296E+03
    0.548199243072952758E+00    0.740309640142751579E+00    0.219310146638336134E+10    0.318307488281687954E+06   -0.145425460165039908E+03
    0.540505515775202117E+00    0.756919457196126633E+00    0.217670205708978844E+10    0.313574844529378286E+06   -0.145824111261622022E+03
    0.558343564770078515E+00    0.721349417319819164E+00    0.218907178524013281E+10    0.319819481548732263E+06   -0.144896829146978973E+03
    0.554114608015752519E+00    0.718477010109241920E+00    0.218888218893662357E+10    0.320043192042691866E+06   -0.145212618583167853E+03
    0.551361046418906153E+00    0.713491681142674583E+00    0.220182056447149754E+10    0.320051145787486807E+06   -0.145080703596818921E+03
    0.556092229285844231E+00    0.720539751002416740E+00    0.219171449690916920E+10    0.319275463793818606E+06   -0.145591859723272705E+03
    0.554251781214583961E+00    0.728459245000051769E+00    0.218605923466402960E+10    0.326162383777011652E+06   -0.145764736361462099E+03
    0.553460304948480530E+00    0.725230146526196773E+00    0.220135294546645689E+10    0.319599536587752635E+06   -0.145060731742514690E+03
    0.553460304948480530E+00    0.725230146526196773E+00    0.220135294546645689E+10    0.319599536587752635E+06   -0.145060731742514690E+03
    0.545646717128419945E+00    0.704450697122892766E+00    0.219118495563124943E+10    0.311664917379855760E+06   -0.145149231550909860E+03
    0.546373061666529769E+00    0.706426915886617213E+00    0.220083468578120852E+10    0.310354128251762304E+06   -0.145761100126503749E+03
    0.554015581395936541E+00    0.705715757725472681E+00    0.218112637885259676E+10    0.311387033045284858E+06   -0.145719751379095413E+03
    0.549540827538208876E+00    0.699715934119894634E+00    0.218607691517057800E+10    0.311792882196864753E+06   -0.145285616592835765E+03
    0.555646095568749443E+00    0.722492581103391540E+00    0.219188370103145933E+10    0.311891390372155700E+06   -0.145703980578364565E+03
    0.543568062429462762E+00    0.719637669094637555E+00    0.218583307653563452E+10    0.312118935750095523E+06   -0.145484526846289356E+03
    0.551218062032451939E+00    0.690033534576484531E+00    0.219926626822744513E+10    0.312090138328043395E+06   -0.145160494248576867E+03
    0.543327557059756994E+00    0.725692454227728767E+00    0.217486725817202139E+10    0.312010390897038626E+06   -0.145469759666193454E+03
    0.557216321422113858E+00    0.701250299028495672E+00    0.218686328530002117E+10    0.322600587970236375E+06   -0.145149086738324399E+03
    0.547368712967210569E+00    0.701837707280983381E+00    0.216470805176452112E+10    0.327054478606633609E+06   -0.145711784058331006E+03
    0.549509086602909758E+00    0.709642122187944313E+00    0.217484837958706665E+10    0.327173917350452859E+06   -0.145481817185302560E+03
    0.550618664064323138E+00    0.715395982692349719E+00    0.218742623960151529E+10    0.325610009464881499E+06   -0.145417379001127586E+03
    0.566744001549039700E+00    0.684199371718907212E+00    0.215915932193092203E+10    0.317572775208844687E+06   -0.145827695328018024E+03
    0.565686446269443310E+00    0.680870583738790724E+00    0.216200225419638538E+10    0.318156877944560954E+06   -0.145355181119620937E+03
    0.557014836415828163E+00    0.701083718657198762E+00    0.216360179206801081E+10    0.319414699154459406E+06   -0.145460257158976106E+03
    0.561684033974518493E+00    0.710351339257237591E+00    0.216684503776266623E+10    0.326891565230619861E+06   -0.145574672564548962E+03
    0.558872804250930777E+00    0.704033563436208709E+00    0.215701810080654240E+10    0.326332026822238811E+06   -0.145510263764654866E+03
    0.544703313303536718E+00    0.694987143590324319E+00    0.218878284206275988E+10    0.326851683895910683E+06   -0.145363392709517314E+03
    0.512271197981426840E+00    0.692702200799730772E+00    0.217730875522227335E+10    0.326186620027013938E+06   -0.145617659138452410E+03
    0.576963262844676250E+00    0.715621495873994817E+00    0.217539445740042210E+10    0.319790402912930236E+06   -0.145555939568524423E+03
    0.562928743234031748E+00    0.724822837834881550E+00    0.219457439737339640E+10    0.319205862002467678E+06   -0.145861983794336822E+03
    0.531296232014195402E+00    0.709745841732193572E+00    0.219894879675335550E+10    0.323628344291938818E+06   -0.145511039069032535E+03
    0.523199508980948469E+00    0.711125550556384489E+00    0.218910921854877806E+10    0.325198266948612523E+06   -0.145733724866233189E+03
    0.524827351747587434E+00    0.710100397187532817E+00    0.220086356154788828E+10    0.324366982252257934E+06   -0.145711382131630330E+03
    0.564516360078595736E+00    0.714954744291468991E+00    0.218419211899180269E+10    0.321224843300473585E+06   -0.145616209162649994E+03
    0.570297159904248563E+00    0.728771954463895533E+00    0.218624544067593956E+10    0.321008026853974035E+06   -0.145387085593270541E+03
    0.530003007266515058E+00    0.725959372926242796E+00    0.220924622409713602E+10    0.314677111584322120E+06   -0.145134709164653515E+03
    0.507054503769582943E+00    0.696055264271244756E+00    0.223055585430245399E+10    0.316030469334009569E+06   -0.145603341155747501E+03
    0.512817999540501446E+00    0.693483474158364643E+00    0.220315508717570782E+10    0.318108654790480854E+06   -0.145289130085647258E+03
    0.525168234579994064E+00    0.695996259724580124E+00    0.219865387776807690E+10    0.318058724253050110E+06   -0.144757416919420763E+03
    0.525168234579994064E+00    0.695996259724580124E+00    0.219865387776807690E+10    0.318058724253050110E+06   -0.144757416919420763E+03
    0.499632350680386972E+00    0.697340138005841048E+00    0.219497614353967953E+10    0.320261561085260299E+06   -0.145421168740088774E+03
    0.529240934153499265E+00    0.696493761949830148E+00    0.220334615535503817E+10    0.317454069588192506E+06   -0.145380487206126816E+03
    0.529240934153499265E+00    0.696493761949830148E+00    0.220334615535503817E+10    0.317454069588192506E+06   -0.145380487206126816E+03
    0.525741197032800534E+00    0.725843930026420114E+00    0.220244447728816652E+10    0.315981672020410129E+06   -0.145492632319070822E+03
    0.540869675043053166E+00    0.713324444797740043E+00    0.219029997944343758E+10    0.316607449111547321E+06   -0.144797192094864528E+03
    0.540869675043053166E+00    0.713324444797740043E+00    0.219029997944343758E+10    0.316607449111547321E+06   -0.144797192094864528E+03
    0.530764783750718561E+00    0.739352201978232149E+00    0.222064629551020718E+10    0.312950610746315622E+06   -0.145363350046426490E+03
    0.527019970304251073E+00    0.730264645507481269E+00    0.226961461579558706E+10    0.312194104085425322E+06   -0.145838074548379723E+03
    0.535424511387533553E+00    0.737699854606975514E+00    0.222081323069886160E+10    0.318036953611850273E+06   -0.145823389470937627E+03
    0.525490488738770689E+00    0.720780973765001054E+00    0.222309240036529207E+10    0.310570103621961374E+06   -0.145359840213167928E+03
    0.530842014111287508E+00    0.710586139021859520E+00    0.221846456951269150E+10    0.309912949902285822E+06   -0.144964464253576040E+03
    0.530842014111287508E+00    0.710586139021859520E+00    0.221846456951269150E+10    0.309912949902285822E+06   -0.144964464253576040E+03
    0.540545395958688446E+00    0.703796513082406427E+00    0.220748614984151602E+10    0.312742293872784940E+06   -0.145677623712310890E+03
    0.538958901694144288E+00    0.690081649728186086E+00    0.219422647751966953E+10    0.311616124632346502E+06   -0.145494106892016134E+03
    0.539617648171603070E+00    0.708414057806304509E+00    0.218904000521832228E+10    0.314163975297440134E+06   -0.145145039131058184E+03
    0.533700861454465492E+00    0.695570195903126631E+00    0.219511834925693464E+10    0.313661502815788030E+06   -0.145510936155727251E+03
    0.541129158887664885E+00    0.699610601991854431E+00    0.220336523070066786E+10    0.312978651167273696E+06   -0.144917809773466843E+03
    0.541129158887664885E+00    0.699610601991854431E+00    0.220336523070066786E+10    0.312978651167273696E+06   -0.144917809773466843E+03
    0.542991747576912709E+00    0.751911093154844057E+00    0.222905764094937229E+10    0.322252987887848401E+06   -0.145808913559635101E+03
    0.543720608420357188E+00    0.747013012844521818E+00    0.220277068307757807E+10    0.322255763291509182E+06   -0.145437957220109809E+03
    0.537041848524524079E+00    0.759489772306912059E+00    0.222297647283160496E+10    0.320125595811105915E+06   -0.145865959754851417E+03
    0.508165270128072888E+00    0.736859509103646282E+00    0.220851339107369137E+10    0.317710623088341439E+06   -0.145553509610574423E+03
    0.524846789472605213E+00    0.740266253004430386E+00    0.221414956352749920E+10    0.320045712530411198E+06   -0.145524853520690385E+03
    0.535070294113804357E+00    0.708988828442616015E+00    0.217982971039880276E+10    0.316208034247683769E+06   -0.145707069648199450E+03
    0.523276107889964148E+00    0.719960597786046819E+00    0.217233324793167877E+10    0.314569712717173912E+06   -0.145400081959056934E+03
    0.515860396824923462E+00    0.727506111955762869E+00    0.217877518622682285E+10    0.316588669888031785E+06   -0.145392528589349837E+03
    0.518970213943722336E+00    0.719947308443381395E+00    0.218282175995830536E+10    0.317737101127278351E+06   -0.145635241196607666E+03
    0.530760000458922798E+00    0.712049728595156584E+00    0.217798274814262724E+10    0.322202051399873162E+06   -0.145214806473183756E+03
    0.530770868514915506E+00    0.721300584694710700E+00    0.218833451774576426E+10    0.320363026971763407E+06   -0.145772495182004945E+03
    0.528672614119248818E+00    0.696143186212692111E+00    0.217064032047203732E+10    0.318434930087721907E+06   -0.145496868332896668E+03
    0.521638480420299144E+00    0.696515210921544448E+00    0.218515108295737123E+10    0.321318280318887846E+06   -0.145341093473440736E+03
    0.514829011636429912E+00    0.707250821107197059E+00    0.217931365948760033E+10    0.318599115680319839E+06   -0.145280265549265209E+03
    0.517299485868047415E+00    0.712740837399001848E+00    0.218703014413740015E+10    0.322453559404626838E+06   -0.145640239692509311E+03
    0.516960362645496385E+00    0.710023768543105671E+00    0.219273528960887575E+10    0.321698828585325158E+06   -0.145511861494958907E+03
    0.516368047125858820E+00    0.720337521539063275E+00    0.220205517712690592E+10    0.322557913983829087E+06   -0.145656275948809594E+03
