    0.403908683030802407E+00    0.667502298764588442E+00    0.138505173717961788E+10    0.197594999872524873E+06   -0.172550321520011892E+03
    0.391704474341068920E+00    0.607617965864880816E+00    0.140329625014125395E+10    0.208871485287224408E+06   -0.171976531560601330E+03
    0.358010048585796659E+00    0.584150154043166392E+00    0.145465366121701384E+10    0.185518944535554911E+06   -0.171632797136739185E+03
    0.327167975382209042E+00    0.664013833334169856E+00    0.146913008784552598E+10    0.203848218375405530E+06   -0.171585982369035264E+03
    0.399296171949107825E+00    0.627645362918571426E+00    0.143728164319703102E+10    0.180580714113346010E+06   -0.171166607727168184E+03
    0.325553954005112056E+00    0.654759180109844241E+00    0.147358137708323073E+10    0.187454907926785381E+06   -0.171028535138405061E+03
    0.363592580107444385E+00    0.629129659963446386E+00    0.142150527716661119E+10    0.179063071798724239E+06   -0.170980113148638736E+03
    0.346447739540952149E+00    0.649385051227880261E+00    0.144307836438644457E+10    0.182432344715619169E+06   -0.170668281646359560E+03
    0.396050434778264349E+00    0.602135266852959816E+00    0.139151154803258252E+10    0.193297882428843062E+06   -0.170594330086380324E+03
    0.356906548188663186E+00    0.636040814837982360E+00    0.144074775758343768E+10    0.208274064522200642E+06   -0.170551853083937175E+03
    0.386115571198942797E+00    0.625162582372761122E+00    0.143736277497577143E+10    0.184002951027118310E+06   -0.170482635827838493E+03
    0.365448542925921327E+00    0.663490832456723911E+00    0.139615381722861362E+10    0.209712800461008534E+06   -0.170354188838453126E+03
    0.386176326470488829E+00    0.632877100776978008E+00    0.141684170744369650E+10    0.201854282269135147E+06   -0.170285410012615586E+03
    0.391771869754562685E+00    0.606443631134927941E+00    0.140778040492343473E+10    0.187361739676410099E+06   -0.170158155953736525E+03
    0.314977912260651971E+00    0.599727933260737700E+00    0.146291811863451505E+10    0.205482417884873517E+06   -0.170087516290805468E+03
    0.395082205153439392E+00    0.613562750926890388E+00    0.144183147871704745E+10    0.192584886907833832E+06   -0.170046748481045569E+03
    0.392121027903977348E+00    0.652477256404752293E+00    0.142847899960164571E+10    0.196696403724138159E+06   -0.170008599277836424E+03
    0.401607524130943694E+00    0.669963959241326457E+00    0.142939131108782744E+10    0.194835649958472000E+06   -0.169731314730823499E+03
    0.355158957718255675E+00    0.621782669259050458E+00    0.145572771949880838E+10    0.191764006108191825E+06   -0.169682557251437999E+03
    0.397357289218063181E+00    0.606308428994669857E+00    0.137107726263086915E+10    0.183474680213847401E+06   -0.169663302479189923E+03
    0.373492454228833481E+00    0.656773946041660839E+00    0.144091925038276625E+10    0.196712797852011368E+06   -0.169603861670736222E+03
    0.364898566331443019E+00    0.661427631690996165E+00    0.142762856430467415E+10    0.190601226920299407E+06   -0.169471741855516569E+03
    0.415755299685171276E+00    0.604950634691536315E+00    0.140351938657274222E+10    0.183260985672805458E+06   -0.169410765438806209E+03
    0.405581826990018046E+00    0.635928219844525078E+00    0.139972026278947139E+10    0.188223554506168002E+06   -0.169354856103188638E+03
    0.370723065867129165E+00    0.633188767244334816E+00    0.143403732063048840E+10    0.198433257570486487E+06   -0.169333863764957357E+03
    0.356093398090267244E+00    0.665264091814364189E+00    0.145960873007152796E+10    0.193912175176119112E+06   -0.169270716125452907E+03
    0.413916211811985291E+00    0.659806810699439250E+00    0.139291455677327347E+10    0.192817735792060383E+06   -0.169263526557830573E+03
    0.376219779347297556E+00    0.662554172087523874E+00    0.146282138950193238E+10    0.196575502493850945E+06   -0.169246175335336716E+03
    0.407560523384658202E+00    0.600913344043164432E+00    0.139285488064578867E+10    0.185664810387708159E+06   -0.169104421005113664E+03
    0.382445041129757246E+00    0.660393277398994005E+00    0.140955284500554347E+10    0.197085122056406079E+06   -0.169062412626611774E+03
    0.411594519639664369E+00    0.596086333765242671E+00    0.141217514043137074E+10    0.188847618399510189E+06   -0.169019909755132801E+03
    0.347755076119674378E+00    0.684752478293042532E+00    0.145350267744455051E+10    0.206136949435456452E+06   -0.168953581099679383E+03
    0.386118947085083541E+00    0.627880419283596947E+00    0.142411344340807629E+10    0.178075103095619852E+06   -0.168912157961827006E+03
    0.370884103222773986E+00    0.670739583332431000E+00    0.146898217261384273E+10    0.192972999907283462E+06   -0.168896367714343171E+03
    0.406029733467496989E+00    0.643140349968895908E+00    0.139370533912531757E+10    0.184915556645921693E+06   -0.168872545742707075E+03
    0.377921843224629073E+00    0.648079588240506155E+00    0.147147614181306386E+10    0.189740785486236593E+06   -0.168857838379618414E+03
    0.365578608789786597E+00    0.666274195966666927E+00    0.143846066421932483E+10    0.188018706503998052E+06   -0.168841071855254540E+03
    0.372956000280267652E+00    0.639920985463861225E+00    0.144484848920740318E+10    0.185402245260646188E+06   -0.168818048565920378E+03
    0.354364177755189080E+00    0.696850784631312781E+00    0.144464128089914465E+10    0.184875707947115705E+06   -0.168810898111973700E+03
    0.325943885544242251E+00    0.645995954387995841E+00    0.147613194625624418E+10    0.189860834882785886E+06   -0.168761042597982566E+03
    0.376055416722899216E+00    0.678227594257075239E+00    0.145177584412695789E+10    0.190506530920468300E+06   -0.168642448624421149E+03
    0.392768375364480782E+00    0.609306751224375720E+00    0.139451948850137305E+10    0.188921237614948943E+06   -0.168627411818590673E+03
    0.379026873331455461E+00    0.650037421843843610E+00    0.142365517946282721E+10    0.194415452334193658E+06   -0.168617413938767413E+03
    0.379641696418057395E+00    0.622025320130429549E+00    0.140354046891553903E+10    0.196190605568969651E+06   -0.168599290659615065E+03
    0.392914501148655726E+00    0.670139376935522613E+00    0.139464886521866703E+10    0.205056533668026881E+06   -0.168586941836242289E+03
    0.372129366529491690E+00    0.667297910002480954E+00    0.142746438938025236E+10    0.191894917601438268E+06   -0.168573880791918555E+03
    0.380708056845182052E+00    0.630980555677515209E+00    0.137747499121481991E+10    0.205101756947936607E+06   -0.168558085507466274E+03
    0.373536836357930280E+00    0.637497154401096111E+00    0.144665827626246047E+10    0.197071284118877782E+06   -0.168527990663791059E+03
    0.381568879410508210E+00    0.661306134217105157E+00    0.140464257798963499E+10    0.187576831260596315E+06   -0.168515148106311358E+03
    0.389304906611258106E+00    0.617018580165372477E+00    0.139792090646026587E+10    0.185481503693963547E+06   -0.168501528075957197E+03
    0.391397653763359055E+00    0.655326017461453247E+00    0.138454162294547582E+10    0.191714362498947070E+06   -0.168486145049010105E+03
    0.363621683838852294E+00    0.644814380696091316E+00    0.142608715252767086E+10    0.184752199926114990E+06   -0.168475223027204152E+03
    0.372113952901042433E+00    0.656486504788539982E+00    0.139197038095180392E+10    0.194393573002653924E+06   -0.168473222406945553E+03
    0.402411995512635290E+00    0.605382750709888562E+00    0.138479130612953305E+10    0.207602963603985874E+06   -0.168470127847304099E+03
    0.374127368236757907E+00    0.638794788926202894E+00    0.144958879556870770E+10    0.192713037980955356E+06   -0.168467943942710406E+03
    0.417874777691703725E+00    0.619095078703048252E+00    0.142496757714275289E+10    0.191427233160575153E+06   -0.168462403620912823E+03
    0.368033577110733257E+00    0.635100200122373781E+00    0.145068062992001820E+10    0.184440110580695036E+06   -0.168461382209224894E+03
    0.377084724672514915E+00    0.628416833855821810E+00    0.145365819429533648E+10    0.189268029224012629E+06   -0.168459872632645727E+03
    0.396108200524188436E+00    0.659883455525558826E+00    0.137937713182149291E+10    0.196819341094893258E+06   -0.168456513083575516E+03
    0.369118962765000891E+00    0.582632991125836774E+00    0.141466849362968159E+10    0.183849015859440231E+06   -0.168449344208219799E+03
    0.352762008532309990E+00    0.662780997783317449E+00    0.142003218493240333E+10    0.187965774454484694E+06   -0.168436300770170391E+03
    0.376859874902442771E+00    0.639898293250137584E+00    0.139171057728743529E+10    0.203987600824754423E+06   -0.168413333183252917E+03
    0.362038140889631377E+00    0.621303495229265312E+00    0.141515338355484819E+10    0.194044157598522695E+06   -0.168309985343460767E+03
    0.367745903360939486E+00    0.676829548862123875E+00    0.143534794302837205E+10    0.201060728324553784E+06   -0.168295792653139642E+03
    0.376472769713900479E+00    0.670287451225949127E+00    0.142285080700556707E+10    0.208229140227212250E+06   -0.168255007223732832E+03
    0.365808758259807132E+00    0.673587264522593099E+00    0.147791917013869333E+10    0.191091377721850644E+06   -0.168252028468808987E+03
    0.338096376421547551E+00    0.656089306225608127E+00    0.141865824790320015E+10    0.185097503125637566E+06   -0.168219030385932200E+03
    0.364250686470650786E+00    0.591030312135567559E+00    0.141881441095272303E+10    0.202238296005389944E+06   -0.168174853392573141E+03
    0.396300683253767161E+00    0.653821679066245665E+00    0.142595408264247537E+10    0.192110343470992288E+06   -0.168110613844024300E+03
    0.371976603244679294E+00    0.640586026405730813E+00    0.141967690182482028E+10    0.190080618883135874E+06   -0.168108763740598761E+03
    0.368675681749927819E+00    0.682596152014549151E+00    0.143604833072220087E+10    0.188610113244178821E+06   -0.168047988740512096E+03
    0.353210065980236798E+00    0.657826121710632261E+00    0.145374551531152606E+10    0.194960769005539536E+06   -0.168046188392596150E+03
    0.351303778659892096E+00    0.656420504948382000E+00    0.145844993765093446E+10    0.198152937698764319E+06   -0.168021371983533925E+03
    0.322330100409470355E+00    0.658158429428344238E+00    0.153608126172335529E+10    0.179609511990140891E+06   -0.168019274127990798E+03
    0.366296583868760683E+00    0.641925089626592893E+00    0.142901862619705606E+10    0.191594539068842918E+06   -0.168018331480226095E+03
    0.375063696205904129E+00    0.631406145490491788E+00    0.143675412836532259E+10    0.198849134743853007E+06   -0.167991137825230680E+03
    0.322282993406184604E+00    0.646272266994946776E+00    0.145704465438194442E+10    0.192165175313115236E+06   -0.167983117858728320E+03
    0.383210461173330408E+00    0.631967942748080880E+00    0.135967963417621350E+10    0.194162061726527259E+06   -0.167971175093660037E+03
    0.362079196461864983E+00    0.666608450571604116E+00    0.145294866374724650E+10    0.203427771952022274E+06   -0.167971150907520666E+03
    0.376364105312133934E+00    0.685940061553320213E+00    0.137650142711795688E+10    0.191073225583281863E+06   -0.167939283931208308E+03
    0.360943563673796819E+00    0.670800835831211639E+00    0.142853525104888201E+10    0.192114952231043979E+06   -0.167938964775800741E+03
    0.379366089898897640E+00    0.651586314481496842E+00    0.144030316103156900E+10    0.180147669528696570E+06   -0.167931056608564262E+03
    0.354393237286758034E+00    0.670085329331808310E+00    0.144299825561829758E+10    0.193333911407529027E+06   -0.167904573677720407E+03
    0.349203993044200578E+00    0.654936926112122286E+00    0.143648912296743751E+10    0.195017701959003112E+06   -0.167882084909731816E+03
    0.326338000556757046E+00    0.618853582012974357E+00    0.147807218419684935E+10    0.201237160564911232E+06   -0.167853466327098658E+03
    0.355037415800548539E+00    0.640123129401316326E+00    0.146095168409222722E+10    0.196262051447596808E+06   -0.167850622041562303E+03
    0.371696541018412041E+00    0.587386712202151440E+00    0.143255010686918354E+10    0.202624602132302913E+06   -0.167828102680622749E+03
    0.364234545902888895E+00    0.639943641400628316E+00    0.142229234515469909E+10    0.194978988807939953E+06   -0.167812709322700954E+03
    0.396533140341934098E+00    0.653121174145811167E+00    0.143560444825324678E+10    0.196335264425287314E+06   -0.167786699532123038E+03
    0.398835337181488891E+00    0.619757834136872798E+00    0.140030729007497454E+10    0.184799284472649015E+06   -0.167776830961466999E+03
    0.352580028371451637E+00    0.651503710412807191E+00    0.148449961200108647E+10    0.181660240789210977E+06   -0.167771799266290998E+03
    0.402132669022389810E+00    0.656850303323946783E+00    0.141427704254375052E+10    0.196667326365820394E+06   -0.167771715891525304E+03
    0.401670783744083326E+00    0.624582056803578922E+00    0.142699923039123607E+10    0.187297885573681502E+06   -0.167768143218366305E+03
    0.378929688817977617E+00    0.640799171033935355E+00    0.145925383329604721E+10    0.185920009592566930E+06   -0.167765146120427772E+03
    0.389811087238967346E+00    0.638257525351802357E+00    0.137874000305303359E+10    0.196725813756372721E+06   -0.167763654382282994E+03
    0.407209766037972376E+00    0.653968261339620049E+00    0.140624137154988074E+10    0.192436738289846835E+06   -0.167747078519343148E+03
    0.330248721616743013E+00    0.648885317249074056E+00    0.144062040293417525E+10    0.192662134694364329E+06   -0.167719228124053046E+03
    0.342695346723941474E+00    0.592784185382364992E+00    0.144350799788442349E+10    0.188612142242667294E+06   -0.167711852123550273E+03
    0.376841035287825588E+00    0.614319062678018390E+00    0.138819917716757536E+10    0.199313989053227415E+06   -0.167668496030941128E+03
    0.385413469487783267E+00    0.655982155891838392E+00    0.140891693075674891E+10    0.190666788645088731E+06   -0.167649279301456261E+03
    0.376144878096195512E+00    0.641164132598046166E+00    0.145177478503398395E+10    0.181654851345746923E+06   -0.167577357088155907E+03
    0.385260147203574377E+00    0.606771713295684023E+00    0.142146111041610432E+10    0.186308893856764975E+06   -0.167576918096657039E+03
    0.397845654456738307E+00    0.610879094550913937E+00    0.140719732320727158E+10    0.184434161026430025E+06   -0.167568866623538838E+03
    0.378681003740091227E+00    0.648058535438879257E+00    0.144995949741186190E+10    0.189154077671300096E+06   -0.167568124551674913E+03
    0.349214690685145768E+00    0.692086843198974400E+00    0.143774623351143456E+10    0.195365635144359316E+06   -0.167564573564173571E+03
    0.333630080842071075E+00    0.660566188803760390E+00    0.148325566085564423E+10    0.186309092390935082E+06   -0.167561398862168062E+03
    0.383171363272968024E+00    0.582707283246795882E+00    0.142488171330627918E+10    0.189339783913601976E+06   -0.167534443142808811E+03
    0.338721189981938509E+00    0.652166323302011630E+00    0.146586912579892254E+10    0.188799279329251905E+06   -0.167524088003081260E+03
    0.370352229298902713E+00    0.612377601495671442E+00    0.142455365616977048E+10    0.190410994593990064E+06   -0.167472019415430395E+03
    0.369794424629833640E+00    0.616112259771584458E+00    0.140606075132984400E+10    0.196797111387216981E+06   -0.167451325168316373E+03
    0.374164306471583497E+00    0.664154114758554126E+00    0.144678653521583533E+10    0.194823663432852889E+06   -0.167446575175611144E+03
    0.383113878056896007E+00    0.633923512851256810E+00    0.139332055706158614E+10    0.202238324651865347E+06   -0.167438837369488738E+03
    0.397202144083959097E+00    0.632604160843923680E+00    0.141464169630730891E+10    0.185315736855016876E+06   -0.167390073778822995E+03
    0.344216509377512692E+00    0.648342674107675876E+00    0.143594107514322257E+10    0.194058569917776738E+06   -0.167354094946662713E+03
    0.385534896302688224E+00    0.617472629389971051E+00    0.140421915215786648E+10    0.181977757631528802E+06   -0.167345429194764847E+03
    0.396815707091816072E+00    0.600676192342417536E+00    0.140376904530479383E+10    0.186923725175923435E+06   -0.167329989800402700E+03
    0.396815707091816072E+00    0.600676192342417536E+00    0.140376904530479383E+10    0.186923725175923435E+06   -0.167329989800402700E+03
    0.394913911297194775E+00    0.660368324939544671E+00    0.141500919022104168E+10    0.203960851936845138E+06   -0.167329796199047991E+03
    0.396043375730451119E+00    0.653072311250704196E+00    0.143154516636112428E+10    0.193541077084171877E+06   -0.167310347233722325E+03
    0.396043375730451119E+00    0.653072311250704196E+00    0.143154516636112428E+10    0.193541077084171877E+06   -0.167310347233722325E+03
    0.365710578090360616E+00    0.636010109301811788E+00    0.142990915439751840E+10    0.180324049826898554E+06   -0.167292899418392665E+03
    0.351597134910797859E+00    0.654089464647416019E+00    0.141629311552169681E+10    0.187655224987950322E+06   -0.167253710917690142E+03
    0.346902560246955316E+00    0.670873497477318725E+00    0.141577997609034634E+10    0.192286581880977028E+06   -0.167244611705793687E+03
    0.341440659967148119E+00    0.636883807572970362E+00    0.149827759102714086E+10    0.191539612452196889E+06   -0.167235160311410965E+03
    0.354194549694840932E+00    0.646515576398463132E+00    0.141309311514587283E+10    0.198277727291346499E+06   -0.167195437220033824E+03
    0.347971795753971080E+00    0.672253541195267257E+00    0.143521372573988461E+10    0.189814662706186151E+06   -0.167171355330023800E+03
    0.403909190286203645E+00    0.657584554597906656E+00    0.137856201142181373E+10    0.194232113399789436E+06   -0.167163535618024241E+03
    0.374074904830581978E+00    0.664249261809036096E+00    0.141166698977062893E+10    0.192920307237441564E+06   -0.167158263836320174E+03
    0.374074904830581978E+00    0.664249261809036096E+00    0.141166698977062893E+10    0.192920307237441564E+06   -0.167158263836320174E+03
    0.398095382316324575E+00    0.650921161217223876E+00    0.143584747107285237E+10    0.195213833124727273E+06   -0.167127117759839393E+03
    0.396339418202381721E+00    0.616761302314735360E+00    0.142873014477708554E+10    0.191190259497746127E+06   -0.167117796022366520E+03
    0.358507123491039859E+00    0.624871370666000736E+00    0.145276396416624975E+10    0.195081842794356577E+06   -0.167116351654446532E+03
    0.374144735957934238E+00    0.665278991927137131E+00    0.139928319696694589E+10    0.191011693514702900E+06   -0.167116115344993091E+03
    0.368799645623022865E+00    0.683384224590274147E+00    0.145993873984742475E+10    0.191471649352675740E+06   -0.167107096336102018E+03
    0.380797311540568173E+00    0.661222925030393593E+00    0.140157807138805223E+10    0.187334096255370940E+06   -0.167102623079761941E+03
    0.380797311540568173E+00    0.661222925030393593E+00    0.140157807138805223E+10    0.187334096255370940E+06   -0.167102623079761941E+03
    0.347567638072110885E+00    0.639586120562547489E+00    0.141793803496032929E+10    0.182122799355287862E+06   -0.167101323959159345E+03
    0.345226996651735896E+00    0.684600391405009390E+00    0.143727990640912294E+10    0.190169014055815875E+06   -0.167096239704447697E+03
    0.345226996651735896E+00    0.684600391405009390E+00    0.143727990640912294E+10    0.190169014055815875E+06   -0.167096239704447697E+03
    0.346951933196804341E+00    0.647887305090846688E+00    0.144632017130852342E+10    0.191811339979903569E+06   -0.167088509760056695E+03
    0.346951933196804341E+00    0.647887305090846688E+00    0.144632017130852342E+10    0.191811339979903569E+06   -0.167088509760056695E+03
    0.371547115200124289E+00    0.602371291938139652E+00    0.144063123334263539E+10    0.192102806466659997E+06   -0.167085928481439765E+03
    0.404523241765278763E+00    0.626220819142595975E+00    0.143379517700639439E+10    0.187722685063353245E+06   -0.167076048865403891E+03
    0.375141589819785626E+00    0.633852462816919981E+00    0.138185576962323213E+10    0.206661401072999550E+06   -0.167075767966156064E+03
    0.375141589819785626E+00    0.633852462816919981E+00    0.138185576962323213E+10    0.206661401072999550E+06   -0.167075767966156064E+03
    0.337823656152691887E+00    0.636246653753154590E+00    0.142077907269949508E+10    0.192850811837218964E+06   -0.167053936475094503E+03
    0.374283713905619486E+00    0.634249312380258168E+00    0.143949813109007001E+10    0.199826925629090110E+06   -0.167024641434440070E+03
    0.374283713905619486E+00    0.634249312380258168E+00    0.143949813109007001E+10    0.199826925629090110E+06   -0.167024641434440070E+03
    0.378510630429745698E+00    0.664743217545906706E+00    0.144580257350920796E+10    0.195102642577526509E+06   -0.167016951960075005E+03
    0.350079862047208590E+00    0.685057670583451461E+00    0.142406071974388480E+10    0.191599242735790147E+06   -0.167001348074391387E+03
    0.346216254586501182E+00    0.649389949773147013E+00    0.145150904850576830E+10    0.192647013499513530E+06   -0.166985491650320483E+03
    0.398542229420992322E+00    0.634784676737492948E+00    0.143018975158926892E+10    0.184577547442053823E+06   -0.166980262013553272E+03
    0.374864585012203044E+00    0.662608871587589743E+00    0.141228200161680174E+10    0.191369719414190360E+06   -0.166965497679942132E+03
    0.354552568847392946E+00    0.649864163001150796E+00    0.143029728137983394E+10    0.183190094024588820E+06   -0.166963337625625769E+03
    0.382760137804889877E+00    0.674580356620914756E+00    0.139758602462682724E+10    0.188051881499204290E+06   -0.166948183799333663E+03
    0.382760137804889877E+00    0.674580356620914756E+00    0.139758602462682724E+10    0.188051881499204290E+06   -0.166948183799333663E+03
    0.385460174847571890E+00    0.664732687371110131E+00    0.138968857366717958E+10    0.200928473012557719E+06   -0.166928859327519262E+03
    0.393800864753938551E+00    0.681242814381386008E+00    0.141262866731347752E+10    0.188835300519765733E+06   -0.166928682573029846E+03
    0.392286780390415701E+00    0.642563473451106759E+00    0.140778641941235805E+10    0.185204413239113346E+06   -0.166920087171673885E+03
    0.410712496235966340E+00    0.647840883734544626E+00    0.138638545099490929E+10    0.184061798475746502E+06   -0.166895960349776971E+03
    0.347590375783751793E+00    0.685147192772437741E+00    0.143365618067210770E+10    0.195713494197887077E+06   -0.166842846530763495E+03
    0.386051692968460813E+00    0.624960373941533476E+00    0.142738129711218810E+10    0.189046022914515546E+06   -0.166838651349835516E+03
    0.365292954963534200E+00    0.660949094279474458E+00    0.144713069959778047E+10    0.193510072695167328E+06   -0.166828280432365943E+03
    0.365292954963534200E+00    0.660949094279474458E+00    0.144713069959778047E+10    0.193510072695167328E+06   -0.166828280432365943E+03
    0.364685527204492987E+00    0.636770117590369278E+00    0.142202034692075610E+10    0.197473998597932281E+06   -0.166826607617177274E+03
    0.362211371957401107E+00    0.630810697277653709E+00    0.143488802950783944E+10    0.182001184464472171E+06   -0.166825837864433879E+03
    0.359399061534018682E+00    0.673472970827735384E+00    0.142697213400114918E+10    0.194110930677429569E+06   -0.166825076988150443E+03
    0.359399061534018682E+00    0.673472970827735384E+00    0.142697213400114918E+10    0.194110930677429569E+06   -0.166825076988150443E+03
    0.373323872427719972E+00    0.647232067450624005E+00    0.141649996328886604E+10    0.192747444747983303E+06   -0.166806257131601228E+03
    0.408615296286936880E+00    0.664072223230595338E+00    0.140067316259973216E+10    0.192797786476350797E+06   -0.166774256026931710E+03
    0.361262859566114813E+00    0.619328007611064102E+00    0.139721476369420290E+10    0.194365287262541067E+06   -0.166760962666200555E+03
    0.361262859566114813E+00    0.619328007611064102E+00    0.139721476369420290E+10    0.194365287262541067E+06   -0.166760962666200555E+03
    0.375119174870426675E+00    0.615278322712102810E+00    0.140238264032229471E+10    0.198355163778242189E+06   -0.166742663654630491E+03
    0.375591967725326270E+00    0.630816862075330942E+00    0.144250895890217662E+10    0.195041056436527026E+06   -0.166729385257544067E+03
    0.390469547578842724E+00    0.666436049728964086E+00    0.139110601314591289E+10    0.192936588934639702E+06   -0.166723174459401719E+03
    0.413381057460382784E+00    0.638577952725142950E+00    0.140579147647933602E+10    0.185276700215709163E+06   -0.166705582903983526E+03
    0.378073817567630088E+00    0.648060510610765306E+00    0.143408722084702826E+10    0.192617363048064668E+06   -0.166705174351458766E+03
    0.357825425852850820E+00    0.678964351201985394E+00    0.142340652614177275E+10    0.192135206594086339E+06   -0.166698546065722269E+03
    0.400500739622570379E+00    0.634762573171530953E+00    0.142898028107853770E+10    0.184130485602029512E+06   -0.166698491621817112E+03
    0.400500739622570379E+00    0.634762573171530953E+00    0.142898028107853770E+10    0.184130485602029512E+06   -0.166698491621817112E+03
    0.343218482789201917E+00    0.655914496930518620E+00    0.147108456619026065E+10    0.190542300549502019E+06   -0.166698139416761819E+03
    0.351428249788812375E+00    0.635917460044783667E+00    0.145177274438691330E+10    0.192522678221605864E+06   -0.166678548475506915E+03
    0.351428249788812375E+00    0.635917460044783667E+00    0.145177274438691330E+10    0.192522678221605864E+06   -0.166678548475506915E+03
    0.371639664934104330E+00    0.635514362753964779E+00    0.143898790725808382E+10    0.180910394470650586E+06   -0.166671742855814841E+03
    0.366476359724912493E+00    0.628338917837691469E+00    0.139846708930155182E+10    0.190428946221249527E+06   -0.166670891104423077E+03
    0.366476359724912493E+00    0.628338917837691469E+00    0.139846708930155182E+10    0.190428946221249527E+06   -0.166670891104423077E+03
    0.381399678050016067E+00    0.627439799443459734E+00    0.141714859709432578E+10    0.185816590759044047E+06   -0.166666111757805908E+03
    0.379051680394276169E+00    0.654671529506824612E+00    0.146141566303643799E+10    0.190091224061198242E+06   -0.166657694742468209E+03
    0.359925353331528586E+00    0.629479876015666573E+00    0.139803826855708861E+10    0.195827407629572641E+06   -0.166657294300677734E+03
    0.425253282085973017E+00    0.623894532503764143E+00    0.137255019802544212E+10    0.188452173488812725E+06   -0.166655352243324899E+03
    0.382299244944798722E+00    0.666623917718226711E+00    0.137515061348811054E+10    0.196207508213574853E+06   -0.166650345788727464E+03
    0.376334736616851073E+00    0.651306422617896619E+00    0.140382734470193434E+10    0.186608217556356947E+06   -0.166626331562111545E+03
    0.384470228515669088E+00    0.659586096223967910E+00    0.145368789961313486E+10    0.190804476364284812E+06   -0.166615797762300417E+03
    0.339800990353350318E+00    0.646297986660081758E+00    0.146718695814981985E+10    0.194006059984839754E+06   -0.166610576559317337E+03
    0.365519514855362049E+00    0.638055726977318827E+00    0.144444429931696033E+10    0.184358205032172351E+06   -0.166596651621447990E+03
    0.365519514855362049E+00    0.638055726977318827E+00    0.144444429931696033E+10    0.184358205032172351E+06   -0.166596651621447990E+03
    0.353269588831487513E+00    0.600206298376072311E+00    0.145767134908442354E+10    0.192752240026621817E+06   -0.166574078087626674E+03
    0.306750908552199664E+00    0.619833229617725578E+00    0.150811082747186446E+10    0.195897008900969027E+06   -0.166563962169182332E+03
    0.384035743186976752E+00    0.649958444297218385E+00    0.140425850726940632E+10    0.186075984028207749E+06   -0.166562990916866681E+03
    0.384035743186976752E+00    0.649958444297218385E+00    0.140425850726940632E+10    0.186075984028207749E+06   -0.166562990916866681E+03
    0.397004448121125175E+00    0.640137747005519397E+00    0.140811704381741405E+10    0.184741621100315737E+06   -0.166562968095214615E+03
    0.397004448121125175E+00    0.640137747005519397E+00    0.140811704381741405E+10    0.184741621100315737E+06   -0.166562968095214615E+03
    0.342590787987145096E+00    0.659109994075225192E+00    0.146738404784756351E+10    0.187176038573846716E+06   -0.166559047203015410E+03
    0.342590787987145096E+00    0.659109994075225192E+00    0.146738404784756351E+10    0.187176038573846716E+06   -0.166559047203015410E+03
    0.371058008272076800E+00    0.623136121512603225E+00    0.140932978870186162E+10    0.186339643938449793E+06   -0.166510949717368987E+03
    0.334578181192966506E+00    0.694565929339603816E+00    0.141924428667436910E+10    0.194001001840069570E+06   -0.166510498069617483E+03
    0.369301970825475223E+00    0.622903898565232872E+00    0.143348542575565076E+10    0.184010213080880785E+06   -0.166490293199655099E+03
    0.369301970825475223E+00    0.622903898565232872E+00    0.143348542575565076E+10    0.184010213080880785E+06   -0.166490293199655099E+03
    0.366841057684082428E+00    0.654080564939157671E+00    0.141523800743878913E+10    0.184525520197785547E+06   -0.166466260094947984E+03
    0.362489268486277605E+00    0.637731625329700069E+00    0.141566279025427508E+10    0.200532344083177362E+06   -0.166464142835078974E+03
    0.364573379960368316E+00    0.593286537783819234E+00    0.142779124132305241E+10    0.190491034433178924E+06   -0.166462484499284756E+03
    0.377287707893656177E+00    0.616660784672923956E+00    0.142174888762162232E+10    0.185137827569502610E+06   -0.166451805778835563E+03
    0.391450538533687220E+00    0.644706119521824661E+00    0.143427651394070077E+10    0.185353832670930919E+06   -0.166450865092155595E+03
    0.391450538533687220E+00    0.644706119521824661E+00    0.143427651394070077E+10    0.185353832670930919E+06   -0.166450865092155595E+03
    0.374637873923747367E+00    0.626172634361335856E+00    0.145973458673827028E+10    0.195205360013338650E+06   -0.166434934275927446E+03
    0.374637873923747367E+00    0.626172634361335856E+00    0.145973458673827028E+10    0.195205360013338650E+06   -0.166434934275927446E+03
    0.377737336222682629E+00    0.640852236069787917E+00    0.144809039888157701E+10    0.182741172333776311E+06   -0.166429399532539122E+03
    0.345218308510144345E+00    0.688240649370708280E+00    0.141966133626754093E+10    0.194073335186075099E+06   -0.166417037359042240E+03
    0.363241270940990513E+00    0.618123347311295923E+00    0.141372717779152298E+10    0.196274646210413397E+06   -0.166403127734069130E+03
    0.398414258026289492E+00    0.620033321377638114E+00    0.140688289198725820E+10    0.185833183058530616E+06   -0.166397317883644888E+03
    0.379011532716134192E+00    0.644111216754694738E+00    0.144673582260376143E+10    0.184576229510113655E+06   -0.166379611332423679E+03
    0.377877698021611086E+00    0.674639006181618317E+00    0.140206843757815599E+10    0.194407110506137396E+06   -0.166378962700292959E+03
    0.381730572687576264E+00    0.605194460536851775E+00    0.140245677324753594E+10    0.189020473368976091E+06   -0.166370105537192956E+03
    0.366776916385402940E+00    0.634436140544769156E+00    0.142544737509477925E+10    0.199613083884983294E+06   -0.166358948078762609E+03
    0.366776916385402940E+00    0.634436140544769156E+00    0.142544737509477925E+10    0.199613083884983294E+06   -0.166358948078762609E+03
    0.368344027668599305E+00    0.627142764201885861E+00    0.141033205731509352E+10    0.191093307470406435E+06   -0.166354946018294754E+03
    0.407002662651867519E+00    0.643431146224630268E+00    0.139081434713695383E+10    0.194970861475802492E+06   -0.166353552856309136E+03
    0.357672265025324676E+00    0.671611550722353901E+00    0.140741001845317388E+10    0.188949790186403319E+06   -0.166343506662747984E+03
    0.361329138205695843E+00    0.637893229369539849E+00    0.143447571209056473E+10    0.197860097521253279E+06   -0.166341230985694125E+03
    0.361329138205695843E+00    0.637893229369539849E+00    0.143447571209056473E+10    0.197860097521253279E+06   -0.166341230985694125E+03
    0.317458631410459324E+00    0.657255257775231971E+00    0.145925556817652440E+10    0.188489491130401293E+06   -0.166340916260359165E+03
    0.365217202223209636E+00    0.624581885407820447E+00    0.143152199591837907E+10    0.184412099445963220E+06   -0.166324182043076632E+03
    0.373753000318221840E+00    0.633769061494145358E+00    0.141473452786983013E+10    0.183326704627586325E+06   -0.166312089990639123E+03
    0.394335388266821463E+00    0.605313252586410666E+00    0.141922960715118027E+10    0.188357804025916179E+06   -0.166311918132777066E+03
    0.394335388266821463E+00    0.605313252586410666E+00    0.141922960715118027E+10    0.188357804025916179E+06   -0.166311918132777066E+03
    0.407170643831939738E+00    0.659531512492939065E+00    0.139155325690918040E+10    0.192865154561206087E+06   -0.166291251449011895E+03
    0.367061460830127861E+00    0.619991124130538029E+00    0.138572490669118214E+10    0.201653065263537224E+06   -0.166290939724085035E+03
    0.397093450249342006E+00    0.660554559922658324E+00    0.139983684990710235E+10    0.192730592955606087E+06   -0.166288783272395790E+03
    0.358566262778683253E+00    0.611774477651982451E+00    0.141298012687461782E+10    0.191196163336726488E+06   -0.166282647711827593E+03
    0.384257174820415492E+00    0.687479318988772903E+00    0.138154747955134726E+10    0.190902475710746134E+06   -0.166272099549859888E+03
    0.388002935572490215E+00    0.652880098030865330E+00    0.138685218699229598E+10    0.196516503365183569E+06   -0.166270904261872545E+03
    0.386292810453751911E+00    0.627679093461454674E+00    0.140779900979755473E+10    0.201024416990894475E+06   -0.166266096623319186E+03
    0.386292810453751911E+00    0.627679093461454674E+00    0.140779900979755473E+10    0.201024416990894475E+06   -0.166266096623319186E+03
    0.362146084805567925E+00    0.611650344115364675E+00    0.141385756011831737E+10    0.195109426047244779E+06   -0.166251679810708310E+03
    0.383121101002455389E+00    0.601659255539074511E+00    0.141364789605067301E+10    0.190690907403782592E+06   -0.166242801847353178E+03
    0.355363254618091484E+00    0.686239145493625635E+00    0.144655268014270067E+10    0.194016103406014561E+06   -0.166231775411399155E+03
    0.355363254618091484E+00    0.686239145493625635E+00    0.144655268014270067E+10    0.194016103406014561E+06   -0.166231775411399155E+03
    0.382051264903002175E+00    0.652495724966085877E+00    0.141388647239879274E+10    0.196816937364325975E+06   -0.166229634861610748E+03
    0.355792990292163491E+00    0.651110558145613361E+00    0.140371216804179430E+10    0.185231890023679560E+06   -0.166211846118651067E+03
    0.389557424064122193E+00    0.686423186664776086E+00    0.139896742350260639E+10    0.195856637914095889E+06   -0.166200909128973365E+03
    0.391050853778428242E+00    0.653721302697314766E+00    0.143737754592067719E+10    0.190222863788168761E+06   -0.166186217753465428E+03
    0.323402812932526929E+00    0.655051106243762948E+00    0.146618560249987388E+10    0.189467199555796251E+06   -0.166175310081919349E+03
    0.365692502738130920E+00    0.646856552661023265E+00    0.142930549793894529E+10    0.194216782830443088E+06   -0.166167764148930928E+03
    0.347139825246502165E+00    0.671511679763145963E+00    0.140758714859571910E+10    0.192668915280329355E+06   -0.166161797958782387E+03
    0.382547985114995381E+00    0.655907716744721370E+00    0.142784481240116954E+10    0.193327567012448737E+06   -0.166137017089087408E+03
    0.321879014981228173E+00    0.648416431438531227E+00    0.146887873925542641E+10    0.191246467640537536E+06   -0.166120364344927793E+03
    0.410022068099921533E+00    0.654888865806259712E+00    0.138766003100615525E+10    0.191197849295168271E+06   -0.166117152965518613E+03
    0.392889650111029720E+00    0.663058048950878831E+00    0.145207721518871951E+10    0.190348145348128484E+06   -0.166116473390692306E+03
    0.360275091527795299E+00    0.618290295602008655E+00    0.142942654059757352E+10    0.201973599997789948E+06   -0.166102757968377205E+03
    0.382298971996452241E+00    0.658561332316692116E+00    0.144094105505631781E+10    0.193445304079457535E+06   -0.166099905505584502E+03
    0.382298971996452241E+00    0.658561332316692116E+00    0.144094105505631781E+10    0.193445304079457535E+06   -0.166099905505584502E+03
    0.395402337693296246E+00    0.634999624541664254E+00    0.139873422937454796E+10    0.185107663245802134E+06   -0.166093730935495842E+03
    0.377099636839239749E+00    0.614965866101409464E+00    0.142564439351014972E+10    0.183936427643425472E+06   -0.166088980098367387E+03
    0.372922815556721576E+00    0.638184481709081375E+00    0.144813210969966507E+10    0.196029135961445863E+06   -0.166084984346676720E+03
    0.372922815556721576E+00    0.638184481709081375E+00    0.144813210969966507E+10    0.196029135961445863E+06   -0.166084984346676720E+03
    0.366471608871055898E+00    0.647067812234181083E+00    0.141398097874612403E+10    0.184073706616887735E+06   -0.166066224982352992E+03
    0.412499013124600022E+00    0.640824861760575182E+00    0.140427565030366802E+10    0.196911240196057712E+06   -0.166055873504330890E+03
    0.360247556716902062E+00    0.634261510130576855E+00    0.139547336383884335E+10    0.201748119336819247E+06   -0.166053006271097502E+03
    0.385354369156519716E+00    0.619723372194073807E+00    0.141541094256019926E+10    0.185579910156793339E+06   -0.166052760766277345E+03
    0.385354369156519716E+00    0.619723372194073807E+00    0.141541094256019926E+10    0.185579910156793339E+06   -0.166052760766277345E+03
    0.358529515863717174E+00    0.680686684552678667E+00    0.142657732651722765E+10    0.195530834826006991E+06   -0.166041272435984979E+03
    0.386575105206519443E+00    0.650134575256459790E+00    0.140814849196148944E+10    0.189666492250089737E+06   -0.166038089931475326E+03
    0.359744416977284709E+00    0.662086475428180332E+00    0.141855353255541682E+10    0.190849435382587981E+06   -0.166036823712123294E+03
    0.347762917726019916E+00    0.632094678201064575E+00    0.144524178474442005E+10    0.192275270498656435E+06   -0.166023598303677630E+03
    0.351280677509573203E+00    0.661228059905814902E+00    0.143615139701775455E+10    0.193154189389790554E+06   -0.166015805701918055E+03
    0.379820320076720563E+00    0.645073677340685769E+00    0.139405312000624776E+10    0.199334179093723680E+06   -0.166011045273713449E+03
    0.390598146917217504E+00    0.637227476370943346E+00    0.142840754404714775E+10    0.194185015806597279E+06   -0.165998773440075126E+03
    0.390598146917217504E+00    0.637227476370943346E+00    0.142840754404714775E+10    0.194185015806597279E+06   -0.165998773440075126E+03
    0.357412403568303616E+00    0.584682203384733867E+00    0.142692070356512165E+10    0.187497066006231384E+06   -0.165993672160533208E+03
    0.385623123498642140E+00    0.640558133258875007E+00    0.145945819170431685E+10    0.185344688144910178E+06   -0.165989351585908793E+03
    0.382807306652026669E+00    0.647898065481373742E+00    0.141317700995833540E+10    0.195663388932584960E+06   -0.165983686539736539E+03
    0.361066974521930040E+00    0.625080342869410277E+00    0.143211441960109425E+10    0.197537185148027464E+06   -0.165982711489657504E+03
    0.378064385989362706E+00    0.639735698300705646E+00    0.143403713001179004E+10    0.181614101968885981E+06   -0.165977462967518932E+03
    0.378064385989362706E+00    0.639735698300705646E+00    0.143403713001179004E+10    0.181614101968885981E+06   -0.165977462967518932E+03
    0.381498378401435578E+00    0.680484932223254013E+00    0.142299679986819696E+10    0.194068472754974093E+06   -0.165976239972771282E+03
    0.347235643375305381E+00    0.638224700409354195E+00    0.144926360645219064E+10    0.190011915387410903E+06   -0.165968202376948625E+03
    0.387376347104507024E+00    0.630186572996832339E+00    0.140362870869043922E+10    0.188242415545168828E+06   -0.165968197993903516E+03
    0.387376347104507024E+00    0.630186572996832339E+00    0.140362870869043922E+10    0.188242415545168828E+06   -0.165968197993903516E+03
    0.359838300087544805E+00    0.662934507877667389E+00    0.144147430924963045E+10    0.190506181086571509E+06   -0.165964457722619215E+03
    0.379183558259126530E+00    0.607239355834756633E+00    0.141146470627551413E+10    0.195138139149957773E+06   -0.165941173064079862E+03
    0.363452103015682482E+00    0.604481267930511379E+00    0.142337330653259420E+10    0.192859392751009465E+06   -0.165936625948992742E+03
    0.369453508424147536E+00    0.638134106455886307E+00    0.138872544114695549E+10    0.198121996569998155E+06   -0.165933410204394136E+03
    0.353385331316705631E+00    0.631966376884439907E+00    0.143589582059999132E+10    0.199204163421409728E+06   -0.165930298986822152E+03
    0.391578550203285913E+00    0.650311867018936063E+00    0.144273333404753733E+10    0.193421294180202938E+06   -0.165915804850932432E+03
    0.384211311851762938E+00    0.614849457718059877E+00    0.141338364688941169E+10    0.192083047771307116E+06   -0.165904195532249048E+03
    0.384211311851762938E+00    0.614849457718059877E+00    0.141338364688941169E+10    0.192083047771307116E+06   -0.165904195532249048E+03
    0.363337224709182005E+00    0.633394238642316587E+00    0.140403090808283710E+10    0.195472082685987349E+06   -0.165880165808529171E+03
    0.396011392869382250E+00    0.641365067532384536E+00    0.141567212083467817E+10    0.191293151366209378E+06   -0.165864818824365784E+03
    0.396011392869382250E+00    0.641365067532384536E+00    0.141567212083467817E+10    0.191293151366209378E+06   -0.165864818824365784E+03
    0.381678688253007992E+00    0.613706111297594337E+00    0.141071835417809844E+10    0.192121155084594648E+06   -0.165864482341906808E+03
    0.381678688253007992E+00    0.613706111297594337E+00    0.141071835417809844E+10    0.192121155084594648E+06   -0.165864482341906808E+03
    0.351281269658720030E+00    0.681936258572467757E+00    0.143741171364570856E+10    0.194028896773432760E+06   -0.165854957247547816E+03
    0.351281269658720030E+00    0.681936258572467757E+00    0.143741171364570856E+10    0.194028896773432760E+06   -0.165854957247547816E+03
    0.351379024831673048E+00    0.617295416217447990E+00    0.143386027978958964E+10    0.197786865894869377E+06   -0.165848680955214235E+03
    0.353540893662654565E+00    0.642107240642528332E+00    0.141227318631388068E+10    0.200053581321022968E+06   -0.165837497259667145E+03
    0.383150499249631848E+00    0.654929698283138517E+00    0.143429743194069910E+10    0.188630098406689183E+06   -0.165831155654411788E+03
    0.370923562725664846E+00    0.614279864641239737E+00    0.141887599783622384E+10    0.189707887098643696E+06   -0.165817760373786086E+03
    0.381945036002589389E+00    0.652175993055064573E+00    0.144075666995484757E+10    0.184380341232307983E+06   -0.165817140975939878E+03
    0.352106281051517589E+00    0.630820119008135727E+00    0.140711607966228056E+10    0.195703422849032708E+06   -0.165806509177114805E+03
    0.362199177761080737E+00    0.656909988415876001E+00    0.141790333637540603E+10    0.191778658889340441E+06   -0.165801150850216942E+03
    0.344720989024804525E+00    0.697925208727919077E+00    0.143674839918115067E+10    0.191410656102217908E+06   -0.165794354052019912E+03
    0.383009867903501999E+00    0.641644342590796501E+00    0.142152208410729265E+10    0.184866007410379971E+06   -0.165779165655790308E+03
    0.407042754330284640E+00    0.642537810860077663E+00    0.140541561276107526E+10    0.191178908729255490E+06   -0.165776671934770974E+03
    0.358673640999954357E+00    0.652050985294050811E+00    0.141966876606745386E+10    0.197318708550158655E+06   -0.165770357803538900E+03
    0.329072721306618798E+00    0.674700230001057388E+00    0.143267639303634381E+10    0.191133275088023540E+06   -0.165767555144212707E+03
    0.377712657691644804E+00    0.642449844680157423E+00    0.141405374580053568E+10    0.196902455173581955E+06   -0.165759684484031112E+03
    0.395637959083504354E+00    0.649663682488909267E+00    0.139453697948443437E+10    0.197412491988833412E+06   -0.165755688641684657E+03
    0.351509306213687089E+00    0.637718826828866714E+00    0.141848969405534291E+10    0.191626911256871885E+06   -0.165747873719860763E+03
    0.376758151978274058E+00    0.639166771669775535E+00    0.141271182904945207E+10    0.197070186726132815E+06   -0.165736282882822593E+03
    0.372828046901774568E+00    0.675107823974476329E+00    0.142035886473244572E+10    0.190639857824012928E+06   -0.165729547888583227E+03
    0.383791682716556171E+00    0.623224191957492124E+00    0.141075184647543025E+10    0.186851255951789790E+06   -0.165727000299667907E+03
    0.352370779088928721E+00    0.635321925768256968E+00    0.143755170656058478E+10    0.189781636221364781E+06   -0.165726391963311414E+03
    0.371189004046999893E+00    0.641606463117027737E+00    0.140733807200105906E+10    0.203356687848601345E+06   -0.165715299705316909E+03
    0.371189004046999893E+00    0.641606463117027737E+00    0.140733807200105906E+10    0.203356687848601345E+06   -0.165715299705316909E+03
    0.383459809570837085E+00    0.646884219686988171E+00    0.145528983669853616E+10    0.190227257156450301E+06   -0.165714305304841361E+03
    0.356451552169509800E+00    0.622292022722168436E+00    0.143683131264850664E+10    0.198730645013347123E+06   -0.165712266498230491E+03
    0.362446218022348998E+00    0.637978446868684212E+00    0.143147568495510244E+10    0.194071858206544217E+06   -0.165711562525317674E+03
    0.346707047639201849E+00    0.652651834095733907E+00    0.144576926270575643E+10    0.191211207128257956E+06   -0.165701180599409980E+03
    0.390480945591418604E+00    0.639065470404188041E+00    0.141321517733250165E+10    0.190742529885693366E+06   -0.165679954785080184E+03
    0.368890992699876741E+00    0.641820972179746541E+00    0.145043571795665121E+10    0.194685378512859374E+06   -0.165675835194410581E+03
    0.353473918289824385E+00    0.624405552636237093E+00    0.142264084595931196E+10    0.196086862703313731E+06   -0.165671349415272687E+03
    0.387394261545153940E+00    0.651561488678486178E+00    0.143506323143125057E+10    0.189047051203294483E+06   -0.165663317373434381E+03
    0.366378795794730927E+00    0.643772989891764791E+00    0.141873192992729783E+10    0.187766868844331475E+06   -0.165647613429972466E+03
    0.384874451869947121E+00    0.668218405623079548E+00    0.142646583700868559E+10    0.188501675754934869E+06   -0.165647253252285338E+03
    0.387517377567684118E+00    0.680700643589206678E+00    0.140886636194273758E+10    0.195906437576958764E+06   -0.165645829683328088E+03
    0.378468633301903556E+00    0.650284563749756295E+00    0.143344299622410417E+10    0.188444893494110962E+06   -0.165643893793182485E+03
    0.359991100694256994E+00    0.631347111239800807E+00    0.144086646539654899E+10    0.198554215753811295E+06   -0.165639068541755847E+03
    0.384554994301074315E+00    0.641577384232913772E+00    0.146513087987001252E+10    0.185600159739083203E+06   -0.165631592187336821E+03
    0.386554658499197901E+00    0.652444546213985621E+00    0.144100834629201412E+10    0.189605851839965995E+06   -0.165623290612588448E+03
    0.381369139778533206E+00    0.655930171860764410E+00    0.142887810928389549E+10    0.188807410411449149E+06   -0.165615815393310299E+03
    0.386261435380453433E+00    0.671989627679003387E+00    0.141183553655208015E+10    0.196005880147947930E+06   -0.165604631677518057E+03
    0.379263755620670717E+00    0.642534421007066037E+00    0.141078879660164499E+10    0.190208070970493776E+06   -0.165599063954762187E+03
    0.372642787843093959E+00    0.660093367528785446E+00    0.142287160236183238E+10    0.191978381986622320E+06   -0.165592913368490315E+03
    0.349848628271799522E+00    0.635533258266377299E+00    0.142357782205635619E+10    0.191211036846714647E+06   -0.165591795057040315E+03
    0.375590680256163600E+00    0.672025310899013295E+00    0.140612712587272143E+10    0.193805760965125373E+06   -0.165581853866421454E+03
    0.358277074927806416E+00    0.665759339038126008E+00    0.143395221285156631E+10    0.194736992244976253E+06   -0.165574477852621754E+03
    0.381031336521514830E+00    0.669024146830164756E+00    0.141699723491898823E+10    0.185954586728618742E+06   -0.165568997095724058E+03
    0.377487296043269527E+00    0.657622017772119705E+00    0.144079040458285236E+10    0.194943184124768246E+06   -0.165560420414537077E+03
    0.372361888617925407E+00    0.629611566326649275E+00    0.141359906563639760E+10    0.188690665691543079E+06   -0.165559994624601558E+03
    0.362012718356882812E+00    0.626507407944827399E+00    0.142177998316999578E+10    0.198889182077784091E+06   -0.165554825902901143E+03
    0.379905922987391786E+00    0.670579888993407369E+00    0.141029075329837298E+10    0.188473771348316339E+06   -0.165551915090914235E+03
    0.357565449145687497E+00    0.632583488501548885E+00    0.141609747815786934E+10    0.193472013667579886E+06   -0.165535107062274705E+03
    0.361603870280247597E+00    0.651163068281444879E+00    0.144485240556077480E+10    0.193470861177650688E+06   -0.165534180924784039E+03
    0.363067632970442200E+00    0.639216731601019994E+00    0.140475457701800203E+10    0.199795064886115375E+06   -0.165531442595594172E+03
    0.355553517518683249E+00    0.646778262744886590E+00    0.143015973196974969E+10    0.184742298519644741E+06   -0.165530211434188288E+03
    0.381878139274783979E+00    0.666783818592294519E+00    0.141846339972798753E+10    0.186834747515627998E+06   -0.165523157937708447E+03
    0.368552297409823648E+00    0.663452742417780961E+00    0.141294268191896009E+10    0.190751881470311084E+06   -0.165499695162651079E+03
    0.389914991944672440E+00    0.638140133762510331E+00    0.140238162310985565E+10    0.194533227907654218E+06   -0.165497258623477904E+03
    0.387082397873124318E+00    0.653342386005510978E+00    0.138562386683779263E+10    0.196342626846039406E+06   -0.165486638313172705E+03
    0.350707767501655998E+00    0.630189157253571608E+00    0.143096481084024882E+10    0.195131028233669786E+06   -0.165475858610271587E+03
    0.357254738169739683E+00    0.635175003448408049E+00    0.144869131774212909E+10    0.190030826529156126E+06   -0.165473227420927458E+03
    0.383892494079768498E+00    0.649121378131933824E+00    0.145594248411032844E+10    0.192733711720526044E+06   -0.165471337241091447E+03
    0.379555174390254380E+00    0.637128531071117887E+00    0.145191232902034783E+10    0.183885400931040465E+06   -0.165465742853780284E+03
    0.387199608842517473E+00    0.652472876090040899E+00    0.141418288624016714E+10    0.185779939230623597E+06   -0.165459894902923452E+03
    0.373995792574402408E+00    0.676216480328874603E+00    0.141334470431031895E+10    0.193793376864890481E+06   -0.165449209842225969E+03
    0.394642958726089843E+00    0.641297611827270408E+00    0.140441627470969939E+10    0.195142253980494454E+06   -0.165437734419047445E+03
    0.373041499979835767E+00    0.649239405227044930E+00    0.141939035334732032E+10    0.187250354305885470E+06   -0.165420334895112234E+03
    0.379673087538920984E+00    0.594484223209671647E+00    0.142383457332487702E+10    0.190348194714216515E+06   -0.165411594521982465E+03
    0.361758081702595269E+00    0.647401693682088997E+00    0.143305219159323788E+10    0.190681762212748174E+06   -0.165411039461010944E+03
    0.374307217852944796E+00    0.652525635319357811E+00    0.142991240864269996E+10    0.196078155616081756E+06   -0.165407247802707133E+03
    0.357139183980160924E+00    0.624845308267028443E+00    0.142774720007403803E+10    0.199995145662526978E+06   -0.165394568397668223E+03
    0.333491543063354712E+00    0.652650999315998792E+00    0.145636492790034413E+10    0.188995941456218512E+06   -0.165391257292565967E+03
    0.356367998332267122E+00    0.669580341630688469E+00    0.142676990063544273E+10    0.189417967747799732E+06   -0.165391217691184863E+03
    0.358790179113224639E+00    0.625946164560823970E+00    0.143360654697225261E+10    0.197543926048607536E+06   -0.165370236622198206E+03
    0.359366979569663625E+00    0.631069681183797027E+00    0.142505954642622733E+10    0.194207100726473174E+06   -0.165368339867033569E+03
    0.371726996124217612E+00    0.636897150998660067E+00    0.141214091080795264E+10    0.188411995639760804E+06   -0.165364624860163531E+03
    0.369300068974930784E+00    0.644057220577975986E+00    0.141159285313462305E+10    0.195258698477445665E+06   -0.165357961001145071E+03
    0.401734845944388574E+00    0.641345730100712608E+00    0.142000676227917743E+10    0.187247600223698915E+06   -0.165356986523571095E+03
    0.376745300931731031E+00    0.599458766621422168E+00    0.142677969747791171E+10    0.190839504851798527E+06   -0.165352806773177747E+03
    0.384325687118892423E+00    0.643776145399328037E+00    0.144302560349256063E+10    0.187917018103282811E+06   -0.165349125223454308E+03
    0.375924444696657034E+00    0.613317202297170461E+00    0.140737605992446065E+10    0.190129601726158056E+06   -0.165343131687889354E+03
    0.393001313976565847E+00    0.660708942396538212E+00    0.145285557298095798E+10    0.194800882562471437E+06   -0.165339430239279352E+03
    0.343645607472677139E+00    0.621642041928239575E+00    0.144573789145536590E+10    0.193700645267585700E+06   -0.165335461065353002E+03
    0.403139596449031523E+00    0.637736347557003036E+00    0.139970303949717522E+10    0.190642189974236302E+06   -0.165330471347008540E+03
    0.359034589794515802E+00    0.634613240687278868E+00    0.142575523678892088E+10    0.192371412655507709E+06   -0.165330154430296602E+03
    0.392154103328048287E+00    0.679958632517487782E+00    0.141297358615612793E+10    0.189509102164674492E+06   -0.165320839571354156E+03
    0.403662269778244320E+00    0.642176896112647277E+00    0.140949194071737647E+10    0.194125479855374782E+06   -0.165319991539916060E+03
    0.371250801578386747E+00    0.643795111322379210E+00    0.145674503034724355E+10    0.193189894918087812E+06   -0.165309763481047725E+03
    0.361158074983094934E+00    0.649567824178502562E+00    0.143125111230397606E+10    0.190608051595108147E+06   -0.165309677232967630E+03
    0.356167071190803319E+00    0.630197429824080224E+00    0.142905710722283077E+10    0.191993624194470322E+06   -0.165300426307582370E+03
    0.408351822206339310E+00    0.653678913278841200E+00    0.141333605131544614E+10    0.194142016915239830E+06   -0.165292396348479826E+03
    0.398234895354905583E+00    0.644021365362913656E+00    0.141409199943825221E+10    0.194368003125831339E+06   -0.165284727019326994E+03
    0.374821543652692324E+00    0.627581143730188362E+00    0.139959715637297440E+10    0.193164207381549844E+06   -0.165282332490934294E+03
    0.364589053054476142E+00    0.652568352815631414E+00    0.144042786054129648E+10    0.192344515556047292E+06   -0.165278941658119464E+03
    0.349791303883407623E+00    0.663737385270598779E+00    0.143559847378603649E+10    0.189942161635409022E+06   -0.165277280104971396E+03
    0.368693429518365479E+00    0.592410227766292152E+00    0.144238097969029975E+10    0.189681128593676287E+06   -0.165275904949661538E+03
    0.378704163270180472E+00    0.640603320471717197E+00    0.142448008424606085E+10    0.185090115889938839E+06   -0.165274348950656957E+03
    0.357067270189924013E+00    0.648103823912186794E+00    0.144908656386434698E+10    0.191645634120563744E+06   -0.165274067698089141E+03
    0.386113030870858798E+00    0.608220274054240839E+00    0.141384340289469457E+10    0.189626594934005028E+06   -0.165270796100987383E+03
    0.392102651065476648E+00    0.676907306784306328E+00    0.142097318596227145E+10    0.189431978025038115E+06   -0.165265484687641816E+03
    0.363383139378222253E+00    0.640638274140756359E+00    0.141277835857491279E+10    0.193728078686931054E+06   -0.165026631918499788E+03
    0.365047262016605201E+00    0.641863306461136318E+00    0.141416202865126586E+10    0.192620741668363509E+06   -0.164825429517615703E+03
    0.355784383337189980E+00    0.645033450429064903E+00    0.142335935034167719E+10    0.189269384785828908E+06   -0.164929987526127178E+03
    0.349504715575104763E+00    0.636893831420729306E+00    0.142504925435586667E+10    0.188556520549252920E+06   -0.164909550469262740E+03
    0.357053258133306795E+00    0.644418531309018050E+00    0.142425082684302139E+10    0.190029854128501698E+06   -0.165200272179631270E+03
    0.356973913888126104E+00    0.639737066053781778E+00    0.142441562696445155E+10    0.191676898880080320E+06   -0.165236170498900549E+03
    0.355038701504282295E+00    0.646853010141148488E+00    0.141952006691176319E+10    0.190665729662697966E+06   -0.164578885514233207E+03
    0.363307839058806259E+00    0.653157210014009060E+00    0.143183651529208755E+10    0.192085276566649933E+06   -0.164868460223662339E+03
    0.360261778658989673E+00    0.640058408342554674E+00    0.144212770092129254E+10    0.192041717857216252E+06   -0.164856090260297378E+03
    0.351579285037489642E+00    0.650363582755582925E+00    0.145424862257624555E+10    0.191459121988457482E+06   -0.164919789026450815E+03
    0.347279241070252209E+00    0.648126165775353869E+00    0.144177931101514268E+10    0.189475526715145854E+06   -0.164765095605619649E+03
    0.345405055745732492E+00    0.647613182060690296E+00    0.145227860002882719E+10    0.189290911491231062E+06   -0.164813667033855126E+03
    0.345405055745732492E+00    0.647613182060690296E+00    0.145227860002882719E+10    0.189290911491231062E+06   -0.164813667033855126E+03
    0.362128874355611974E+00    0.610418175633621551E+00    0.141797982095448470E+10    0.192175477545286994E+06   -0.164906832514771111E+03
    0.368458342401279504E+00    0.602303018362204234E+00    0.142128345540107250E+10    0.191702039945764496E+06   -0.164945518789715379E+03
    0.352266124612921006E+00    0.603298518948415463E+00    0.141312961667391324E+10    0.190851584459640697E+06   -0.165253716065062406E+03
    0.370426797452034828E+00    0.602372031976376565E+00    0.141473552949762821E+10    0.191446214549592696E+06   -0.165139085281093969E+03
    0.374935114902733624E+00    0.592196244180709819E+00    0.141747162483457875E+10    0.191716401623694634E+06   -0.165037324102237903E+03
    0.373508496284923885E+00    0.614365123036178407E+00    0.140697617056874275E+10    0.190171740732365754E+06   -0.164724004913159661E+03
    0.373508496284923885E+00    0.614365123036178407E+00    0.140697617056874275E+10    0.190171740732365754E+06   -0.164724004913159661E+03
    0.379807607506134459E+00    0.614370650974497057E+00    0.140450012901127362E+10    0.192720999366491073E+06   -0.164852922918880438E+03
    0.355173933517357654E+00    0.618738409444655524E+00    0.141942123624806976E+10    0.195979772600193392E+06   -0.164996713639309007E+03
    0.352311634787188854E+00    0.626379046721028843E+00    0.141783605477672076E+10    0.195737193953473354E+06   -0.164709242451069542E+03
    0.347456873441138070E+00    0.627222613465963974E+00    0.141990542636844254E+10    0.195798284308200411E+06   -0.164481131627152934E+03
    0.347456873441138070E+00    0.627222613465963974E+00    0.141990542636844254E+10    0.195798284308200411E+06   -0.164481131627152934E+03
    0.350952453391493890E+00    0.626280213873737779E+00    0.143088282762007666E+10    0.197702358697830234E+06   -0.165190039174354240E+03
    0.352653274806251860E+00    0.623352670865791048E+00    0.142656489874557900E+10    0.196358928823094058E+06   -0.164516335082840385E+03
    0.352653274806251860E+00    0.623352670865791048E+00    0.142656489874557900E+10    0.196358928823094058E+06   -0.164516335082840385E+03
    0.357862659337288336E+00    0.626292554199399110E+00    0.142202232083680224E+10    0.197198174843341199E+06   -0.165033718831967860E+03
    0.359843760367915322E+00    0.630972966454299122E+00    0.140558608632244778E+10    0.198599705480550008E+06   -0.165032325102503592E+03
    0.396783802337405400E+00    0.649780507114598116E+00    0.141219600782625270E+10    0.195408619210431702E+06   -0.164860004644832998E+03
    0.399662471619332049E+00    0.657975873846209147E+00    0.140763502940964961E+10    0.195046987587094482E+06   -0.165141778697166899E+03
    0.399316071052762012E+00    0.651293142020897164E+00    0.140333839135182619E+10    0.193709401109233411E+06   -0.165243033837191149E+03
    0.396267744486008322E+00    0.637111259782859207E+00    0.141170149675004196E+10    0.194007276668866194E+06   -0.165105270778633667E+03
    0.384303210403694084E+00    0.636359827781859622E+00    0.140623418308849168E+10    0.193281423304600583E+06   -0.164847637325762861E+03
    0.391229915653577676E+00    0.650830067286545688E+00    0.140547298230383611E+10    0.196804126597149734E+06   -0.164918342038048479E+03
    0.387981944033793047E+00    0.635788376305298719E+00    0.140854697767431235E+10    0.196220036984331848E+06   -0.165202459855204182E+03
    0.392520548915693102E+00    0.630120174809006173E+00    0.140862614116650915E+10    0.193114639241587458E+06   -0.164897402689612306E+03
    0.392859329416707759E+00    0.633491654937408555E+00    0.140488925665247202E+10    0.192730009521198052E+06   -0.164975083630832899E+03
    0.396812500650341737E+00    0.640464846780566699E+00    0.140093083521731520E+10    0.187111389437839651E+06   -0.164945273954381975E+03
    0.377729751410058046E+00    0.620436302568526443E+00    0.140956911132316613E+10    0.185615374069906451E+06   -0.165069070125799840E+03
    0.382028851459314533E+00    0.620382253113504589E+00    0.141847305996461797E+10    0.184786953525984194E+06   -0.165096524755889618E+03
    0.392120357944334419E+00    0.616245382952107956E+00    0.141070349348487377E+10    0.189782911272134836E+06   -0.164831588462458740E+03
    0.389809987619268550E+00    0.621091207280889623E+00    0.141024470468754172E+10    0.187747712834632315E+06   -0.164823338049527592E+03
    0.389809987619268550E+00    0.621091207280889623E+00    0.141024470468754172E+10    0.187747712834632315E+06   -0.164823338049527592E+03
    0.391970831165107614E+00    0.639980576342570995E+00    0.142058665041765523E+10    0.189093010757571989E+06   -0.165187362052605692E+03
    0.374124277425874063E+00    0.663052265365504656E+00    0.141721833516878295E+10    0.194769568645315914E+06   -0.165118560556457226E+03
    0.372938615677686325E+00    0.655967966396760804E+00    0.142379801765552115E+10    0.192612655556035548E+06   -0.164424492215792782E+03
    0.372938615677686325E+00    0.655967966396760804E+00    0.142379801765552115E+10    0.192612655556035548E+06   -0.164424492215792782E+03
    0.377124697255961538E+00    0.655009860299383906E+00    0.142464064912814808E+10    0.194167036907553556E+06   -0.165222402459005735E+03
    0.376443201418266704E+00    0.656834113079520332E+00    0.141679443074867797E+10    0.195087364729406545E+06   -0.164870840556357138E+03
    0.372053391992901661E+00    0.650704153827848852E+00    0.142011205512136889E+10    0.194708030608224071E+06   -0.164680393970857097E+03
    0.372261454785482004E+00    0.651353547537933952E+00    0.142603063696185541E+10    0.194596329752062127E+06   -0.165055156150352445E+03
    0.370469883937657285E+00    0.658147262193249372E+00    0.142117780502039051E+10    0.194086466390130721E+06   -0.164875336604523511E+03
    0.386376886215777482E+00    0.681365723578310600E+00    0.140980820760998130E+10    0.193469973086200218E+06   -0.165163554253585090E+03
    0.385305090880707413E+00    0.669673848941609418E+00    0.141241532019048810E+10    0.194890636601179023E+06   -0.165180512268525803E+03
    0.385831036811198180E+00    0.678527271450299896E+00    0.141583901548255277E+10    0.196415971666984173E+06   -0.165046012526665379E+03
    0.384679201088727996E+00    0.673088429383436715E+00    0.141412049022311306E+10    0.195559886449566897E+06   -0.164969448072566195E+03
    0.393107131621865613E+00    0.676264005526436840E+00    0.142215699402233958E+10    0.191031793920642842E+06   -0.164960260924406441E+03
    0.384880929886659839E+00    0.687637673094906088E+00    0.142116557991308451E+10    0.191654014661582216E+06   -0.164904104485498465E+03
    0.354417649226466125E+00    0.687887154567126125E+00    0.143880677239805031E+10    0.192909135391592834E+06   -0.165045985986686674E+03
    0.361551010934078265E+00    0.671896898551673782E+00    0.143358831361368322E+10    0.192701467585890001E+06   -0.164876363217346011E+03
    0.354005051167318674E+00    0.634373235612514019E+00    0.143589150584946823E+10    0.189224900717402139E+06   -0.165096166306244953E+03
    0.341563958130019774E+00    0.623120272936730668E+00    0.142751026245857644E+10    0.194127344237847254E+06   -0.164907965841687258E+03
    0.339768470564900338E+00    0.624853783227851789E+00    0.144090827403912354E+10    0.192429408449903858E+06   -0.165232284842619464E+03
    0.341131853326347767E+00    0.630819582438627791E+00    0.144325257461611128E+10    0.193481580460497004E+06   -0.165134463649474412E+03
    0.354815854782137508E+00    0.600638875649702975E+00    0.142518958693637967E+10    0.190503969696567510E+06   -0.164568234918032516E+03
    0.354815854782137508E+00    0.600638875649702975E+00    0.142518958693637967E+10    0.190503969696567510E+06   -0.164568234918032516E+03
    0.357630549271379494E+00    0.596275221262414945E+00    0.142408459368935037E+10    0.190498173540078191E+06   -0.164662941692119375E+03
    0.354640689652923446E+00    0.598962928459154220E+00    0.143813241718754530E+10    0.189595959586861398E+06   -0.164896298592576102E+03
    0.359928357970894008E+00    0.604912555303376287E+00    0.145362857225274253E+10    0.191475574092802126E+06   -0.164869952218085501E+03
    0.369358996639206960E+00    0.593250276192489157E+00    0.145564297988956356E+10    0.190948647841692495E+06   -0.164760634800764478E+03
    0.369358996639206960E+00    0.593250276192489157E+00    0.145564297988956356E+10    0.190948647841692495E+06   -0.164760634800764478E+03
    0.393929392018542934E+00    0.650000997733466868E+00    0.145169423481807661E+10    0.191144220017246553E+06   -0.164648838340444797E+03
    0.370690652216210947E+00    0.644750649928745645E+00    0.145937827451810622E+10    0.192786230344748619E+06   -0.165058075318937512E+03
    0.387572960759105745E+00    0.644112370839284409E+00    0.144267876961233330E+10    0.191541160266127990E+06   -0.164742719021360926E+03
    0.387572960759105745E+00    0.644112370839284409E+00    0.144267876961233330E+10    0.191541160266127990E+06   -0.164742719021360926E+03
    0.367547680873924199E+00    0.636897691268279775E+00    0.142633667217019987E+10    0.188202112960209139E+06   -0.165084697818860548E+03
    0.367891292645624646E+00    0.640885637995652235E+00    0.142340553520570445E+10    0.187803913565245399E+06   -0.164898897243196245E+03
    0.393058399777463263E+00    0.646253511851588858E+00    0.143163596817261410E+10    0.186785724663628120E+06   -0.165030828990976033E+03
    0.385090910026288258E+00    0.646845865048211621E+00    0.142796159748019671E+10    0.187909305498205562E+06   -0.164745255230897044E+03
    0.385090910026288258E+00    0.646845865048211621E+00    0.142796159748019671E+10    0.187909305498205562E+06   -0.164745255230897044E+03
    0.376997441000361089E+00    0.641189243010849008E+00    0.142342043033833337E+10    0.186642931521519029E+06   -0.165070604707168854E+03
    0.385159761358035369E+00    0.644910092809764635E+00    0.142223475309622383E+10    0.188509029299421469E+06   -0.164689654425391609E+03
    0.385746852710120824E+00    0.635174986161836319E+00    0.142358051963645959E+10    0.188089781098668784E+06   -0.165050054986992393E+03
    0.386569744172697127E+00    0.658704683025489679E+00    0.144138209636963391E+10    0.189590728436620149E+06   -0.164833498284997518E+03
    0.384364770156011282E+00    0.652974998487619640E+00    0.143840723931770253E+10    0.191219873747690493E+06   -0.165105845770317444E+03
    0.389849848962422529E+00    0.649206182953156130E+00    0.144785966928443956E+10    0.189096829015630006E+06   -0.165202347409193294E+03
    0.378327424058873429E+00    0.647072262797783626E+00    0.143526850362839890E+10    0.189617377633407945E+06   -0.165086081063701641E+03
    0.375160955545257746E+00    0.658496449546448037E+00    0.144185185455820322E+10    0.189922103005920624E+06   -0.165196414784367647E+03
    0.387213781238312904E+00    0.653464082939368307E+00    0.142420760490437794E+10    0.188434670235338068E+06   -0.164845867759683017E+03
    0.385928347919963666E+00    0.657536865106437052E+00    0.142746698895833230E+10    0.189505441186145472E+06   -0.164814470114933926E+03
    0.357217607309127549E+00    0.651934768427755884E+00    0.142431425470315242E+10    0.190775482492224837E+06   -0.164700232796932596E+03
    0.354744771390518743E+00    0.649878703338799379E+00    0.142593466166762567E+10    0.191250443615430209E+06   -0.165114405424362843E+03
    0.360076147708993377E+00    0.657659501721613804E+00    0.141698434018803620E+10    0.190872683642886055E+06   -0.165101757650182094E+03
    0.357592755377298233E+00    0.654203544173093565E+00    0.142414313616736150E+10    0.190562232538777491E+06   -0.164297387501536491E+03
    0.357592755377298233E+00    0.654203544173093565E+00    0.142414313616736150E+10    0.190562232538777491E+06   -0.164297387501536491E+03
    0.363179515354851101E+00    0.666979682017857733E+00    0.141673276928923202E+10    0.189702552412659250E+06   -0.165186597404029868E+03
    0.333059125235761311E+00    0.688620529152265348E+00    0.143448229093878198E+10    0.192584955132197938E+06   -0.165241063040775600E+03
    0.340634104080841882E+00    0.686050274501394775E+00    0.143782831823963594E+10    0.190176758533004613E+06   -0.165157858042166822E+03
