    0.158113285027989048E+00    0.382225022329210518E+00    0.553397273715299797E+10   -0.148638099515496492E+03
    0.180962163291426614E+00    0.516236547439447691E+00    0.521621308597534084E+10   -0.147081790667071829E+03
    0.152319915068462097E+00    0.403172775787313142E+00    0.555750118412856483E+10   -0.146749536529521123E+03
    0.161235961172091213E+00    0.558072744854296587E+00    0.547518444046944809E+10   -0.145195210746386152E+03
    0.189874231908589874E+00    0.410558911737581411E+00    0.506614670394298935E+10   -0.145168414888987968E+03
    0.175911702653938296E+00    0.444013036429103281E+00    0.526364610164555550E+10   -0.144999875227155172E+03
    0.175382134119545174E+00    0.397661068974848320E+00    0.527837543800767803E+10   -0.144674855548146581E+03
    0.189313079556589436E+00    0.432075203951654885E+00    0.503019861046696854E+10   -0.144426886916968925E+03
    0.137370745195183636E+00    0.467473307459631116E+00    0.596385578062228775E+10   -0.144340519910131917E+03
    0.133147437600845547E+00    0.478125701111981272E+00    0.601643198900146484E+10   -0.144330696519275335E+03
    0.132844012594641847E+00    0.464292307869701659E+00    0.601899281429431343E+10   -0.144290642918420986E+03
    0.159549736401543574E+00    0.446152593192906011E+00    0.554822214563937187E+10   -0.144102867195050749E+03
    0.191307478176165724E+00    0.514723389405364884E+00    0.506486265636403942E+10   -0.143942163547967084E+03
    0.149257318991862009E+00    0.501182022399515148E+00    0.562983696274147034E+10   -0.143816227535170725E+03
    0.161886140928358679E+00    0.490751865656742225E+00    0.542514967851393890E+10   -0.143762060887774112E+03
    0.167212738272213779E+00    0.461783576345018432E+00    0.533509689281812572E+10   -0.143593804748998224E+03
    0.162274433116952332E+00    0.446450906104999490E+00    0.539701609436435604E+10   -0.143526341212640233E+03
    0.140670345550488379E+00    0.484603050774058630E+00    0.582368022918256569E+10   -0.143508487381016721E+03
    0.209716607430516788E+00    0.442760780160183387E+00    0.478800824841358948E+10   -0.143503610764029872E+03
    0.193899657618810173E+00    0.519702651042235786E+00    0.506083561520614052E+10   -0.143485639351041414E+03
    0.164730557444959236E+00    0.534321051174801553E+00    0.541499681129873466E+10   -0.143483994328403412E+03
    0.172317951987252499E+00    0.454141284163503300E+00    0.528194222977402115E+10   -0.143394992360046871E+03
    0.154876971575123701E+00    0.554990229016203429E+00    0.553559437285360718E+10   -0.143376836475759717E+03
    0.152705057541964395E+00    0.475867169548216395E+00    0.562825430834526253E+10   -0.143308325687817103E+03
    0.169302304258663328E+00    0.389791806621451187E+00    0.533936453878805923E+10   -0.143305191435302106E+03
    0.137092924282552375E+00    0.494629603497680037E+00    0.591488942280053711E+10   -0.143173011199719525E+03
    0.146244777230339656E+00    0.496826485950981223E+00    0.576367240271560097E+10   -0.143121668091951392E+03
    0.172732788133613313E+00    0.474810214750061022E+00    0.523902870853670502E+10   -0.143119854403476324E+03
    0.152956955560691388E+00    0.466819888356294399E+00    0.569539919567761612E+10   -0.143089966842627916E+03
    0.154087949433570570E+00    0.457585380332094616E+00    0.567882086956634903E+10   -0.143052063721529066E+03
    0.163192386339601592E+00    0.467122039521257193E+00    0.542659239785287666E+10   -0.143042550912741859E+03
    0.165322650728650433E+00    0.485489969855878556E+00    0.540363237311931419E+10   -0.143037202443537495E+03
    0.201944090402380538E+00    0.421505590584118295E+00    0.490769442624399757E+10   -0.143032787712746057E+03
    0.168325367361734035E+00    0.555166830545328338E+00    0.535577868004612541E+10   -0.142968712353665239E+03
    0.142259812536168928E+00    0.515906678684149966E+00    0.580424754312846947E+10   -0.142937763770116504E+03
    0.145106948488203630E+00    0.455378816407570497E+00    0.580813887758558464E+10   -0.142905402658571944E+03
    0.169715810902035857E+00    0.447686550809248018E+00    0.529087820119865990E+10   -0.142879654653968004E+03
    0.159814167427685117E+00    0.542030637771322432E+00    0.552102279964538383E+10   -0.142863388297426440E+03
    0.197055863404081100E+00    0.441286911567877027E+00    0.495300250944254398E+10   -0.142850964553988206E+03
    0.183105154710868134E+00    0.470479660261437616E+00    0.509957985451088238E+10   -0.142848986761361999E+03
    0.149194047367337546E+00    0.501140226713587822E+00    0.564472451096347046E+10   -0.142797950475338666E+03
    0.154182150285916697E+00    0.493088667553124083E+00    0.555066600969211578E+10   -0.142750408127965102E+03
    0.154409929300889037E+00    0.550441249101149666E+00    0.556481624595936394E+10   -0.142745686698110944E+03
    0.153920207305432599E+00    0.444101305630058008E+00    0.559151854773678207E+10   -0.142736738019475411E+03
    0.152761783001354373E+00    0.405007442450891375E+00    0.560382969233718491E+10   -0.142724917003885253E+03
    0.168326590551925614E+00    0.427711438368852725E+00    0.534973882282470989E+10   -0.142679203553003504E+03
    0.224253986467479349E+00    0.459008395478516462E+00    0.464206992218490219E+10   -0.142612259491930530E+03
    0.186601214981118591E+00    0.479767276794309083E+00    0.505451776973349190E+10   -0.142592702590869663E+03
    0.185326752815307971E+00    0.512329311238641338E+00    0.509553556886550236E+10   -0.142590196238366445E+03
    0.199276778917568287E+00    0.451376896509970038E+00    0.493769368386952972E+10   -0.142577833969205557E+03
    0.156349818176687139E+00    0.395297955081197472E+00    0.553645865018676567E+10   -0.142549382999747849E+03
    0.164585370223035266E+00    0.477170548680309281E+00    0.537273369540777779E+10   -0.142540608025556480E+03
    0.162795627760432327E+00    0.521874904628056413E+00    0.541395427485422421E+10   -0.142524235496575159E+03
    0.153790982410175692E+00    0.531821566929162159E+00    0.562505419717914009E+10   -0.142517056968025059E+03
    0.169712275403087975E+00    0.483668856673912018E+00    0.529746403768249989E+10   -0.142404614580633051E+03
    0.155453047559423740E+00    0.472620448410799199E+00    0.553650324995343208E+10   -0.142391819213751347E+03
    0.188182801269239919E+00    0.465755359982122030E+00    0.508311201025531292E+10   -0.142391194683694550E+03
    0.169227515603187550E+00    0.462660101263951518E+00    0.534423836258310699E+10   -0.142341330357817640E+03
    0.175468148131533719E+00    0.575930644625728405E+00    0.520822393440128136E+10   -0.142336578630814188E+03
    0.186935130241146275E+00    0.520175822272504362E+00    0.512502362215004253E+10   -0.142335061959204552E+03
    0.157359369189903231E+00    0.476073111941072824E+00    0.558298824184354210E+10   -0.142324868314578396E+03
    0.154551952307272894E+00    0.497096902750477909E+00    0.558280386337368774E+10   -0.142294893634224934E+03
    0.168031506443703127E+00    0.455242867172547250E+00    0.533513056844905663E+10   -0.142282569781716234E+03
    0.193273865412886880E+00    0.466107768927388477E+00    0.500971656831700706E+10   -0.142265331889949493E+03
    0.147445838006864227E+00    0.489223620706686901E+00    0.573981970356335258E+10   -0.142256633322310506E+03
    0.155493115149149430E+00    0.421273063002855608E+00    0.556225721750480652E+10   -0.142239355259569919E+03
    0.145977948556086867E+00    0.440030381208089238E+00    0.576314317658996010E+10   -0.142206170030247279E+03
    0.172611323016410023E+00    0.414734926829130046E+00    0.531374720757851315E+10   -0.142202311743151142E+03
    0.186622270519755273E+00    0.434646232476145755E+00    0.506944076554096031E+10   -0.142170034604980629E+03
    0.188713696125096253E+00    0.456166553261622809E+00    0.507688013207595634E+10   -0.142163582182088362E+03
    0.160141903188572021E+00    0.521849106229401727E+00    0.545951982492923546E+10   -0.142152655730695585E+03
    0.169311142401909531E+00    0.462680468219838659E+00    0.536514031175195312E+10   -0.142149860336419920E+03
    0.167343963391506839E+00    0.514355663890489367E+00    0.543504768726815796E+10   -0.142096748372517538E+03
    0.183975256217932759E+00    0.481574392179117794E+00    0.511770723381201553E+10   -0.142081056474606044E+03
    0.167627492542325451E+00    0.505323679857102803E+00    0.541930433974525261E+10   -0.142067534869237988E+03
    0.146818670847195132E+00    0.499324426455832082E+00    0.570849914952017021E+10   -0.142029986085312828E+03
    0.161980721385527437E+00    0.486502627990038405E+00    0.546612888907155609E+10   -0.142011305485923145E+03
    0.192980381177965121E+00    0.518923224173597930E+00    0.500004772923397446E+10   -0.141972748118849978E+03
    0.168211292430086701E+00    0.466768432726084370E+00    0.532161859074138832E+10   -0.141959245286612628E+03
    0.145132070455933598E+00    0.502395487670225904E+00    0.575452252567052841E+10   -0.141945582879248491E+03
    0.178174830247662508E+00    0.508910553786375175E+00    0.519992675387045002E+10   -0.141929777082298585E+03
    0.166059249083601257E+00    0.470763088655296258E+00    0.536483838493925476E+10   -0.141899610157846439E+03
    0.183850464888969001E+00    0.427631853042830912E+00    0.515058772607719803E+10   -0.141804033292676593E+03
    0.184810616123239402E+00    0.482062867882490309E+00    0.510847166605312920E+10   -0.141802773915616712E+03
    0.168831366351299444E+00    0.502861327045373230E+00    0.532688716542063046E+10   -0.141781127271028367E+03
    0.198145636575061790E+00    0.529649858277521091E+00    0.492484964460478115E+10   -0.141756012609333453E+03
    0.152915359357752745E+00    0.385578889068163733E+00    0.561196831701994705E+10   -0.141741378795705771E+03
    0.193149545426927582E+00    0.414331832246251253E+00    0.502392432337797356E+10   -0.141736966592133484E+03
    0.180551674888804858E+00    0.398939096777832347E+00    0.518612386633893585E+10   -0.141672619281258648E+03
    0.155498270713722408E+00    0.458783089604644090E+00    0.555779757787727547E+10   -0.141670350730138267E+03
    0.153241265987520248E+00    0.517481417472415828E+00    0.560401753310530281E+10   -0.141623518881071760E+03
    0.153517553044251853E+00    0.372921952585388183E+00    0.559564740432474899E+10   -0.141549590036365657E+03
    0.147511239945727735E+00    0.510387212510458710E+00    0.575055910895158386E+10   -0.141542788202571501E+03
    0.147511239945727735E+00    0.510387212510458710E+00    0.575055910895158386E+10   -0.141542788202571501E+03
    0.147951657820865168E+00    0.488627372815093608E+00    0.574914597714991760E+10   -0.141502009878283616E+03
    0.164019874739496668E+00    0.443711984413647897E+00    0.543339998990245819E+10   -0.141465792694620234E+03
    0.164019874739496668E+00    0.443711984413647897E+00    0.543339998990245819E+10   -0.141465792694620234E+03
    0.154460990739222287E+00    0.510798820558688860E+00    0.556388698755423737E+10   -0.141457104233765619E+03
    0.197299644507694161E+00    0.530187115756637795E+00    0.492419302830530739E+10   -0.141438386286943256E+03
    0.161849386131951212E+00    0.469831588906021835E+00    0.548161091436346245E+10   -0.141432994694696475E+03
    0.161849386131951212E+00    0.469831588906021835E+00    0.548161091436346245E+10   -0.141432994694696475E+03
    0.188464576152005625E+00    0.433680280155595455E+00    0.509565939670065308E+10   -0.141422956929454983E+03
    0.188464576152005625E+00    0.433680280155595455E+00    0.509565939670065308E+10   -0.141422956929454983E+03
    0.167986748644586653E+00    0.437833853733280876E+00    0.535060916040741825E+10   -0.141419092454722829E+03
    0.167986748644586653E+00    0.437833853733280876E+00    0.535060916040741825E+10   -0.141419092454722829E+03
    0.190380654105867853E+00    0.470985430839320429E+00    0.505316979226211739E+10   -0.141408268740525585E+03
    0.205969999358538269E+00    0.465304228776277640E+00    0.485318627551841164E+10   -0.141396420422997664E+03
    0.205969999358538269E+00    0.465304228776277640E+00    0.485318627551841164E+10   -0.141396420422997664E+03
    0.158030012394197283E+00    0.458763221361603968E+00    0.550879380050896835E+10   -0.141377154064464520E+03
    0.183934565636938330E+00    0.482674262673485899E+00    0.513083975742344952E+10   -0.141355131689999837E+03
    0.167339265297419160E+00    0.501374084722765900E+00    0.536927645675306988E+10   -0.141347891019114513E+03
    0.167339265297419160E+00    0.501374084722765900E+00    0.536927645675306988E+10   -0.141347891019114513E+03
    0.169597871194379968E+00    0.506488157800365713E+00    0.537154079914714050E+10   -0.141319067846474042E+03
    0.169597871194379968E+00    0.506488157800365713E+00    0.537154079914714050E+10   -0.141319067846474042E+03
    0.161050498962684613E+00    0.582640301391739612E+00    0.547807653636787605E+10   -0.141317141624763622E+03
    0.154745708050371522E+00    0.350590884091701582E+00    0.557021569214410591E+10   -0.141315584415524143E+03
    0.185225667378382419E+00    0.522616655533166607E+00    0.510894199170273209E+10   -0.141295913946069277E+03
    0.164094897067109668E+00    0.585479248557330578E+00    0.541231684667597580E+10   -0.141290677870219383E+03
    0.164094897067109668E+00    0.585479248557330578E+00    0.541231684667597580E+10   -0.141290677870219383E+03
    0.163386277899755350E+00    0.447423798804138073E+00    0.540809784975783920E+10   -0.141280117107714148E+03
    0.208652994433525640E+00    0.458580545577106591E+00    0.480000559011604500E+10   -0.141275032665233056E+03
    0.186129841373449512E+00    0.450815432300545993E+00    0.506952585404243660E+10   -0.141270686707054466E+03
    0.156961774121039621E+00    0.471014055760520023E+00    0.554669706930800629E+10   -0.141221433061146570E+03
    0.156961774121039621E+00    0.471014055760520023E+00    0.554669706930800629E+10   -0.141221433061146570E+03
    0.183380274133047305E+00    0.520826755394365293E+00    0.511073796428795052E+10   -0.141215873713365852E+03
    0.154644279333858214E+00    0.368250984150023442E+00    0.558439474495261574E+10   -0.141171962533229930E+03
    0.168889662219908976E+00    0.430514644717394646E+00    0.535656327416939545E+10   -0.141147134954955447E+03
    0.154012538134499749E+00    0.463806281019811806E+00    0.558744641883962631E+10   -0.141119734880299973E+03
    0.171483132429170015E+00    0.433085171907929833E+00    0.534070994814931870E+10   -0.141116029255188010E+03
    0.171483132429170015E+00    0.433085171907929833E+00    0.534070994814931870E+10   -0.141116029255188010E+03
    0.185612735908129378E+00    0.480652240097835914E+00    0.511154871730987740E+10   -0.141091325180768507E+03
    0.185612735908129378E+00    0.480652240097835914E+00    0.511154871730987740E+10   -0.141091325180768507E+03
    0.161095394209675669E+00    0.480523923039836376E+00    0.546178634639764786E+10   -0.141078506098198631E+03
    0.161095394209675669E+00    0.480523923039836376E+00    0.546178634639764786E+10   -0.141078506098198631E+03
    0.209286506283884288E+00    0.623377323679761730E+00    0.482487158312330818E+10   -0.141062657592185275E+03
    0.209286506283884288E+00    0.623377323679761730E+00    0.482487158312330818E+10   -0.141062657592185275E+03
    0.178286099872656645E+00    0.509078577421144374E+00    0.521639639801966000E+10   -0.141061730127548230E+03
    0.157705791496054903E+00    0.579216838780906684E+00    0.553115347968760109E+10   -0.141052939495475641E+03
    0.173256466917839358E+00    0.435067689324506901E+00    0.532875660534570694E+10   -0.141050963222423093E+03
    0.173256466917839358E+00    0.435067689324506901E+00    0.532875660534570694E+10   -0.141050963222423093E+03
    0.160122006443188747E+00    0.481101649430446088E+00    0.547279643946902275E+10   -0.141013741145949950E+03
    0.181368734721444935E+00    0.430199566571477732E+00    0.520427823268490410E+10   -0.141008897348221524E+03
    0.150623806314635955E+00    0.503978266267138153E+00    0.568218578693832779E+10   -0.141003561890203287E+03
    0.150623806314635955E+00    0.503978266267138153E+00    0.568218578693832779E+10   -0.141003561890203287E+03
    0.169275192205683683E+00    0.483163356238753394E+00    0.531309109209635544E+10   -0.140997248719816923E+03
    0.180978272749182267E+00    0.556783226430205502E+00    0.514832729697850704E+10   -0.140987252239940460E+03
    0.163655669669353687E+00    0.589540778329194382E+00    0.543958383214244270E+10   -0.140979463956426400E+03
    0.164812323248313131E+00    0.500052037983323316E+00    0.542417854094989586E+10   -0.140969927783033711E+03
    0.164812323248313131E+00    0.500052037983323316E+00    0.542417854094989586E+10   -0.140969927783033711E+03
    0.159655873616714739E+00    0.578796093724957217E+00    0.552374356303382874E+10   -0.140953589700898419E+03
    0.179936071172368650E+00    0.445169271163688762E+00    0.519903838571744728E+10   -0.140946763440711436E+03
    0.179936071172368650E+00    0.445169271163688762E+00    0.519903838571744728E+10   -0.140946763440711436E+03
    0.166331589252322304E+00    0.465734446837760885E+00    0.537244367753734589E+10   -0.140943165707699194E+03
    0.155335065573504960E+00    0.532665331765835859E+00    0.555620259951860809E+10   -0.140941992332773481E+03
    0.177263018481557788E+00    0.542504658305899667E+00    0.519475833318198204E+10   -0.140940057946618566E+03
    0.185974206060267377E+00    0.406133725102847620E+00    0.509470238781204796E+10   -0.140919211064701244E+03
    0.184940742570926908E+00    0.473822814466700493E+00    0.512039587035326385E+10   -0.140912597619801318E+03
    0.181539538171945014E+00    0.433150106994006023E+00    0.515170221655244827E+10   -0.140905901330684799E+03
    0.181539538171945014E+00    0.433150106994006023E+00    0.515170221655244827E+10   -0.140905901330684799E+03
    0.158113448141912666E+00    0.473710630683950029E+00    0.550652892669621658E+10   -0.140890846252858978E+03
    0.170775659135565222E+00    0.483204634136310318E+00    0.531638773205492973E+10   -0.140887755351674627E+03
    0.185037580885319464E+00    0.500139203301761981E+00    0.511057189106781769E+10   -0.140853553614513828E+03
    0.188425625700949007E+00    0.477163712639567805E+00    0.507312622760444641E+10   -0.140835711704568922E+03
    0.188425625700949007E+00    0.477163712639567805E+00    0.507312622760444641E+10   -0.140835711704568922E+03
    0.181313739643112815E+00    0.477162918522557433E+00    0.515966713821232414E+10   -0.140819227486480088E+03
    0.168133226514305234E+00    0.475720936503048364E+00    0.534092808222197914E+10   -0.140810973854788585E+03
    0.168133226514305234E+00    0.475720936503048364E+00    0.534092808222197914E+10   -0.140810973854788585E+03
    0.181110430049679916E+00    0.517498859661785104E+00    0.515642540398648834E+10   -0.140807239229301103E+03
    0.181110430049679916E+00    0.517498859661785104E+00    0.515642540398648834E+10   -0.140807239229301103E+03
    0.169150747841181059E+00    0.534123723163910213E+00    0.537873838722461796E+10   -0.140805730066640365E+03
    0.181575485863851582E+00    0.470785107028149241E+00    0.516854785309953499E+10   -0.140802318722408984E+03
    0.181575485863851582E+00    0.470785107028149241E+00    0.516854785309953499E+10   -0.140802318722408984E+03
    0.174431836554979292E+00    0.470467795840107783E+00    0.526906960389573479E+10   -0.140739318703748125E+03
    0.157174554487368723E+00    0.513238017766251886E+00    0.555272706129549026E+10   -0.140729571598503242E+03
    0.190959098814461159E+00    0.429933148588325764E+00    0.503266745795794678E+10   -0.140721181917872485E+03
    0.191665879520901028E+00    0.499617225953386423E+00    0.501474290233190823E+10   -0.140720159180576871E+03
    0.191665879520901028E+00    0.499617225953386423E+00    0.501474290233190823E+10   -0.140720159180576871E+03
    0.173988360263806152E+00    0.514000012863483846E+00    0.526657231340133095E+10   -0.140712905521043695E+03
    0.173988360263806152E+00    0.514000012863483846E+00    0.526657231340133095E+10   -0.140712905521043695E+03
    0.181150055762397122E+00    0.458041186211335827E+00    0.515264764810791779E+10   -0.140702324581531769E+03
    0.181150055762397122E+00    0.458041186211335827E+00    0.515264764810791779E+10   -0.140702324581531769E+03
    0.165344103045956481E+00    0.441818454227524526E+00    0.540995378474772167E+10   -0.140695629158581312E+03
    0.165344103045956481E+00    0.441818454227524526E+00    0.540995378474772167E+10   -0.140695629158581312E+03
    0.175726586146263630E+00    0.505924759799835755E+00    0.523328791391084290E+10   -0.140691825307307568E+03
    0.186274188032544807E+00    0.469859968319862986E+00    0.511456503595071983E+10   -0.140651523527522983E+03
    0.182916121218903216E+00    0.464058895002841254E+00    0.514939723767649651E+10   -0.140648780156732641E+03
    0.180109010988749152E+00    0.425056567219918691E+00    0.519461450346076584E+10   -0.140628759780385337E+03
    0.180109010988749152E+00    0.425056567219918691E+00    0.519461450346076584E+10   -0.140628759780385337E+03
    0.171913366749295471E+00    0.475784482938824027E+00    0.532098556710763359E+10   -0.140627989948963233E+03
    0.166072209670371340E+00    0.469943951016652761E+00    0.539883795352003288E+10   -0.140627191934248685E+03
    0.170160844384386445E+00    0.577830322799172791E+00    0.530105609436522865E+10   -0.140626510281537549E+03
    0.175455398774132298E+00    0.582109932254223139E+00    0.523405207569446564E+10   -0.140612870229880542E+03
    0.175455398774132298E+00    0.582109932254223139E+00    0.523405207569446564E+10   -0.140612870229880542E+03
    0.175613606558694346E+00    0.446455821085438131E+00    0.524407218919139862E+10   -0.140597995238654846E+03
    0.163045967142879389E+00    0.446411553134179684E+00    0.545577365874142647E+10   -0.140583622133428378E+03
    0.163045967142879389E+00    0.446411553134179684E+00    0.545577365874142647E+10   -0.140583622133428378E+03
    0.174193778467365723E+00    0.475059957752941742E+00    0.524319741388666534E+10   -0.140574655669916012E+03
    0.174193778467365723E+00    0.475059957752941742E+00    0.524319741388666534E+10   -0.140574655669916012E+03
    0.171994641769723344E+00    0.478361170155990223E+00    0.527265420888922501E+10   -0.140573431966578255E+03
    0.171994641769723344E+00    0.478361170155990223E+00    0.527265420888922501E+10   -0.140573431966578255E+03
    0.173249276454428142E+00    0.416669094070263313E+00    0.530430530265932083E+10   -0.140568942340634550E+03
    0.174086446016500307E+00    0.495918279727277422E+00    0.524802015204272938E+10   -0.140568805738376454E+03
    0.174086446016500307E+00    0.495918279727277422E+00    0.524802015204272938E+10   -0.140568805738376454E+03
    0.169934494600232466E+00    0.448912823941887140E+00    0.536906534717793083E+10   -0.140558773322459331E+03
    0.169934494600232466E+00    0.448912823941887140E+00    0.536906534717793083E+10   -0.140558773322459331E+03
    0.179873479121719027E+00    0.410442010177707317E+00    0.520116179960634422E+10   -0.140558463354390511E+03
    0.179873479121719027E+00    0.410442010177707317E+00    0.520116179960634422E+10   -0.140558463354390511E+03
    0.187172699422498146E+00    0.465825204413125249E+00    0.507975349532705402E+10   -0.140541764732938816E+03
    0.171746012481423516E+00    0.453015745406732506E+00    0.533749116020487404E+10   -0.140532985531766599E+03
    0.171746012481423516E+00    0.453015745406732506E+00    0.533749116020487404E+10   -0.140532985531766599E+03
    0.188572476594461746E+00    0.355145168224860086E+00    0.508600256026882362E+10   -0.140525486514761582E+03
    0.173180998391323115E+00    0.493328600433383002E+00    0.527428963662075996E+10   -0.140520525998882334E+03
    0.161987343046454707E+00    0.474608677368708598E+00    0.546834980507241821E+10   -0.140513100645062167E+03
    0.162215483688378848E+00    0.437805907458756138E+00    0.546215348756531715E+10   -0.140510670026625434E+03
    0.173740203999439013E+00    0.479881462151496407E+00    0.527445900136604691E+10   -0.140509994670115930E+03
    0.173740203999439013E+00    0.479881462151496407E+00    0.527445900136604691E+10   -0.140509994670115930E+03
    0.179422228121574157E+00    0.511448988700884399E+00    0.521549308226704216E+10   -0.140507385912255955E+03
    0.179422228121574157E+00    0.511448988700884399E+00    0.521549308226704216E+10   -0.140507385912255955E+03
    0.169593884998017697E+00    0.445394606817046679E+00    0.531661065600199127E+10   -0.140495645908931465E+03
    0.169593884998017697E+00    0.445394606817046679E+00    0.531661065600199127E+10   -0.140495645908931465E+03
    0.187752729253963968E+00    0.537735079404999539E+00    0.512818734409379005E+10   -0.140491673046578569E+03
    0.187752729253963968E+00    0.537735079404999539E+00    0.512818734409379005E+10   -0.140491673046578569E+03
    0.178403504028793125E+00    0.499700964162085981E+00    0.518031811244249153E+10   -0.140481826226377393E+03
    0.178403504028793125E+00    0.499700964162085981E+00    0.518031811244249153E+10   -0.140481826226377393E+03
    0.163382120455862423E+00    0.517871327525032399E+00    0.542316161993007469E+10   -0.140448247070398452E+03
    0.175444225450348879E+00    0.518033572776388951E+00    0.527281264632738876E+10   -0.140444026580567140E+03
    0.175444225450348879E+00    0.518033572776388951E+00    0.527281264632738876E+10   -0.140444026580567140E+03
    0.189005834148648910E+00    0.511450029073188261E+00    0.508267749293668747E+10   -0.140434470617559839E+03
    0.189005834148648910E+00    0.511450029073188261E+00    0.508267749293668747E+10   -0.140434470617559839E+03
    0.187824087900394399E+00    0.450173899085541507E+00    0.508736110009076786E+10   -0.140421872206689869E+03
    0.163367438301231960E+00    0.445196281643747582E+00    0.542695598018332005E+10   -0.140420981853251362E+03
    0.178063140505447082E+00    0.482420323888277380E+00    0.522923232770009804E+10   -0.140413263617360911E+03
    0.178063140505447082E+00    0.482420323888277380E+00    0.522923232770009804E+10   -0.140413263617360911E+03
    0.165977684662353631E+00    0.515927877417398761E+00    0.539425272554006100E+10   -0.140396785756222641E+03
    0.169738722281850052E+00    0.517228431587009041E+00    0.534988567968708801E+10   -0.140395272216764226E+03
    0.170362406384273718E+00    0.494214172416979736E+00    0.530512703267526150E+10   -0.140379672049279407E+03
    0.158748612772760117E+00    0.484254849455281189E+00    0.552485605665835190E+10   -0.140353549215207096E+03
    0.158748612772760117E+00    0.484254849455281189E+00    0.552485605665835190E+10   -0.140353549215207096E+03
    0.193679719768098724E+00    0.477370879344196197E+00    0.499911803611487770E+10   -0.140342376690564180E+03
    0.162666013276052596E+00    0.526214750087355299E+00    0.545616193586405945E+10   -0.140304560646511220E+03
    0.179067183060647783E+00    0.481544165924734813E+00    0.519336455987411118E+10   -0.140291270080382816E+03
    0.179067183060647783E+00    0.481544165924734813E+00    0.519336455987411118E+10   -0.140291270080382816E+03
    0.196177443543502694E+00    0.462300453874577855E+00    0.497944500161790848E+10   -0.140261953701668631E+03
    0.196177443543502694E+00    0.462300453874577855E+00    0.497944500161790848E+10   -0.140261953701668631E+03
    0.186064281475829707E+00    0.452500796949490081E+00    0.511792235332748985E+10   -0.140259169792052035E+03
    0.178490067934306995E+00    0.408819317732838527E+00    0.521441913987151527E+10   -0.140248502781452601E+03
    0.178490067934306995E+00    0.408819317732838527E+00    0.521441913987151527E+10   -0.140248502781452601E+03
    0.187135116605010254E+00    0.537303976427217833E+00    0.508880604446106339E+10   -0.140239667045389155E+03
    0.187135116605010254E+00    0.537303976427217833E+00    0.508880604446106339E+10   -0.140239667045389155E+03
    0.188509015835170324E+00    0.466346829005956920E+00    0.510065889368867683E+10   -0.140234756246705047E+03
    0.188509015835170324E+00    0.466346829005956920E+00    0.510065889368867683E+10   -0.140234756246705047E+03
    0.175748150694530536E+00    0.527842647043456736E+00    0.523333116511025810E+10   -0.140234583267289537E+03
    0.175748150694530536E+00    0.527842647043456736E+00    0.523333116511025810E+10   -0.140234583267289537E+03
    0.187857217228034945E+00    0.443698707495862266E+00    0.507272979698352337E+10   -0.140227088466425300E+03
    0.196696877485569743E+00    0.563847798668522415E+00    0.497515320073020172E+10   -0.140224845814837437E+03
    0.186758292655679226E+00    0.397208956016095627E+00    0.509908375276943207E+10   -0.140218794283712327E+03
    0.186758292655679226E+00    0.397208956016095627E+00    0.509908375276943207E+10   -0.140218794283712327E+03
    0.168472399255141986E+00    0.511441841816351328E+00    0.535990399470455933E+10   -0.140213170324334953E+03
    0.168472399255141986E+00    0.511441841816351328E+00    0.535990399470455933E+10   -0.140213170324334953E+03
    0.183546476116048463E+00    0.586658827855901066E+00    0.512526962331476593E+10   -0.140208302195127885E+03
    0.159769400099333825E+00    0.508538698301844505E+00    0.550183097347267723E+10   -0.140203166063302206E+03
    0.173832162530255824E+00    0.425588099586015289E+00    0.528415507169151402E+10   -0.140191316475318416E+03
    0.173832162530255824E+00    0.425588099586015289E+00    0.528415507169151402E+10   -0.140191316475318416E+03
    0.165097007016562491E+00    0.499891855588387557E+00    0.539222853721928310E+10   -0.140153613164665558E+03
    0.165097007016562491E+00    0.499891855588387557E+00    0.539222853721928310E+10   -0.140153613164665558E+03
    0.167223845087717538E+00    0.450954330680236382E+00    0.540604405064609337E+10   -0.140142136998607526E+03
    0.167223845087717538E+00    0.450954330680236382E+00    0.540604405064609337E+10   -0.140142136998607526E+03
    0.183897484415098456E+00    0.443948804303191835E+00    0.512914915901579666E+10   -0.140140092613245827E+03
    0.170060260204554892E+00    0.498265275106998473E+00    0.531617564654684162E+10   -0.140138676480863097E+03
    0.170060260204554892E+00    0.498265275106998473E+00    0.531617564654684162E+10   -0.140138676480863097E+03
    0.159068546107394071E+00    0.507532765628511129E+00    0.551957452834494591E+10   -0.140118850867577862E+03
    0.164644688912385151E+00    0.477346648031835130E+00    0.544470178541670799E+10   -0.140111994370785681E+03
    0.164644688912385151E+00    0.477346648031835130E+00    0.544470178541670799E+10   -0.140111994370785681E+03
    0.177911364776788705E+00    0.512029249402008446E+00    0.520307337756241608E+10   -0.140110197472637026E+03
    0.188548530245101154E+00    0.429811411051485237E+00    0.505760220379429150E+10   -0.140103523050709384E+03
    0.161647711059215382E+00    0.527842419549406472E+00    0.548289009079787445E+10   -0.140094285523797424E+03
    0.178594823967780092E+00    0.528020471701333705E+00    0.519431716060400200E+10   -0.140076346307197866E+03
    0.168281492240429459E+00    0.451662910391126715E+00    0.537182846952862740E+10   -0.140068164890492369E+03
    0.168281492240429459E+00    0.451662910391126715E+00    0.537182846952862740E+10   -0.140068164890492369E+03
    0.163303615091159815E+00    0.466511653075885491E+00    0.546557617451789665E+10   -0.140062482639064683E+03
    0.177984765378749799E+00    0.496783528042776368E+00    0.521546560437753296E+10   -0.140061410298816384E+03
    0.177984765378749799E+00    0.496783528042776368E+00    0.521546560437753296E+10   -0.140061410298816384E+03
    0.164812293266929422E+00    0.520916198700831501E+00    0.542689494622257423E+10   -0.140053725548734263E+03
    0.164812293266929422E+00    0.520916198700831501E+00    0.542689494622257423E+10   -0.140053725548734263E+03
    0.198673252960593127E+00    0.576123387747397686E+00    0.492760188233541393E+10   -0.140053313800869205E+03
    0.198673252960593127E+00    0.576123387747397686E+00    0.492760188233541393E+10   -0.140053313800869205E+03
    0.175975927607732119E+00    0.518661198867944151E+00    0.526053142939253616E+10   -0.140041591513321379E+03
    0.186289660950630875E+00    0.558662034865029966E+00    0.512729052737816811E+10   -0.140012102497825936E+03
    0.166735501314910273E+00    0.414488883192516866E+00    0.538689915507028770E+10   -0.140010226580313883E+03
    0.166735501314910273E+00    0.414488883192516866E+00    0.538689915507028770E+10   -0.140010226580313883E+03
    0.183396256336986030E+00    0.434749796066348893E+00    0.513676521173108101E+10   -0.140001528466927084E+03
    0.165498363718563357E+00    0.478353359131695299E+00    0.542286821310324097E+10   -0.139989595935877162E+03
    0.165498363718563357E+00    0.478353359131695299E+00    0.542286821310324097E+10   -0.139989595935877162E+03
    0.185037862515840257E+00    0.452142361398932380E+00    0.509098488256962490E+10   -0.139987694859918065E+03
    0.185037862515840257E+00    0.452142361398932380E+00    0.509098488256962490E+10   -0.139987694859918065E+03
    0.161465659013585672E+00    0.541767253431807205E+00    0.546269114158625221E+10   -0.139981779853891197E+03
    0.185575682215967541E+00    0.445793737295934633E+00    0.510270180231723595E+10   -0.139974178152380063E+03
    0.177961739560712040E+00    0.511302489999964749E+00    0.520040789890504646E+10   -0.139968063795780409E+03
    0.177961739560712040E+00    0.511302489999964749E+00    0.520040789890504646E+10   -0.139968063795780409E+03
    0.198910334864976557E+00    0.576855092187662066E+00    0.492688892557889175E+10   -0.139952568280295566E+03
    0.198910334864976557E+00    0.576855092187662066E+00    0.492688892557889175E+10   -0.139952568280295566E+03
    0.164561949882768954E+00    0.474274622010268487E+00    0.541037306563261986E+10   -0.139949666219993389E+03
    0.164561949882768954E+00    0.474274622010268487E+00    0.541037306563261986E+10   -0.139949666219993389E+03
    0.173006269536792656E+00    0.481215381141106846E+00    0.529756070055809402E+10   -0.139949312571113467E+03
    0.165395955270107864E+00    0.508751245817277820E+00    0.541461714301696205E+10   -0.139944165216478382E+03
    0.159690034996859020E+00    0.503604240257335078E+00    0.549991972222198296E+10   -0.139943759950538237E+03
    0.163363996864649197E+00    0.441768436387441454E+00    0.542590073428706551E+10   -0.139943253569968249E+03
    0.163363996864649197E+00    0.441768436387441454E+00    0.542590073428706551E+10   -0.139943253569968249E+03
    0.181324440120268826E+00    0.434660611540412134E+00    0.515969834659996223E+10   -0.139940074100794959E+03
    0.167746522725005981E+00    0.468537048081568486E+00    0.539473339506655121E+10   -0.139925356587951171E+03
    0.167746522725005981E+00    0.468537048081568486E+00    0.539473339506655121E+10   -0.139925356587951171E+03
    0.177194888253259741E+00    0.479120477513150789E+00    0.521474567287771416E+10   -0.139919074645092934E+03
    0.154535508495778573E+00    0.491666661476310551E+00    0.562118852400329399E+10   -0.139896423153739590E+03
    0.161594171810690024E+00    0.442134461432077686E+00    0.545880295898838615E+10   -0.139881284195175795E+03
    0.161594171810690024E+00    0.442134461432077686E+00    0.545880295898838615E+10   -0.139881284195175795E+03
    0.181182004679648789E+00    0.450118406606332400E+00    0.518583335243581200E+10   -0.139880750094160931E+03
    0.176409097421544647E+00    0.466016932362563807E+00    0.523175063462071991E+10   -0.139847024172355219E+03
    0.172940907219291673E+00    0.508222064000754870E+00    0.532238633856319618E+10   -0.139844366543858570E+03
    0.172940907219291673E+00    0.508222064000754870E+00    0.532238633856319618E+10   -0.139844366543858570E+03
    0.173609542127828059E+00    0.481472791040120640E+00    0.531301482418221474E+10   -0.139841685136834741E+03
    0.178831235407331868E+00    0.511860224828506460E+00    0.521951495363995934E+10   -0.139840678859266461E+03
    0.179863303201089730E+00    0.469467917971881477E+00    0.516867498355501175E+10   -0.139836943675178162E+03
    0.179863303201089730E+00    0.469467917971881477E+00    0.516867498355501175E+10   -0.139836943675178162E+03
    0.185080610209649665E+00    0.476306553441341762E+00    0.513386976869565392E+10   -0.139836824250925105E+03
    0.178488903249019892E+00    0.465412919184448270E+00    0.520519439434800339E+10   -0.139826447670704283E+03
    0.178488903249019892E+00    0.465412919184448270E+00    0.520519439434800339E+10   -0.139826447670704283E+03
    0.160932689877298363E+00    0.507118348337169067E+00    0.547581678973939323E+10   -0.139821653628392824E+03
    0.160932689877298363E+00    0.507118348337169067E+00    0.547581678973939323E+10   -0.139821653628392824E+03
    0.157077377190284029E+00    0.536590492242625672E+00    0.555130770177112198E+10   -0.139797862687946434E+03
    0.188168250760207489E+00    0.475644781105931003E+00    0.508336275435619926E+10   -0.139794877335734157E+03
    0.158917477953407299E+00    0.492026267143481633E+00    0.552654150182448006E+10   -0.139780874845899035E+03
    0.164955649728401599E+00    0.459553630917806544E+00    0.543218225749053192E+10   -0.139770698691985046E+03
    0.194717902471829185E+00    0.498784296315502473E+00    0.499177495004539776E+10   -0.139757394359458090E+03
    0.160136637500033707E+00    0.494215522981262367E+00    0.548899933267322159E+10   -0.139747708850351330E+03
    0.160983324312035880E+00    0.517223729801612464E+00    0.549128805998147583E+10   -0.139729956617341259E+03
    0.172929901242785899E+00    0.483365041416494279E+00    0.531082446412638855E+10   -0.139727459549597199E+03
    0.172785410697194969E+00    0.456015557145628136E+00    0.529095435367452049E+10   -0.139727411354260880E+03
    0.162913935490336670E+00    0.441922057898530340E+00    0.544723375460801888E+10   -0.139723796191486969E+03
    0.163168866064360790E+00    0.499665454201585035E+00    0.545144302042465973E+10   -0.139720672121320717E+03
    0.159673682635745162E+00    0.528753986147405541E+00    0.550975349452352333E+10   -0.139707166422536005E+03
    0.159673682635745162E+00    0.528753986147405541E+00    0.550975349452352333E+10   -0.139707166422536005E+03
    0.186636926262059910E+00    0.445726500126164993E+00    0.511343683933552170E+10   -0.139693569267384078E+03
    0.186636926262059910E+00    0.445726500126164993E+00    0.511343683933552170E+10   -0.139693569267384078E+03
    0.177803995620855970E+00    0.456933108490868989E+00    0.521082739710759354E+10   -0.139691659268480862E+03
    0.177803995620855970E+00    0.456933108490868989E+00    0.521082739710759354E+10   -0.139691659268480862E+03
    0.182380439789267768E+00    0.409075249558135567E+00    0.516343457683231735E+10   -0.139684287307496788E+03
    0.163842754970703164E+00    0.472737340753035085E+00    0.543100219363430023E+10   -0.139662169777817525E+03
    0.167588655123315805E+00    0.572139641457027892E+00    0.539023551236245918E+10   -0.139655132120419211E+03
    0.176959263925885013E+00    0.521148430702558230E+00    0.523949857993985176E+10   -0.139652320773705242E+03
    0.164071203246605513E+00    0.473933585728090634E+00    0.541765092816924191E+10   -0.139648794338480002E+03
    0.181534587051815466E+00    0.457499827739658471E+00    0.518463855459755802E+10   -0.139632190587314028E+03
    0.162857388617790533E+00    0.448748012115164130E+00    0.545824979187029648E+10   -0.139632019653002459E+03
    0.161452557760027704E+00    0.486107415854943881E+00    0.548587302165410995E+10   -0.139628392217718158E+03
    0.199252486365339987E+00    0.575134614845360659E+00    0.497505240383765984E+10   -0.139622919799652493E+03
    0.177450961199374257E+00    0.483140516665677922E+00    0.520746737766450691E+10   -0.139619291012217474E+03
    0.164793362321259240E+00    0.452771740185760052E+00    0.542307314473474884E+10   -0.139560885352014964E+03
    0.164275687219090361E+00    0.462800241729691919E+00    0.542092547572205925E+10   -0.139549827848426105E+03
    0.164275687219090361E+00    0.462800241729691919E+00    0.542092547572205925E+10   -0.139549827848426105E+03
    0.174111108286739313E+00    0.400501957429984401E+00    0.530886989027481461E+10   -0.139532047726304626E+03
    0.174111108286739313E+00    0.400501957429984401E+00    0.530886989027481461E+10   -0.139532047726304626E+03
    0.161486652402162006E+00    0.518254976779427778E+00    0.546675096533953094E+10   -0.139530137306299025E+03
    0.174590818122957292E+00    0.526374762059045764E+00    0.526985168604729271E+10   -0.139523006667735046E+03
    0.182921325232070386E+00    0.429117984399688623E+00    0.514408118582213211E+10   -0.139520170024663486E+03
    0.191612677797830699E+00    0.499541520909836834E+00    0.502459627321784782E+10   -0.139512206370041554E+03
    0.191612677797830699E+00    0.499541520909836834E+00    0.502459627321784782E+10   -0.139512206370041554E+03
    0.164819657086737958E+00    0.494245669728890391E+00    0.543765130828162575E+10   -0.139487278105629741E+03
    0.164819657086737958E+00    0.494245669728890391E+00    0.543765130828162575E+10   -0.139487278105629741E+03
    0.190092632199629241E+00    0.468601055401308031E+00    0.502843580078561401E+10   -0.139480330682936881E+03
    0.167691932009555567E+00    0.429524730896828189E+00    0.539016422883929062E+10   -0.139475633447546556E+03
    0.167691932009555567E+00    0.429524730896828189E+00    0.539016422883929062E+10   -0.139475633447546556E+03
    0.171809256650941683E+00    0.506341016423998980E+00    0.534358816454238033E+10   -0.139472078316508657E+03
    0.164936881686473857E+00    0.447351046562333821E+00    0.544326531846930599E+10   -0.139471452481815390E+03
    0.164936881686473857E+00    0.447351046562333821E+00    0.544326531846930599E+10   -0.139471452481815390E+03
    0.181046334824183530E+00    0.512221195744700708E+00    0.517749696776369190E+10   -0.139467696896422467E+03
    0.177704179597330425E+00    0.524606691213836740E+00    0.523956443966955757E+10   -0.139443457118436584E+03
    0.165231661592376400E+00    0.460413497799780913E+00    0.541827942024059772E+10   -0.139442891053159798E+03
    0.175559783722288365E+00    0.472072678598609130E+00    0.524932066965970707E+10   -0.139442376480522370E+03
    0.166651020959169838E+00    0.496771792913810017E+00    0.541116676174630165E+10   -0.139422062255508450E+03
    0.195219985654000505E+00    0.468253565444701536E+00    0.503254638497246742E+10   -0.139418992761858334E+03
    0.195219985654000505E+00    0.468253565444701536E+00    0.503254638497246742E+10   -0.139418992761858334E+03
    0.202797233734290816E+00    0.476971779579614008E+00    0.493000596093091583E+10   -0.139415977708528828E+03
    0.162868567458878122E+00    0.524602121124090104E+00    0.546077753964417267E+10   -0.139408007851733174E+03
    0.180192112949025207E+00    0.449298069523450749E+00    0.517411611228810310E+10   -0.139402163947956240E+03
    0.181913348105334938E+00    0.456522733939046077E+00    0.514451748997426128E+10   -0.139394027392986771E+03
    0.166854064637758648E+00    0.454396505124437411E+00    0.540081446801744080E+10   -0.139390462216147654E+03
    0.166854064637758648E+00    0.454396505124437411E+00    0.540081446801744080E+10   -0.139390462216147654E+03
    0.166343537805716701E+00    0.574849834677150895E+00    0.541570763281484032E+10   -0.139336475804505824E+03
    0.173240264758555224E+00    0.519477659895105859E+00    0.531324425588993454E+10   -0.139316477673174177E+03
    0.187251883451938217E+00    0.522067803497048288E+00    0.512311238596101761E+10   -0.139312290513198832E+03
    0.167304526119502056E+00    0.494630634439017669E+00    0.540477219065410042E+10   -0.139310396791740516E+03
    0.169156224789492715E+00    0.586469284923900602E+00    0.535438915742293167E+10   -0.139308759338075106E+03
    0.160338207648509978E+00    0.525304641487419843E+00    0.549934074972838593E+10   -0.139298309383889148E+03
    0.175976737293383700E+00    0.526856877006744995E+00    0.525841010532661438E+10   -0.139286014434741389E+03
    0.175818708106905863E+00    0.522889574761338238E+00    0.526984491489525795E+10   -0.139284730328964713E+03
    0.169320875347307553E+00    0.509651203089521943E+00    0.537834459321254921E+10   -0.139281103253587958E+03
    0.172867670365378090E+00    0.518325013608212259E+00    0.529130988792914963E+10   -0.139277102211002273E+03
    0.166665856139828428E+00    0.509166790944135528E+00    0.542668303211612320E+10   -0.139276449357296201E+03
    0.180697261003169574E+00    0.461571081047411624E+00    0.515609075811335754E+10   -0.139273854167135966E+03
    0.201900421515796402E+00    0.484612958079127409E+00    0.494056138144216347E+10   -0.139229004529937129E+03
    0.204088922680085105E+00    0.468671478607172176E+00    0.490316518724741936E+10   -0.139217807136434772E+03
    0.166219737643264059E+00    0.461979950812503759E+00    0.539410858636812782E+10   -0.139217017238248047E+03
    0.179342208189993690E+00    0.459878926863408921E+00    0.519295504948409462E+10   -0.139214731453175517E+03
    0.179450029337315631E+00    0.459859850924379643E+00    0.517714376478491974E+10   -0.139205384677143059E+03
    0.179450029337315631E+00    0.459859850924379643E+00    0.517714376478491974E+10   -0.139205384677143059E+03
    0.165066586945187110E+00    0.520229599452131097E+00    0.542078325926278210E+10   -0.139200389845829761E+03
    0.165066586945187110E+00    0.520229599452131097E+00    0.542078325926278210E+10   -0.139200389845829761E+03
    0.184657509914121720E+00    0.575614277971856936E+00    0.510885364033496094E+10   -0.139189056808452165E+03
    0.184657509914121720E+00    0.575614277971856936E+00    0.510885364033496094E+10   -0.139189056808452165E+03
    0.165973395233978138E+00    0.454557581094805485E+00    0.542879334982015610E+10   -0.139177680860185006E+03
    0.163693802588043696E+00    0.469132705953871465E+00    0.544118872195242691E+10   -0.139174683083042424E+03
    0.163693802588043696E+00    0.469132705953871465E+00    0.544118872195242691E+10   -0.139174683083042424E+03
    0.179416944520555621E+00    0.404208599346137731E+00    0.521339830868233299E+10   -0.139171564344932847E+03
    0.179416944520555621E+00    0.404208599346137731E+00    0.521339830868233299E+10   -0.139171564344932847E+03
    0.163442845553624316E+00    0.524833656306977758E+00    0.544450709979125023E+10   -0.139158122587976436E+03
    0.163442845553624316E+00    0.524833656306977758E+00    0.544450709979125023E+10   -0.139158122587976436E+03
    0.188367219955970999E+00    0.401211649125077230E+00    0.508081103354243279E+10   -0.139155883433858435E+03
    0.168687494720095060E+00    0.455426061424788031E+00    0.534992394543883514E+10   -0.139119923350206420E+03
    0.181560348970835506E+00    0.476597318182053087E+00    0.515655454999626923E+10   -0.139118878742257266E+03
    0.167886600267138864E+00    0.587065240989801396E+00    0.537491451028837013E+10   -0.139115693763914578E+03
    0.176172060242772988E+00    0.516796003758217992E+00    0.528702976386671734E+10   -0.139093295673971795E+03
    0.176366976182037394E+00    0.516514956593763230E+00    0.527043521664955521E+10   -0.139092619085595288E+03
    0.171455134555847932E+00    0.519073546729458712E+00    0.534208175679857635E+10   -0.139084574529442989E+03
    0.171455134555847932E+00    0.519073546729458712E+00    0.534208175679857635E+10   -0.139084574529442989E+03
    0.167794251383698911E+00    0.518721729005587662E+00    0.540902351125565434E+10   -0.139073433016486774E+03
    0.167794251383698911E+00    0.518721729005587662E+00    0.540902351125565434E+10   -0.139073433016486774E+03
    0.176912191249055883E+00    0.528041991830964008E+00    0.522803503575973320E+10   -0.139068884575061162E+03
    0.168775668430002357E+00    0.575625583964271215E+00    0.536358554468947983E+10   -0.139052350801019600E+03
    0.168775668430002357E+00    0.575625583964271215E+00    0.536358554468947983E+10   -0.139052350801019600E+03
    0.162670514997445226E+00    0.467791590015870895E+00    0.547852377121561241E+10   -0.139051743505428050E+03
    0.174823511610513627E+00    0.476651434282191033E+00    0.525322107843034935E+10   -0.139050762203749770E+03
    0.174823511610513627E+00    0.476651434282191033E+00    0.525322107843034935E+10   -0.139050762203749770E+03
    0.184858524990066053E+00    0.574585127848592947E+00    0.511124040937742233E+10   -0.139043566961694523E+03
    0.165152317641864749E+00    0.497770889081472490E+00    0.542092480929695892E+10   -0.139040628457045102E+03
    0.164932032622709140E+00    0.453070619019612764E+00    0.544853850794576073E+10   -0.139025300503799713E+03
    0.164932032622709140E+00    0.453070619019612764E+00    0.544853850794576073E+10   -0.139025300503799713E+03
    0.185995446017930000E+00    0.554020911728764887E+00    0.511119332914823532E+10   -0.139010820437966913E+03
    0.185995446017930000E+00    0.554020911728764887E+00    0.511119332914823532E+10   -0.139010820437966913E+03
    0.199397028292151557E+00    0.456093013967628025E+00    0.494457541913959217E+10   -0.139009636742793532E+03
    0.166820044453814376E+00    0.490518119730985802E+00    0.539297005529695225E+10   -0.139007066622289813E+03
    0.210355789909963453E+00    0.466093935562392758E+00    0.482703654467880058E+10   -0.138994170095623730E+03
    0.174746133400193349E+00    0.528352203963597944E+00    0.526106118279927158E+10   -0.138992922141463424E+03
    0.165825806719435254E+00    0.514829134112765985E+00    0.542324297830205345E+10   -0.138992495665119776E+03
    0.165825806719435254E+00    0.514829134112765985E+00    0.542324297830205345E+10   -0.138992495665119776E+03
    0.169623706237515770E+00    0.505523201179041592E+00    0.538791450687978745E+10   -0.138986027109820185E+03
    0.187028395885194598E+00    0.545453725414146717E+00    0.511183087638940716E+10   -0.138981759184184455E+03
    0.179871254526267954E+00    0.465266519199092343E+00    0.518468695602654457E+10   -0.138979584567791619E+03
    0.179871254526267954E+00    0.465266519199092343E+00    0.518468695602654457E+10   -0.138979584567791619E+03
    0.180579427383946833E+00    0.480559474730480218E+00    0.518447424140659046E+10   -0.138979315734336524E+03
    0.165186127120385773E+00    0.507366114365199294E+00    0.541189314430218506E+10   -0.138975796834097736E+03
    0.165186127120385773E+00    0.507366114365199294E+00    0.541189314430218506E+10   -0.138975796834097736E+03
    0.171852382915552659E+00    0.508642813336191324E+00    0.534059555944031334E+10   -0.138975656511039489E+03
    0.165359420368788923E+00    0.486333894067779937E+00    0.541337233489892578E+10   -0.138962859501595744E+03
    0.167251632229059921E+00    0.481115545119939370E+00    0.539280420646829796E+10   -0.138955870802264769E+03
    0.206009845390134783E+00    0.472207342617306125E+00    0.486341441367763138E+10   -0.138950909562364217E+03
    0.167363846622870460E+00    0.576003908526416808E+00    0.537745691123031235E+10   -0.138939907489092661E+03
    0.177726438634188577E+00    0.516241422082462265E+00    0.522476805406103230E+10   -0.138939514525615152E+03
    0.165759747917158529E+00    0.445664596579952388E+00    0.540376814866840172E+10   -0.138936777332219265E+03
    0.163088732144637649E+00    0.479302112063288988E+00    0.546316586279249191E+10   -0.138926070815894263E+03
    0.162599024289307448E+00    0.479492470475513244E+00    0.546412652950225830E+10   -0.138907042262583388E+03
    0.181826107382785152E+00    0.487736928197200825E+00    0.517558995149173164E+10   -0.138906964962091877E+03
    0.165820205865331360E+00    0.473812224095375711E+00    0.541473205342331791E+10   -0.138905226928143719E+03
    0.170646345161830360E+00    0.500340025782399778E+00    0.536709493112999916E+10   -0.138901616373394802E+03
    0.165573197910982628E+00    0.585024714915986621E+00    0.541901599418148232E+10   -0.138884407879089963E+03
    0.165573197910982628E+00    0.585024714915986621E+00    0.541901599418148232E+10   -0.138884407879089963E+03
    0.174090526862807321E+00    0.522807086967322476E+00    0.526088662744390011E+10   -0.138883229227153208E+03
    0.186405571863023478E+00    0.555776588949699502E+00    0.511266812223812103E+10   -0.138865728331890409E+03
    0.163928678806627204E+00    0.514282467858633296E+00    0.545070204887878799E+10   -0.138864325793904868E+03
    0.163928678806627204E+00    0.514282467858633296E+00    0.545070204887878799E+10   -0.138864325793904868E+03
    0.167446716088263114E+00    0.591807359019394852E+00    0.537915726023239326E+10   -0.138853790590443936E+03
    0.164517994801733014E+00    0.441962215936799296E+00    0.543519601792333603E+10   -0.138851564390252918E+03
    0.171604777507655709E+00    0.509786128480694600E+00    0.535571915851530838E+10   -0.138850967113369848E+03
    0.205569170818431124E+00    0.459253258623778748E+00    0.488891808400104046E+10   -0.138845378109653893E+03
    0.172699560640884792E+00    0.517286913709821050E+00    0.531614285886247826E+10   -0.138835783378617464E+03
    0.164795831604485965E+00    0.441451680626641974E+00    0.542758540123039341E+10   -0.138835180308576383E+03
    0.164284648446400394E+00    0.484556921205749447E+00    0.543344730510598373E+10   -0.138833361563481787E+03
    0.166075476951088652E+00    0.439884690202054784E+00    0.540659235058962536E+10   -0.138830034660024808E+03
    0.175107500621430767E+00    0.500095058018450445E+00    0.530317800147318649E+10   -0.138820325412374672E+03
    0.170741685486745648E+00    0.516369085396222616E+00    0.534592302259217548E+10   -0.138819812190837041E+03
    0.171116147013669812E+00    0.447175479651562569E+00    0.532170974212726974E+10   -0.138813960107350908E+03
    0.171116147013669812E+00    0.447175479651562569E+00    0.532170974212726974E+10   -0.138813960107350908E+03
    0.187231177024601014E+00    0.535091075066826960E+00    0.510396002607711887E+10   -0.138811140206078221E+03
    0.170497595169503080E+00    0.444343808621477265E+00    0.533266630775750446E+10   -0.138805810123142180E+03
    0.171318848809374313E+00    0.582573773231093384E+00    0.531486091348103142E+10   -0.138803276743097712E+03
    0.162598217498129138E+00    0.526254883808691787E+00    0.547560800399913597E+10   -0.138798248545438241E+03
    0.163037699674659448E+00    0.530011747812386247E+00    0.545979611413770485E+10   -0.138781664258269302E+03
    0.167554593406297081E+00    0.575720133939048750E+00    0.540559163230769730E+10   -0.138772286527928827E+03
    0.180372314494877006E+00    0.454788973405037211E+00    0.517610105903775883E+10   -0.138771638564239197E+03
    0.183683569122331969E+00    0.407508157092841827E+00    0.514579737482392693E+10   -0.138770237274101248E+03
    0.172299605012957713E+00    0.516439930286205495E+00    0.533313531167626381E+10   -0.138752531228141549E+03
    0.207259437858369644E+00    0.468217615466526738E+00    0.486479401178887939E+10   -0.138749445379911833E+03
    0.164142692591326467E+00    0.462934048345129412E+00    0.544248712011459732E+10   -0.138743691357542843E+03
    0.179952196422619004E+00    0.463721520397214704E+00    0.518576343172461128E+10   -0.138727838939862067E+03
    0.166403331427810997E+00    0.457619026119662209E+00    0.540785873388392544E+10   -0.138726203329634643E+03
    0.169961546326668905E+00    0.514880909066343762E+00    0.536658463295515728E+10   -0.138724625101653942E+03
    0.168042886870423291E+00    0.513756550755337216E+00    0.538347373065109444E+10   -0.138720782902944165E+03
    0.169394166617528680E+00    0.501382014445546531E+00    0.535975598917433548E+10   -0.138719704042309445E+03
    0.167760210090761253E+00    0.437932978118810823E+00    0.539199794986942196E+10   -0.138719586516496634E+03
    0.180333720338300529E+00    0.504855729278562038E+00    0.518420945122185898E+10   -0.138711314504635766E+03
    0.186055916426574264E+00    0.551804280877522757E+00    0.510491106775167656E+10   -0.138705043763267099E+03
    0.176686139126904784E+00    0.528762823181953223E+00    0.524671987766483974E+10   -0.138692237476293627E+03
    0.179524684644801036E+00    0.464205936446065337E+00    0.518186167053917885E+10   -0.138687144287925378E+03
    0.181726325715162784E+00    0.481766137049820742E+00    0.518982647574633789E+10   -0.138666638805475401E+03
    0.167995765651172052E+00    0.570722708633004672E+00    0.536790134700900841E+10   -0.138662369406030194E+03
    0.168462983367318769E+00    0.513300763939133375E+00    0.537069105632637978E+10   -0.138659335909548702E+03
    0.165704883553873306E+00    0.504708629813418241E+00    0.541774118344976807E+10   -0.138633315694364683E+03
    0.168271844701209594E+00    0.591888809934644655E+00    0.536525802199071503E+10   -0.138622256260654751E+03
    0.170402095000793813E+00    0.518159981198568431E+00    0.532768154379610825E+10   -0.138605261540338972E+03
    0.169198917268790661E+00    0.514840598601498556E+00    0.536550839609118366E+10   -0.138601967923896666E+03
    0.175278767968256421E+00    0.511562875972471076E+00    0.529729806081488800E+10   -0.138599522090730119E+03
    0.186011830221632757E+00    0.556570750716851137E+00    0.511357341940225029E+10   -0.138597417999292560E+03
    0.174248758105283730E+00    0.497546797637511418E+00    0.530532394349637413E+10   -0.138593379012912607E+03
    0.166862224151815508E+00    0.438574615280916902E+00    0.539524793036689281E+10   -0.138578675832475966E+03
    0.206879059317880698E+00    0.480368533209698967E+00    0.485139758701848984E+10   -0.138578212273211335E+03
    0.170153808222594627E+00    0.510499437688267221E+00    0.535137996998797417E+10   -0.138577139269578851E+03
    0.183632292397608532E+00    0.490840838409976499E+00    0.513958016877098846E+10   -0.138571365680980961E+03
    0.203527594048225680E+00    0.465548695501263765E+00    0.490096504238634777E+10   -0.138559824270803404E+03
    0.167339714359926561E+00    0.576710490596731518E+00    0.539436236636181259E+10   -0.138548961431293321E+03
    0.176142531848924477E+00    0.515297062366094849E+00    0.528820370295884609E+10   -0.138539707405818149E+03
    0.174390252145027680E+00    0.495367586001780325E+00    0.530411319386240101E+10   -0.138526543756724152E+03
    0.204277717297489780E+00    0.457136160246026435E+00    0.488966465836422348E+10   -0.138517412591722007E+03
    0.174986761782898764E+00    0.489489419667776815E+00    0.528989004651476669E+10   -0.138500352017434324E+03
    0.167699092463842181E+00    0.583506303446007735E+00    0.537622252293771648E+10   -0.138499058485590126E+03
    0.173566577983563508E+00    0.495612295989808160E+00    0.531038108624116325E+10   -0.138495220052822276E+03
    0.180325729344125330E+00    0.456569123345085259E+00    0.519597953639106941E+10   -0.138489645558842767E+03
    0.179805117588377361E+00    0.502973208331933819E+00    0.520019864186332607E+10   -0.138484682058491387E+03
    0.178387956550629723E+00    0.516728582032971673E+00    0.525540925543551445E+10   -0.138476473692683072E+03
    0.174690076496976099E+00    0.516532852992154901E+00    0.529226592477857399E+10   -0.138471253158432432E+03
    0.200822581672207678E+00    0.462411230954902663E+00    0.493544768868700981E+10   -0.138468457371875900E+03
    0.206078625997695164E+00    0.475485693734022163E+00    0.487086929892138195E+10   -0.138455588085891407E+03
    0.167529040389380185E+00    0.577059262584544541E+00    0.539236407228338242E+10   -0.138447279906434204E+03
    0.181293237349297809E+00    0.462456784352641037E+00    0.516043253051336861E+10   -0.138443205274707509E+03
    0.204583315894858286E+00    0.427733770086080156E+00    0.487568546595278931E+10   -0.138428755695882671E+03
    0.184726747753513887E+00    0.442478861250894084E+00    0.513646750780696297E+10   -0.138418638920887332E+03
    0.175653311382568400E+00    0.515076487871453992E+00    0.526010218727122116E+10   -0.138404719981689482E+03
    0.181224478048605309E+00    0.505467231926637339E+00    0.516106568444924927E+10   -0.138394541690805966E+03
    0.167583771412991023E+00    0.514289906123329033E+00    0.538651830531784058E+10   -0.138376542585152265E+03
    0.186223624694731749E+00    0.572082704795228381E+00    0.512571700158058071E+10   -0.138363961016569448E+03
    0.165003833913764941E+00    0.485559788071833864E+00    0.543896381773486710E+10   -0.138362412919502759E+03
    0.183889149158321163E+00    0.440717741784563799E+00    0.512940090659758091E+10   -0.138354744171733955E+03
    0.167938283507600650E+00    0.439890114023810952E+00    0.538901536042632866E+10   -0.138340906917742046E+03
    0.168028333629345383E+00    0.511091196350914601E+00    0.537345492718614960E+10   -0.138338858565533940E+03
    0.177881476783126047E+00    0.515210913387241121E+00    0.526972906006638145E+10   -0.138336648204899546E+03
    0.167139843756304085E+00    0.571633334145209560E+00    0.540087061747879601E+10   -0.138334682820403316E+03
    0.205077383974470784E+00    0.480473910618272271E+00    0.486765861434059906E+10   -0.138309045359394503E+03
    0.170922920897345121E+00    0.504487026010128403E+00    0.535883505872308540E+10   -0.138308424182739316E+03
    0.196094295295883625E+00    0.502924597725524336E+00    0.496285151258185196E+10   -0.138307208081980662E+03
    0.176571309235832197E+00    0.517449296878385923E+00    0.524454877859372902E+10   -0.138293699462460893E+03
    0.185868260008472841E+00    0.557438872860526402E+00    0.511291245611668587E+10   -0.138280802082055288E+03
    0.176601801414419668E+00    0.522715727582827583E+00    0.524048296851623535E+10   -0.138272070830511353E+03
    0.168459340167016552E+00    0.512138362640619960E+00    0.537184185211922264E+10   -0.138269664136491258E+03
    0.168106606511358586E+00    0.519781274752732614E+00    0.538780184691487694E+10   -0.138268214289395701E+03
    0.185966244708130723E+00    0.556384607901122763E+00    0.510642769202995110E+10   -0.138262074386677398E+03
    0.180083151305406253E+00    0.475549647589829760E+00    0.519741600039923191E+10   -0.138234053502645480E+03
    0.168296578794358165E+00    0.514683847353595070E+00    0.537514673267383003E+10   -0.138232413803238359E+03
    0.179594717455820840E+00    0.497701864822809981E+00    0.520254901583309841E+10   -0.138210040633464786E+03
    0.166850419426423369E+00    0.571092106510560527E+00    0.540812306902508354E+10   -0.138202037022809861E+03
    0.175684539485325697E+00    0.504738287306610189E+00    0.530278787471671772E+10   -0.138199237429848381E+03
    0.184988101637733271E+00    0.437061154196456414E+00    0.513115225068827438E+10   -0.138182626770261891E+03
    0.205026253843596851E+00    0.472822087535288205E+00    0.486929667312895012E+10   -0.138178021434557905E+03
    0.182171064977368402E+00    0.468411768934624106E+00    0.515072101536299706E+10   -0.138141533866950681E+03
    0.205059733667585120E+00    0.468820586818981866E+00    0.488667177142861176E+10   -0.138139842018474155E+03
    0.180310744421604718E+00    0.524424265050733140E+00    0.518755199984573936E+10   -0.138139436910646140E+03
    0.168369662190242880E+00    0.584582994132025746E+00    0.538105993887695026E+10   -0.138134148891658953E+03
    0.171774172281360715E+00    0.518670814329462715E+00    0.533115141323779678E+10   -0.138130446979712559E+03
    0.179980069372775442E+00    0.450664598278560646E+00    0.518941838950257587E+10   -0.138129730294526695E+03
    0.186662025135392817E+00    0.571749520456226179E+00    0.513137213462749672E+10   -0.138129241677228293E+03
    0.207089241089587484E+00    0.464427865787902405E+00    0.487189433780909920E+10   -0.138116385028139888E+03
    0.176013945524095827E+00    0.517971808205974327E+00    0.526771118776465034E+10   -0.138109215653314891E+03
    0.179072844817633081E+00    0.464139436488268942E+00    0.520102086512622547E+10   -0.138109208144050399E+03
    0.175755918786466792E+00    0.497063262500102354E+00    0.528061629063624191E+10   -0.138108003581155799E+03
    0.203924787486476189E+00    0.442616759077194999E+00    0.489429097211896133E+10   -0.138095166400687873E+03
    0.168214474302958106E+00    0.511745138465100169E+00    0.538190059557578659E+10   -0.138094512455322217E+03
    0.185552712693716593E+00    0.499926243196116005E+00    0.510856329817096329E+10   -0.138085634608089407E+03
    0.204417698361490041E+00    0.454249981088594268E+00    0.489048794826525307E+10   -0.138067671105396329E+03
    0.185302546013588476E+00    0.568669896978059697E+00    0.511891654510944748E+10   -0.138053917288481273E+03
    0.197884717184684922E+00    0.479025049074643050E+00    0.497326441572594070E+10   -0.138038334032252834E+03
    0.180557311198589365E+00    0.513608156380019665E+00    0.518434020294125557E+10   -0.138027064482569642E+03
    0.180453992344642045E+00    0.482592084047695380E+00    0.518506924574160862E+10   -0.137998564033705861E+03
    0.198962507121909438E+00    0.493573973547523082E+00    0.493930540966438484E+10   -0.137996593848641425E+03
    0.206683889036387736E+00    0.487924320359208963E+00    0.485587680440239906E+10   -0.137972586670527420E+03
    0.176235406209332202E+00    0.522584106457477660E+00    0.525208420144693375E+10   -0.137970996284308569E+03
    0.186125496045660477E+00    0.501706563460013300E+00    0.510508992034750175E+10   -0.137970085749852416E+03
    0.172011744916820281E+00    0.499391664121827006E+00    0.535930939493298912E+10   -0.137953760951829707E+03
    0.180166472274815803E+00    0.474263899937225730E+00    0.518511061043231583E+10   -0.137947284331148154E+03
    0.167234004833736627E+00    0.522659609245309298E+00    0.540708947936698627E+10   -0.137932064659050724E+03
    0.179877403843362038E+00    0.474015262510548041E+00    0.519500238726144218E+10   -0.137932009878263841E+03
    0.169497418179727521E+00    0.503173040259476068E+00    0.536193847528548717E+10   -0.137918714366393374E+03
    0.187582334060479139E+00    0.552532616869246596E+00    0.511448794868752670E+10   -0.137916643231299190E+03
    0.203932070890960493E+00    0.466586997511463153E+00    0.488425661251757431E+10   -0.137915141093414860E+03
    0.197178146593577130E+00    0.581276389848287778E+00    0.496705015765441132E+10   -0.137893890301995157E+03
    0.168800931942704929E+00    0.513299563727361630E+00    0.537320276130230141E+10   -0.137886610913712445E+03
    0.176340709027676346E+00    0.518027632482771949E+00    0.526811535465152359E+10   -0.137881742069929544E+03
    0.207268308204685614E+00    0.481008956213159422E+00    0.485342062947808838E+10   -0.137872783924864819E+03
    0.170567169789731410E+00    0.501862592375371008E+00    0.536099595306063843E+10   -0.137869721690334359E+03
    0.179645733177673517E+00    0.521548719914452619E+00    0.519889087890105057E+10   -0.137867720215468864E+03
    0.195261767405303877E+00    0.481575285376630191E+00    0.499862616341815186E+10   -0.137867070137864573E+03
    0.170496613330443719E+00    0.505308860746509936E+00    0.535918913756714630E+10   -0.137863856070966960E+03
    0.173802189700538567E+00    0.500217154653764595E+00    0.532992458565678978E+10   -0.137861580398494880E+03
    0.179132157230133648E+00    0.526734586704476371E+00    0.523072332126506615E+10   -0.137858205254179097E+03
    0.180062347656834321E+00    0.491897184033856405E+00    0.519671427107484055E+10   -0.137844096638877431E+03
    0.178186432477321854E+00    0.518449680287639936E+00    0.523405738231955719E+10   -0.137843298047384195E+03
    0.178582655756824638E+00    0.516693718553559833E+00    0.523098617938075542E+10   -0.137843019605695872E+03
    0.185488574941820306E+00    0.502135992011126575E+00    0.511680585827406120E+10   -0.137838580086747925E+03
    0.180699825559338723E+00    0.519673860272648724E+00    0.518623428175506401E+10   -0.137836424593494826E+03
    0.205773639219967941E+00    0.463855717977111226E+00    0.488089073011912251E+10   -0.137830291610092075E+03
    0.175423431406490138E+00    0.516421901463406385E+00    0.529696167751516628E+10   -0.137823241578051181E+03
    0.169094451614967112E+00    0.577382868914755321E+00    0.538578010389958191E+10   -0.137816047245428933E+03
    0.202652253489578660E+00    0.468811843237723735E+00    0.490484945589356041E+10   -0.137800693839008943E+03
    0.171199110500661278E+00    0.516132641469575049E+00    0.535101285969331169E+10   -0.137799313636552085E+03
    0.206436458572874681E+00    0.482107375806855032E+00    0.486104240358602428E+10   -0.137798191484722480E+03
    0.180633020972973735E+00    0.480354468918879007E+00    0.520120527666243744E+10   -0.137791315398130394E+03
    0.179787050626363298E+00    0.494576223238068380E+00    0.520005409151369762E+10   -0.137785611400473925E+03
    0.180115414614769653E+00    0.520594601391588085E+00    0.518736404859563637E+10   -0.137773784211754105E+03
    0.186797325114298085E+00    0.523014648472855725E+00    0.510044858445359993E+10   -0.137763614942086861E+03
    0.201227618648121054E+00    0.463925240933820149E+00    0.492641203808957863E+10   -0.137759044669418415E+03
    0.180603196096808083E+00    0.484589370514729723E+00    0.518154809173179054E+10   -0.137739180854461665E+03
    0.176161599255997892E+00    0.511944151149940296E+00    0.527016132981610489E+10   -0.137735368339582465E+03
    0.171802066156271915E+00    0.515466494327617042E+00    0.534576712498119354E+10   -0.137727374775276473E+03
    0.183437929626472707E+00    0.483563421220573275E+00    0.515151932224935722E+10   -0.137716844464715905E+03
    0.207536840708516079E+00    0.465544960075845893E+00    0.485110574013198853E+10   -0.137708999967103011E+03
    0.185979140854176828E+00    0.519795196584917463E+00    0.511441899398867798E+10   -0.137696622121971103E+03
    0.185057242846699999E+00    0.441263018200508839E+00    0.512985670331510735E+10   -0.137670311953032581E+03
    0.208089304084132676E+00    0.480225798165472284E+00    0.485001183627473259E+10   -0.137668164133209928E+03
    0.187709461316531045E+00    0.548756893058563122E+00    0.510387692462469387E+10   -0.137647629037457961E+03
    0.171936686518810222E+00    0.500435881713869435E+00    0.534425508418350792E+10   -0.137629654041350278E+03
    0.186084128071154375E+00    0.565847729593173199E+00    0.512325986785530949E+10   -0.137624666780366113E+03
    0.186601183493646849E+00    0.571194679642331948E+00    0.512725632163293648E+10   -0.137614328998787812E+03
    0.179186506910097132E+00    0.486492546851396312E+00    0.521224966615838337E+10   -0.137610401922805579E+03
    0.178997642870847906E+00    0.464019936586035797E+00    0.520560188225190258E+10   -0.137599747353863592E+03
    0.186146210130306689E+00    0.556504772570312056E+00    0.510528709322175503E+10   -0.137589471021834555E+03
    0.175910513993508377E+00    0.519147366328954973E+00    0.527037125227595997E+10   -0.137573733528188086E+03
    0.179924714757812632E+00    0.514591833228895013E+00    0.520976465464727974E+10   -0.137560723171391317E+03
    0.174818512146430516E+00    0.528708380654144605E+00    0.528280533241219616E+10   -0.137546909853436148E+03
    0.196061058152126877E+00    0.480878955872967140E+00    0.498393065305309105E+10   -0.137545397404492917E+03
    0.176986458497770005E+00    0.507959260217251796E+00    0.525328581743150139E+10   -0.137528404936892713E+03
    0.197189706946025389E+00    0.472715551409541135E+00    0.500321187641016769E+10   -0.137527362644769568E+03
    0.178486627736263725E+00    0.501476742093876382E+00    0.522909593127556229E+10   -0.137526442582319930E+03
    0.197029351182326395E+00    0.580255496502468660E+00    0.496930491901060867E+10   -0.137746415586918147E+03
    0.198704850714671477E+00    0.577458923837177451E+00    0.495408876757283783E+10   -0.137490072286438448E+03
    0.200192607614172624E+00    0.582277697992850563E+00    0.493867014490217781E+10   -0.136770668507611788E+03
    0.200192607614172624E+00    0.582277697992850563E+00    0.493867014490217781E+10   -0.136770668507611788E+03
    0.199773392477837264E+00    0.580256980871780570E+00    0.495156058784709740E+10   -0.136714987124405241E+03
    0.199773392477837264E+00    0.580256980871780570E+00    0.495156058784709740E+10   -0.136714987124405241E+03
    0.197828779675034816E+00    0.580433700074319603E+00    0.497140092990630150E+10   -0.137197868904173731E+03
    0.199465529081775284E+00    0.587111694083183977E+00    0.495570681426820564E+10   -0.136029985733409120E+03
    0.199465529081775284E+00    0.587111694083183977E+00    0.495570681426820564E+10   -0.136029985733409120E+03
    0.199465529081775284E+00    0.587111694083183977E+00    0.495570681426820564E+10   -0.136029985733409120E+03
    0.197913732793581709E+00    0.580088132625116160E+00    0.495748595936579895E+10   -0.136587304736621491E+03
    0.199048193021958753E+00    0.582657137786222634E+00    0.496253753857751465E+10   -0.136658603169802348E+03
    0.199048193021958753E+00    0.582657137786222634E+00    0.496253753857751465E+10   -0.136658603169802348E+03
    0.200432822307686609E+00    0.585120131299095902E+00    0.494661127436409569E+10   -0.136756488398275962E+03
    0.198889796027190702E+00    0.577509962690603729E+00    0.495534571460113239E+10   -0.135987325154855370E+03
    0.198889796027190702E+00    0.577509962690603729E+00    0.495534571460113239E+10   -0.135987325154855370E+03
    0.198889796027190702E+00    0.577509962690603729E+00    0.495534571460113239E+10   -0.135987325154855370E+03
    0.199032876502829970E+00    0.582212462169115597E+00    0.496518708812349129E+10   -0.137120903580938943E+03
    0.198483683264994160E+00    0.582645491341516220E+00    0.495495031621593285E+10   -0.136891278700098269E+03
    0.198057009573630427E+00    0.581105425744736337E+00    0.496748134578438568E+10   -0.137005389214010449E+03
    0.177875711090139055E+00    0.523069168506605564E+00    0.524291690293217754E+10   -0.137520463739808434E+03
    0.182436870067449741E+00    0.491817998943711032E+00    0.515899943576029778E+10   -0.137502042950119915E+03
    0.201953118771651452E+00    0.458149644130452671E+00    0.491931049393060303E+10   -0.137488658926846711E+03
    0.205556047927700769E+00    0.483743136104701321E+00    0.486918444003324127E+10   -0.137477351338719899E+03
    0.175723101126535219E+00    0.524278847250370106E+00    0.527154981716420364E+10   -0.137457539707483193E+03
    0.172308260751110942E+00    0.517272318919241414E+00    0.533566975994649124E+10   -0.137401155512124063E+03
    0.183735980299688628E+00    0.454906680774909589E+00    0.515067347558622360E+10   -0.137394661059603067E+03
    0.202882906308291422E+00    0.470190442923835050E+00    0.489952947386389446E+10   -0.137380697316068790E+03
    0.195550659568590968E+00    0.473251371142655586E+00    0.501127745710062408E+10   -0.137359517753305909E+03
    0.176302897058261687E+00    0.518931970409134635E+00    0.527135447040386581E+10   -0.137344171372044826E+03
    0.179238879711192844E+00    0.517977115235495944E+00    0.522442930929093361E+10   -0.137340376741518469E+03
    0.179019089370427542E+00    0.509768680758570625E+00    0.522129843003914928E+10   -0.137333104219589359E+03
    0.179596106568498393E+00    0.518836828801854111E+00    0.522021684230298615E+10   -0.137325497643164965E+03
    0.204089052738585686E+00    0.451650942248186027E+00    0.489258546600512505E+10   -0.137324767670959801E+03
    0.186380952060190674E+00    0.503464499637274798E+00    0.510035224959178448E+10   -0.137307669735207242E+03
    0.196083073752523596E+00    0.482179667983750448E+00    0.498225107023894501E+10   -0.137305688833561874E+03
    0.180076429013173001E+00    0.488634583353936947E+00    0.520159841107496643E+10   -0.137271483343535806E+03
    0.205091394656557680E+00    0.483834619281291012E+00    0.487547960062280273E+10   -0.137254424788146139E+03
    0.182696233580449063E+00    0.489637944309178508E+00    0.515789370343250656E+10   -0.137242567502007233E+03
    0.184194404106096943E+00    0.432644962875647465E+00    0.514343016246467400E+10   -0.136678968281445520E+03
    0.180665455797188734E+00    0.486955031406878902E+00    0.519265638457698250E+10   -0.137101074846256438E+03
    0.177380663919096848E+00    0.519186746363455853E+00    0.524874057405716896E+10   -0.136981626034191606E+03
    0.179650858724336893E+00    0.479934440052067757E+00    0.520621394149958420E+10   -0.137128922423802550E+03
    0.178184884783215147E+00    0.516674871644408285E+00    0.524690161813208199E+10   -0.136601989970603142E+03
    0.175683474869117062E+00    0.516802081061133123E+00    0.527743853256517220E+10   -0.137176670919267906E+03
    0.175698636609099124E+00    0.499677119219777310E+00    0.529586071591229820E+10   -0.136878770139917236E+03
    0.177731575362952476E+00    0.514550168620528936E+00    0.525063560877269554E+10   -0.136730936018744984E+03
    0.177760383512882869E+00    0.512910502581899408E+00    0.526316395787842560E+10   -0.137158142651746914E+03
    0.177696126876287885E+00    0.514955726185075235E+00    0.524622113819201756E+10   -0.136740845064170429E+03
    0.178081634136349198E+00    0.514193897828130631E+00    0.524896921523620224E+10   -0.136752552148518276E+03
    0.178466973841941601E+00    0.518585444090724934E+00    0.523115021142141724E+10   -0.136998741951004632E+03
    0.178509726267474578E+00    0.518964847378493133E+00    0.523384448780300522E+10   -0.136699491558125118E+03
    0.179955120061846552E+00    0.528146219691507213E+00    0.521358414674557686E+10   -0.136899761215480027E+03
    0.180480246977049619E+00    0.525171985543501307E+00    0.521255727281171322E+10   -0.137137615566287025E+03
    0.179533382243473039E+00    0.521788937370637029E+00    0.521938996068719864E+10   -0.136980037613286754E+03
    0.179003947316963175E+00    0.521631336689079461E+00    0.522534811320872879E+10   -0.136861968422315272E+03
    0.200531659310425658E+00    0.462677176690961645E+00    0.493470853637601280E+10   -0.135985043541924028E+03
    0.201201479409621353E+00    0.459251756836764002E+00    0.492455623821272087E+10   -0.136675023424523545E+03
    0.199986926198872483E+00    0.462176937659899423E+00    0.494413748215240669E+10   -0.136026948356575190E+03
    0.202052774029171212E+00    0.457255221936964773E+00    0.491408593517236805E+10   -0.136563822135588566E+03
    0.197464143122355329E+00    0.487640987229568168E+00    0.496916942222740936E+10   -0.136439736419528913E+03
    0.197247980995148398E+00    0.483090747217218563E+00    0.497434767807512379E+10   -0.137071182756774391E+03
    0.196139222961204229E+00    0.479241047241071527E+00    0.498880518972720337E+10   -0.136753336271933847E+03
    0.196935547791200927E+00    0.474528261415574804E+00    0.499357880869804287E+10   -0.136677848202581629E+03
    0.196003533582296496E+00    0.473949931033793348E+00    0.501179259270307541E+10   -0.136885145558529643E+03
    0.195174384326126382E+00    0.475673670547564598E+00    0.500336050709597015E+10   -0.137174382064381831E+03
    0.195783895517911311E+00    0.473230073333452239E+00    0.501529726395825386E+10   -0.135857376552083338E+03
    0.204718259067912522E+00    0.461271463895378986E+00    0.488020048641006851E+10   -0.137001749282889477E+03
    0.204603365565771245E+00    0.463630811205513638E+00    0.488887077680822086E+10   -0.135931694338932346E+03
    0.204603365565771245E+00    0.463630811205513638E+00    0.488887077680822086E+10   -0.135931694338932346E+03
    0.201163462904792367E+00    0.467074488092078965E+00    0.492085945330683231E+10   -0.136920957961759427E+03
    0.206181102527206228E+00    0.486550008180506310E+00    0.486342185702661037E+10   -0.136798992197087074E+03
    0.206553825138467873E+00    0.490459017737158831E+00    0.485512319447847176E+10   -0.137061135203610917E+03
    0.208373547483922172E+00    0.465392460547246145E+00    0.485482303740834427E+10   -0.136912324223472353E+03
    0.208057792762490146E+00    0.471205528164588827E+00    0.485529235929369926E+10   -0.134976996162387792E+03
    0.208057792762490146E+00    0.471205528164588827E+00    0.485529235929369926E+10   -0.134976996162387792E+03
    0.208057792762490146E+00    0.471205528164588827E+00    0.485529235929369926E+10   -0.134976996162387792E+03
    0.207669213455945412E+00    0.464193496560202590E+00    0.485963815888099480E+10   -0.137129695507439976E+03
    0.207845645553297764E+00    0.467839050578648497E+00    0.486006487516577530E+10   -0.136893360403797317E+03
    0.186669916147120918E+00    0.559210193686279666E+00    0.511406727658530426E+10   -0.137428664525628960E+03
    0.187481718586791579E+00    0.547249044663249862E+00    0.511649779390826893E+10   -0.136396753005610492E+03
    0.187481718586791579E+00    0.547249044663249862E+00    0.511649779390826893E+10   -0.136396753005610492E+03
    0.186908895510441875E+00    0.557081751970551764E+00    0.511480432373821068E+10   -0.136789726693680677E+03
    0.186908895510441875E+00    0.557081751970551764E+00    0.511480432373821068E+10   -0.136789726693680677E+03
    0.186948044379912803E+00    0.553561047870303469E+00    0.511093913051614952E+10   -0.137174777031650024E+03
    0.187469445812642799E+00    0.549328096163337776E+00    0.510975168538284492E+10   -0.136750171139445882E+03
    0.187743385731835188E+00    0.551280335221127515E+00    0.512044013076302433E+10   -0.137083437970535925E+03
    0.186213556323352736E+00    0.557408702549990309E+00    0.510635355432242393E+10   -0.137171583455317375E+03
    0.188351223537968848E+00    0.547699590081954568E+00    0.511623873285690594E+10   -0.137271542683950258E+03
    0.186555443365239715E+00    0.555901296088299191E+00    0.510833894207505608E+10   -0.136647418167438218E+03
    0.186555443365239715E+00    0.555901296088299191E+00    0.510833894207505608E+10   -0.136647418167438218E+03
    0.187705559670957978E+00    0.547831328780137738E+00    0.511266152877224922E+10   -0.136101921497171077E+03
    0.187705559670957978E+00    0.547831328780137738E+00    0.511266152877224922E+10   -0.136101921497171077E+03
    0.187705559670957978E+00    0.547831328780137738E+00    0.511266152877224922E+10   -0.136101921497171077E+03
    0.186756085243320991E+00    0.558998915756765413E+00    0.510998775775950623E+10   -0.137422158193971200E+03
    0.186448435953691927E+00    0.565969193457640074E+00    0.511901449916615677E+10   -0.136510000534562948E+03
    0.185511312336829159E+00    0.578380684510506171E+00    0.512935339346261215E+10   -0.136695549968274804E+03
    0.186338469989237698E+00    0.572476283000028729E+00    0.512820757479953003E+10   -0.136575526282427177E+03
    0.186970038536888372E+00    0.566237729521770206E+00    0.512359477619309616E+10   -0.136719410507438994E+03
    0.186469689896328450E+00    0.564691479244121552E+00    0.512221561863611794E+10   -0.137417004311608082E+03
    0.185526561789752686E+00    0.571175983998674752E+00    0.512168209623581982E+10   -0.137169957444213225E+03
    0.186012773386448116E+00    0.567731421059917807E+00    0.512632590151413727E+10   -0.137060514058132924E+03
    0.185886237101225926E+00    0.573708772456749116E+00    0.513180965824755859E+10   -0.136355322170423136E+03
    0.185886237101225926E+00    0.573708772456749116E+00    0.513180965824755859E+10   -0.136355322170423136E+03
