    0.560339536130107674E+00    0.675809792714821000E+00    0.321070123904018593E+10   -0.119249192418848367E+03
    0.616257317947121575E+00    0.638717806691122547E+00    0.306232260550616121E+10   -0.119092470778178779E+03
    0.525164671000766248E+00    0.739856565272285494E+00    0.325540429533930779E+10   -0.119002401519976942E+03
    0.585293487641449284E+00    0.681551793355641422E+00    0.315029109272866917E+10   -0.118851202060636425E+03
    0.545782050380587691E+00    0.729129410143832146E+00    0.324804561660317135E+10   -0.118612718385807028E+03
    0.602930889518349611E+00    0.664433601538895857E+00    0.306015805284204626E+10   -0.117678968361995203E+03
    0.551987139247661407E+00    0.788933128072681455E+00    0.320388587545218325E+10   -0.117553052153759637E+03
    0.573219879153061163E+00    0.768889911207981669E+00    0.318131664503877735E+10   -0.117503678455259433E+03
    0.540684590791831288E+00    0.769462171877439260E+00    0.322992211226591349E+10   -0.117433289681929637E+03
    0.515673377494945906E+00    0.792620168924848656E+00    0.329302022871038532E+10   -0.117324133808452757E+03
    0.518881360493875676E+00    0.724959184689861758E+00    0.330115955065789461E+10   -0.117309585237814986E+03
    0.490582065746315521E+00    0.633976327134519124E+00    0.337607360020799828E+10   -0.117221705594743597E+03
    0.585149302472436128E+00    0.651514050108094267E+00    0.310128856869696856E+10   -0.117208310663200194E+03
    0.585059406096741452E+00    0.823160324646918795E+00    0.316219065133835459E+10   -0.117202767081232878E+03
    0.522868593830960848E+00    0.652429963417553438E+00    0.332419861113477945E+10   -0.117199006267714907E+03
    0.523855587505952403E+00    0.795282022787453968E+00    0.332601693673756886E+10   -0.117186398327944261E+03
    0.568462316623508990E+00    0.675512103331517011E+00    0.320458091775834084E+10   -0.117170027588670109E+03
    0.577316447644329100E+00    0.831686929875040448E+00    0.313660691017055130E+10   -0.117166157123317589E+03
    0.602981948864075634E+00    0.816955400839429302E+00    0.306301392197513580E+10   -0.117112553568421504E+03
    0.532763528563060529E+00    0.836719819419704081E+00    0.328000655963462687E+10   -0.117105257151435040E+03
    0.525598741847898676E+00    0.736795124974419124E+00    0.329120578446357870E+10   -0.117064722248174022E+03
    0.511859186546777756E+00    0.730072360613334581E+00    0.335857592016678667E+10   -0.117031651078579728E+03
    0.558100017890916567E+00    0.680720518737455649E+00    0.318110145415881681E+10   -0.117016071685469612E+03
    0.539253754114085604E+00    0.709908441961783154E+00    0.323150801296960974E+10   -0.116976985620841845E+03
    0.580086587686750810E+00    0.606760905637225179E+00    0.312527738829823971E+10   -0.116908234861780414E+03
    0.600712519168135062E+00    0.664135250295981194E+00    0.310830730063390684E+10   -0.116877873027887148E+03
    0.527875040083903513E+00    0.690001989740169464E+00    0.330454879816165113E+10   -0.116856194952295084E+03
    0.550391412333876562E+00    0.771816605394572974E+00    0.324369292604370880E+10   -0.116836183707277897E+03
    0.497354740434760412E+00    0.733553410265006534E+00    0.338866403221996355E+10   -0.116827237133470774E+03
    0.595957481643543896E+00    0.620302311913452087E+00    0.308318589641259098E+10   -0.116717018080079399E+03
    0.594256476828939784E+00    0.651516843100200305E+00    0.311290480730084085E+10   -0.116708895896034250E+03
    0.497347064428756092E+00    0.740695288144735287E+00    0.338538675049059534E+10   -0.116681928467778732E+03
    0.510774008865253926E+00    0.699933623044927344E+00    0.335635345977169323E+10   -0.116666758162035151E+03
    0.528008304363304926E+00    0.719389589633275151E+00    0.330296228486139536E+10   -0.116657663037358432E+03
    0.541484018369464470E+00    0.722407125027519470E+00    0.326353547712614489E+10   -0.116643491256886620E+03
    0.535790221245003973E+00    0.713749697586020915E+00    0.326710324035696077E+10   -0.116520548893666756E+03
    0.512997934551919443E+00    0.785748718563084481E+00    0.333432045863022709E+10   -0.116512595264184299E+03
    0.550504357446010339E+00    0.713585287012408642E+00    0.318453204723784399E+10   -0.116452190132351774E+03
    0.521077906322794271E+00    0.809906101023562641E+00    0.331458639627572870E+10   -0.116443982219937155E+03
    0.587101779524489498E+00    0.605435017580527202E+00    0.311889934237411928E+10   -0.116384335783638392E+03
    0.574478164848041040E+00    0.755257217067084596E+00    0.318673819379652596E+10   -0.116295908055975929E+03
    0.536582827167762288E+00    0.616265991504468147E+00    0.325712226952579308E+10   -0.116241461319107941E+03
    0.582114702555832197E+00    0.639159272871154371E+00    0.313146713698684740E+10   -0.116179539812517035E+03
    0.552484589461706754E+00    0.696161836121930833E+00    0.323677537782041311E+10   -0.116168651363498526E+03
    0.581647643406214110E+00    0.628410011344431751E+00    0.311680914540724373E+10   -0.116149200928249286E+03
    0.562333233901092910E+00    0.674766811827394619E+00    0.314796694035048151E+10   -0.116136527845868272E+03
    0.591506545065765166E+00    0.671604391094852815E+00    0.313309143645088196E+10   -0.116099296824635005E+03
    0.531784194539075106E+00    0.713734110929561183E+00    0.328977353023768377E+10   -0.116036423653767912E+03
    0.565531918781115750E+00    0.707409995543009984E+00    0.317279425981597996E+10   -0.115999225043165467E+03
    0.560207906896970309E+00    0.685119699882521971E+00    0.317851107934642649E+10   -0.115990650035860881E+03
    0.533040580481864978E+00    0.697541724264594265E+00    0.326066222460413408E+10   -0.115983421631232716E+03
    0.518395889968137236E+00    0.596674995231937899E+00    0.333080893042095041E+10   -0.115959139780122371E+03
    0.578552146017881963E+00    0.612385029768363509E+00    0.312990506234868813E+10   -0.115932646863900317E+03
    0.607271207129112978E+00    0.626211471112952722E+00    0.307304352859578705E+10   -0.115894637947207457E+03
    0.577304569627778430E+00    0.665508275280149775E+00    0.313417193018524218E+10   -0.115867407475232753E+03
    0.579991859128064058E+00    0.831198017641005649E+00    0.313345096930136538E+10   -0.115852978089651742E+03
    0.565545293801686610E+00    0.692987008860212583E+00    0.315566210804373789E+10   -0.115817604957779395E+03
    0.572551865795740467E+00    0.736908568895293214E+00    0.319225918690508270E+10   -0.115798953371920206E+03
    0.589268904522778914E+00    0.685927170768913186E+00    0.314724735307495689E+10   -0.115749909800616734E+03
    0.529573223778408098E+00    0.730862536548169572E+00    0.328490126458094168E+10   -0.115742634876805198E+03
    0.575577903614136188E+00    0.732659394617051873E+00    0.315340235074787569E+10   -0.115716912545342410E+03
    0.556749146874140677E+00    0.718503834355034954E+00    0.319861155851151609E+10   -0.115707077363693728E+03
    0.558569744829454540E+00    0.693648015770477855E+00    0.318523915643359470E+10   -0.115671831504589392E+03
    0.530666035964674987E+00    0.782489433144117896E+00    0.330806762892577744E+10   -0.115664986897682340E+03
    0.530964583178736405E+00    0.769125077334198437E+00    0.325975169828465557E+10   -0.115631993445532501E+03
    0.519073478484466388E+00    0.714182010735566308E+00    0.332192053910453176E+10   -0.115606127203115989E+03
    0.564114943934914792E+00    0.687519488850723448E+00    0.315805639805706978E+10   -0.115600525052627631E+03
    0.550876479068905134E+00    0.727209992155135154E+00    0.321624268022176552E+10   -0.115586075054743930E+03
    0.542911415875762526E+00    0.729524653094248521E+00    0.327080413682474327E+10   -0.115536868426032015E+03
    0.554833425899421528E+00    0.709651053169331192E+00    0.318195968039611530E+10   -0.115526503921499867E+03
    0.584906444748038101E+00    0.677058547917033238E+00    0.311120171764626074E+10   -0.115519914381759349E+03
    0.545670201356006079E+00    0.673926381992197676E+00    0.322961107024720430E+10   -0.115497917875406529E+03
    0.529976155070523869E+00    0.718759129216614667E+00    0.326258868178853750E+10   -0.115460791528207352E+03
    0.527844555857083897E+00    0.721510747193569557E+00    0.330633482277117395E+10   -0.115453629096123990E+03
    0.561185292332246455E+00    0.779621282415451589E+00    0.318181407644173861E+10   -0.115375629025376625E+03
    0.568548371155211840E+00    0.696125786314611972E+00    0.317600344765640497E+10   -0.115358389181635246E+03
    0.568548371155211840E+00    0.696125786314611972E+00    0.317600344765640497E+10   -0.115358389181635246E+03
    0.534049623536938411E+00    0.596706899021498316E+00    0.326062423955103254E+10   -0.115327883950480896E+03
    0.590264702385446038E+00    0.737177957763650582E+00    0.312745439647674179E+10   -0.115290454644566282E+03
    0.570642188702455755E+00    0.781876611546987732E+00    0.314995150271983957E+10   -0.115284140265299783E+03
    0.570642188702455755E+00    0.781876611546987732E+00    0.314995150271983957E+10   -0.115284140265299783E+03
    0.483033854765393345E+00    0.595493197190940293E+00    0.341996202128281069E+10   -0.115271467059042749E+03
    0.528349096951353014E+00    0.758092804034220080E+00    0.328722565378682423E+10   -0.115270906466199349E+03
    0.528349096951353014E+00    0.758092804034220080E+00    0.328722565378682423E+10   -0.115270906466199349E+03
    0.541553776484980487E+00    0.737832727607232286E+00    0.322881380848417568E+10   -0.115269734347123872E+03
    0.584063457722727830E+00    0.739663409800099814E+00    0.313045241076909351E+10   -0.115259094488073629E+03
    0.566267887520776614E+00    0.629757639700994076E+00    0.319339180090590096E+10   -0.115253660958811338E+03
    0.510389293105028452E+00    0.652424402817576521E+00    0.332885036784523869E+10   -0.115242345775431133E+03
    0.510389293105028452E+00    0.652424402817576521E+00    0.332885036784523869E+10   -0.115242345775431133E+03
    0.499109039421124945E+00    0.662504473355095769E+00    0.336644829448197746E+10   -0.115190766790331935E+03
    0.570739315749643539E+00    0.784778695738159726E+00    0.317951088666654730E+10   -0.115167242015204749E+03
    0.544120397547316559E+00    0.717686182971688069E+00    0.322875905955156517E+10   -0.115129235316602177E+03
    0.569540964833220253E+00    0.777914935837513255E+00    0.316239937815961456E+10   -0.115119392821740348E+03
    0.538924566591928111E+00    0.606125650353259715E+00    0.326287893224976015E+10   -0.115118012467071182E+03
    0.545783001286005431E+00    0.717303286202231050E+00    0.323043218389355135E+10   -0.115114749134347136E+03
    0.502974379088023893E+00    0.654776137653916734E+00    0.331672023039602995E+10   -0.115098797354386136E+03
    0.548652193362685003E+00    0.631270114897743539E+00    0.321539188892693377E+10   -0.115085786747903512E+03
    0.548652193362685003E+00    0.631270114897743539E+00    0.321539188892693377E+10   -0.115085786747903512E+03
    0.579115860634529023E+00    0.792646234148342899E+00    0.316573174494993591E+10   -0.115079531698858702E+03
    0.579115860634529023E+00    0.792646234148342899E+00    0.316573174494993591E+10   -0.115079531698858702E+03
    0.519150882860228480E+00    0.737112029704967142E+00    0.331767206463286591E+10   -0.115075932730438396E+03
    0.538808561316855061E+00    0.753358015972784401E+00    0.326898840573239756E+10   -0.115074846715399573E+03
    0.519302925185744169E+00    0.688099019626722708E+00    0.330563418050074577E+10   -0.115066363785899043E+03
    0.542879571338144240E+00    0.754149069535472449E+00    0.325789851202776480E+10   -0.115056819781457378E+03
    0.563557082609505655E+00    0.678384893630566310E+00    0.316460130155588818E+10   -0.115049474701955717E+03
    0.545845914295906565E+00    0.736593568970203449E+00    0.326059381383113575E+10   -0.114996080652160629E+03
    0.578629815139153791E+00    0.676641416019673869E+00    0.313809501849701691E+10   -0.114994915389963836E+03
    0.504685792416663781E+00    0.662585821787118334E+00    0.331893250717566919E+10   -0.114993438689207849E+03
    0.509793953029323621E+00    0.697316076885050151E+00    0.331619652183505774E+10   -0.114993294515866779E+03
    0.564559612671968081E+00    0.737703625036376209E+00    0.316626913810650063E+10   -0.114991249474751143E+03
    0.551616066271667149E+00    0.753337794475633871E+00    0.321094801059290695E+10   -0.114990975268163794E+03
    0.603047400322983540E+00    0.720666713895948163E+00    0.309948133749658442E+10   -0.114988519539940015E+03
    0.551478235426656527E+00    0.621246602724028207E+00    0.321651151407561302E+10   -0.114974222914340316E+03
    0.551478235426656527E+00    0.621246602724028207E+00    0.321651151407561302E+10   -0.114974222914340316E+03
    0.547928979467073529E+00    0.652776592483299112E+00    0.318974092403616238E+10   -0.114968371917401541E+03
    0.521817348084659405E+00    0.774601961177374676E+00    0.330283716145107651E+10   -0.114965531109974080E+03
    0.574974741000389145E+00    0.632661369219773562E+00    0.314784343070267344E+10   -0.114946155734639291E+03
    0.565343558722700368E+00    0.705586766819186195E+00    0.315812421480760813E+10   -0.114936248712400072E+03
    0.583354271253294754E+00    0.648827531087077247E+00    0.313102565712553406E+10   -0.114913202065114461E+03
    0.569070107685672122E+00    0.619417582049102577E+00    0.315954924789378023E+10   -0.114910864843971567E+03
    0.544813401830687716E+00    0.737410594654537732E+00    0.323164653363307047E+10   -0.114906527421355520E+03
    0.517033864220521444E+00    0.652229763032764254E+00    0.333338968810387707E+10   -0.114880668560324779E+03
    0.564385269491431862E+00    0.713582806266174430E+00    0.317307971934742785E+10   -0.114869167295985207E+03
    0.570124779004871129E+00    0.689548291774819688E+00    0.316118835760090542E+10   -0.114835972551935924E+03
    0.514534897042881245E+00    0.734040822777862090E+00    0.331586778247895765E+10   -0.114828688627588519E+03
    0.514534897042881245E+00    0.734040822777862090E+00    0.331586778247895765E+10   -0.114828688627588519E+03
    0.560669400666087170E+00    0.733032559928489036E+00    0.317619722236650753E+10   -0.114821314865775662E+03
    0.520427037356423594E+00    0.659754425114929433E+00    0.332652629264758539E+10   -0.114806281062259615E+03
    0.520427037356423594E+00    0.659754425114929433E+00    0.332652629264758539E+10   -0.114806281062259615E+03
    0.584239453847252732E+00    0.715336991666992716E+00    0.314937456944586897E+10   -0.114790750476962074E+03
    0.527078312655930192E+00    0.685298165207633758E+00    0.330027584690729189E+10   -0.114785932263572363E+03
    0.528743099513949377E+00    0.739627249177365442E+00    0.327725185827651310E+10   -0.114749118498075390E+03
    0.581816184438397666E+00    0.764761099162384994E+00    0.312974673437909317E+10   -0.114732398079591050E+03
    0.580151109291637934E+00    0.659854654572146870E+00    0.312464329988849735E+10   -0.114730036799349747E+03
    0.580151109291637934E+00    0.659854654572146870E+00    0.312464329988849735E+10   -0.114730036799349747E+03
    0.557092582732691688E+00    0.705358538860160422E+00    0.322160081006217480E+10   -0.114727102161973662E+03
    0.567520871849917063E+00    0.794389456634458924E+00    0.317402796080291271E+10   -0.114702568719005640E+03
    0.535516964295831399E+00    0.680675646148628744E+00    0.328055898571542740E+10   -0.114689615396928104E+03
    0.542010761854679002E+00    0.756673915800581298E+00    0.326427798703752995E+10   -0.114672715030139940E+03
    0.576277224453194958E+00    0.803122080230833646E+00    0.316276478724583912E+10   -0.114669216929166481E+03
    0.533827620399185410E+00    0.753900985944948587E+00    0.326123436170022297E+10   -0.114659779185519170E+03
    0.572435495127153082E+00    0.764187594450511654E+00    0.317789209781776905E+10   -0.114656978957747938E+03
    0.572654230088375127E+00    0.688225413318052759E+00    0.316994407875506830E+10   -0.114652446578249325E+03
    0.583929638548355778E+00    0.722599815793010691E+00    0.313826319553037310E+10   -0.114650138120585950E+03
    0.557671439401458913E+00    0.752508647902985217E+00    0.318922255038907719E+10   -0.114637759507220707E+03
    0.579306508859098512E+00    0.741269180815535833E+00    0.313708915001036215E+10   -0.114627137920779305E+03
    0.515245426764141423E+00    0.693668743036042201E+00    0.332345061071767616E+10   -0.114604163977930938E+03
    0.515245426764141423E+00    0.693668743036042201E+00    0.332345061071767616E+10   -0.114604163977930938E+03
    0.531362294707566685E+00    0.794561370887393537E+00    0.328399653286149597E+10   -0.114603760064324788E+03
    0.519784080858182951E+00    0.590893125585978396E+00    0.328849369457549143E+10   -0.114586370027994576E+03
    0.532999886262766065E+00    0.619062781895365788E+00    0.323322088662966251E+10   -0.114538171899005789E+03
    0.548212020213651008E+00    0.718418912986553693E+00    0.323435950576989937E+10   -0.114537998376711641E+03
    0.527505672073525278E+00    0.651113149721915363E+00    0.329405914031779051E+10   -0.114534466965247930E+03
    0.514175862227794989E+00    0.608510162927229814E+00    0.333081205372097015E+10   -0.114531125025029098E+03
    0.587955385560227084E+00    0.665714261095464721E+00    0.312406657772084713E+10   -0.114515183593051944E+03
    0.528952309588711977E+00    0.730924611911232702E+00    0.328000480781881142E+10   -0.114505818184096256E+03
    0.592851903143067571E+00    0.649207614024112090E+00    0.310323418679267168E+10   -0.114491994699383099E+03
    0.576873238734078697E+00    0.802486596000573371E+00    0.315862930521193314E+10   -0.114487089014466548E+03
    0.552893430109180017E+00    0.696525250294925513E+00    0.320149237532476902E+10   -0.114484905894076462E+03
    0.584690792727060704E+00    0.659504303028210614E+00    0.312034259714952183E+10   -0.114474320198318779E+03
    0.548499908472781628E+00    0.642276549399756647E+00    0.323268588245199585E+10   -0.114461895159947176E+03
    0.550076704710190878E+00    0.664238996887123179E+00    0.323605131812849855E+10   -0.114452545608651178E+03
    0.550076704710190878E+00    0.664238996887123179E+00    0.323605131812849855E+10   -0.114452545608651178E+03
    0.539748806319866437E+00    0.736009223206552932E+00    0.324754757977619743E+10   -0.114452422763738383E+03
    0.539748806319866437E+00    0.736009223206552932E+00    0.324754757977619743E+10   -0.114452422763738383E+03
    0.541715259052832909E+00    0.701085843417226684E+00    0.325133408883128738E+10   -0.114441284096293614E+03
    0.532596165102959929E+00    0.697643254558499848E+00    0.324933264405955458E+10   -0.114431469474937956E+03
    0.533661378281445220E+00    0.667788251641239228E+00    0.328820932887568855E+10   -0.114428358234608041E+03
    0.577466506850880079E+00    0.695740153311291465E+00    0.313724707876424170E+10   -0.114414002866131824E+03
    0.544909722775508087E+00    0.778505810202393178E+00    0.323568424137398338E+10   -0.114383670204741321E+03
    0.578234804882831410E+00    0.669384404031852398E+00    0.313276125267431021E+10   -0.114373368839090219E+03
    0.578234804882831410E+00    0.669384404031852398E+00    0.313276125267431021E+10   -0.114373368839090219E+03
    0.538501955541106359E+00    0.700746582760425341E+00    0.327645049119990826E+10   -0.114364748700722714E+03
    0.564091627588282130E+00    0.752295005206393697E+00    0.316795754949804640E+10   -0.114353776514204341E+03
    0.564091627588282130E+00    0.752295005206393697E+00    0.316795754949804640E+10   -0.114353776514204341E+03
    0.559299838171348318E+00    0.685764547741577246E+00    0.317096453356335306E+10   -0.114328534835231594E+03
    0.570387873446901894E+00    0.799423446865922926E+00    0.318380368411991358E+10   -0.114314984023332542E+03
    0.570387873446901894E+00    0.799423446865922926E+00    0.318380368411991358E+10   -0.114314984023332542E+03
    0.563422905136920948E+00    0.616229290086636183E+00    0.316227370764423466E+10   -0.114302003595356297E+03
    0.563422905136920948E+00    0.616229290086636183E+00    0.316227370764423466E+10   -0.114302003595356297E+03
    0.522572421720196356E+00    0.602398097315830938E+00    0.328378590373888302E+10   -0.114290808289476814E+03
    0.562536662902055284E+00    0.675314997956874663E+00    0.317153951402240038E+10   -0.114290416510806651E+03
    0.562536662902055284E+00    0.675314997956874663E+00    0.317153951402240038E+10   -0.114290416510806651E+03
    0.531816838651589685E+00    0.650217132980690948E+00    0.328088425790755701E+10   -0.114283084812803239E+03
    0.554098101335643745E+00    0.775690614688249624E+00    0.319814784094799042E+10   -0.114280383196206202E+03
    0.566755582651038980E+00    0.787056034496744772E+00    0.317574228067476416E+10   -0.114279537140608738E+03
    0.525591038583821724E+00    0.693403722423189706E+00    0.329896048029968119E+10   -0.114253539561480750E+03
    0.573427785830807668E+00    0.704597153057871850E+00    0.315283891001333237E+10   -0.114247052355241891E+03
    0.573427785830807668E+00    0.704597153057871850E+00    0.315283891001333237E+10   -0.114247052355241891E+03
    0.568015672967129626E+00    0.641595080976953724E+00    0.315315187068130875E+10   -0.114244292105443549E+03
    0.551302793305062599E+00    0.731850521036662371E+00    0.320540114327745008E+10   -0.114226322744646183E+03
    0.586221650300706498E+00    0.728305054616436465E+00    0.313654385736112261E+10   -0.114219226752992938E+03
    0.586221650300706498E+00    0.728305054616436465E+00    0.313654385736112261E+10   -0.114219226752992938E+03
    0.560622682215268453E+00    0.717277740249127049E+00    0.317668186890398550E+10   -0.114213726620968899E+03
    0.549697421452136181E+00    0.644477317135557115E+00    0.320225066139454746E+10   -0.114194271833400848E+03
    0.560321104043836615E+00    0.692347331294442370E+00    0.317835880671152306E+10   -0.114193688621205027E+03
    0.527035644762263722E+00    0.691795617266032892E+00    0.329439928864050102E+10   -0.114192854521635823E+03
    0.563373075698155978E+00    0.803390760877203292E+00    0.318812255912779427E+10   -0.114188390610997800E+03
    0.519403157512380642E+00    0.729409996889964773E+00    0.329811126155856037E+10   -0.114186164327138087E+03
    0.519403157512380642E+00    0.729409996889964773E+00    0.329811126155856037E+10   -0.114186164327138087E+03
    0.570913624500012484E+00    0.680372746741060297E+00    0.318121182941872931E+10   -0.114185396340546617E+03
    0.565924036491053939E+00    0.608971124016369103E+00    0.316480288804298210E+10   -0.114158532369117083E+03
    0.541628293246465331E+00    0.715358612715590425E+00    0.324326881169546080E+10   -0.114154667423295095E+03
    0.555464304025196087E+00    0.654571025791115702E+00    0.318898929523376417E+10   -0.114144731865204420E+03
    0.516521154388446591E+00    0.655806257821193839E+00    0.332160580914611053E+10   -0.114135459208117183E+03
    0.554331035879455425E+00    0.671297357699243591E+00    0.322169142016269493E+10   -0.114130043719069278E+03
    0.549166686381575175E+00    0.640920942675510474E+00    0.322879921783573627E+10   -0.114126342703470911E+03
    0.549166686381575175E+00    0.640920942675510474E+00    0.322879921783573627E+10   -0.114126342703470911E+03
    0.565681229286424725E+00    0.749989821610601126E+00    0.317322590559626532E+10   -0.114124369548844442E+03
    0.560202335146128605E+00    0.664461638514154629E+00    0.317844888006849766E+10   -0.114104333925024577E+03
    0.561489900898954453E+00    0.809827130500115899E+00    0.320087084233445406E+10   -0.114099855762518104E+03
    0.561489900898954453E+00    0.809827130500115899E+00    0.320087084233445406E+10   -0.114099855762518104E+03
    0.515864389280373148E+00    0.644636843058219000E+00    0.332170016234181452E+10   -0.114085245862323987E+03
    0.528226168700987486E+00    0.717146838602795711E+00    0.327365924204118109E+10   -0.114083814041397332E+03
    0.528226168700987486E+00    0.717146838602795711E+00    0.327365924204118109E+10   -0.114083814041397332E+03
    0.521582021714247168E+00    0.702237694337991769E+00    0.328024812270342541E+10   -0.114081756270286718E+03
    0.521582021714247168E+00    0.702237694337991769E+00    0.328024812270342541E+10   -0.114081756270286718E+03
    0.546459645614925327E+00    0.621409561310546366E+00    0.322975960932428932E+10   -0.114077633401124913E+03
    0.556467172116376640E+00    0.752071659045334684E+00    0.321860949766300774E+10   -0.114073240544810687E+03
    0.570666553605325366E+00    0.698076024847678056E+00    0.317502805721713829E+10   -0.114072974754419604E+03
    0.510217494700049179E+00    0.670109162066914621E+00    0.331572222822606611E+10   -0.114070155264693497E+03
    0.570579921846699589E+00    0.734424434029861573E+00    0.318130631830108738E+10   -0.114068910413007885E+03
    0.570579921846699589E+00    0.734424434029861573E+00    0.318130631830108738E+10   -0.114068910413007885E+03
    0.559440207438938741E+00    0.618964947833106294E+00    0.317835622926238060E+10   -0.114065121202938116E+03
    0.529673081810335011E+00    0.802608534616114255E+00    0.325347017638398409E+10   -0.114059629738336412E+03
    0.546312266854917961E+00    0.666176092580050394E+00    0.324328415379476166E+10   -0.114050219366131714E+03
    0.546565467537039940E+00    0.610578699268241820E+00    0.322604219637266684E+10   -0.114038586118709702E+03
    0.546565467537039940E+00    0.610578699268241820E+00    0.322604219637266684E+10   -0.114038586118709702E+03
    0.561060654757530974E+00    0.775052087272687373E+00    0.317793590858266163E+10   -0.114027032665266745E+03
    0.566347592276746359E+00    0.791827823894523775E+00    0.318639827671293783E+10   -0.114019456866000837E+03
    0.565676391065256134E+00    0.793548793224548632E+00    0.318371667048949099E+10   -0.114016727125443225E+03
    0.567214787853221436E+00    0.758518754857092858E+00    0.317674493956637573E+10   -0.114014913697826188E+03
    0.567214787853221436E+00    0.758518754857092858E+00    0.317674493956637573E+10   -0.114014913697826188E+03
    0.547951168781845466E+00    0.735617625709210188E+00    0.322731948055923080E+10   -0.114010760687502781E+03
    0.525269494400063097E+00    0.680050901840917987E+00    0.329678384492363405E+10   -0.114002602078981099E+03
    0.545937330234699703E+00    0.716302197126912787E+00    0.324210391727106333E+10   -0.113995819023344097E+03
    0.558878140838859450E+00    0.700147188856185210E+00    0.318189017223518515E+10   -0.113974529041510664E+03
    0.544535380797715907E+00    0.644549559198244637E+00    0.322535352149119377E+10   -0.113973276205504078E+03
    0.544337847785834716E+00    0.711167168435105523E+00    0.325392033516358042E+10   -0.113967839624443911E+03
    0.544337847785834716E+00    0.711167168435105523E+00    0.325392033516358042E+10   -0.113967839624443911E+03
    0.518638343328784890E+00    0.694257123941730114E+00    0.330386079822107220E+10   -0.113945295183297773E+03
    0.518638343328784890E+00    0.694257123941730114E+00    0.330386079822107220E+10   -0.113945295183297773E+03
    0.550118709396165251E+00    0.731041100894533002E+00    0.322318906188353920E+10   -0.113936029506803962E+03
    0.535225320228246093E+00    0.700714795567240145E+00    0.325701650263972187E+10   -0.113927941667737016E+03
    0.541181290184607700E+00    0.633353821661872374E+00    0.321216437112333679E+10   -0.113926787173657033E+03
    0.569108708454732493E+00    0.743549930786748803E+00    0.318688566034168863E+10   -0.113919425082301814E+03
    0.549439949885144996E+00    0.738930086485600768E+00    0.324255613390946531E+10   -0.113916007391022788E+03
    0.538416369815774454E+00    0.648784739193178694E+00    0.323024484074258327E+10   -0.113915979864016123E+03
    0.542039553826628828E+00    0.699433384440029116E+00    0.323448196500850153E+10   -0.113912405091630887E+03
    0.536018569563781910E+00    0.735609502846779506E+00    0.326443598861819363E+10   -0.113911890672374298E+03
    0.558826331370192220E+00    0.678603021709163201E+00    0.319610369547358274E+10   -0.113908413081413912E+03
    0.570532190858686006E+00    0.625665799426688096E+00    0.316940981045416784E+10   -0.113906409619313493E+03
    0.546356807752495288E+00    0.693533064300959623E+00    0.323937211234850264E+10   -0.113902447596438904E+03
    0.541473488227626865E+00    0.658244513696871536E+00    0.323701767574460983E+10   -0.113900430080421614E+03
    0.542197914198973341E+00    0.693794094677009809E+00    0.325847179575958395E+10   -0.113899244708283859E+03
    0.542149102216995860E+00    0.654511295420835637E+00    0.323388397525405455E+10   -0.113893551625460745E+03
    0.561343508094724331E+00    0.716159636008374179E+00    0.318177712333444738E+10   -0.113889504025031769E+03
    0.556220311431029679E+00    0.646014653128645477E+00    0.319115295979526234E+10   -0.113887795867405856E+03
    0.541908470771081063E+00    0.728739182113269379E+00    0.325220662725989676E+10   -0.113884517449701974E+03
    0.560816349290735650E+00    0.784762444490304745E+00    0.319265356186932659E+10   -0.113878993328644981E+03
    0.538373270746055010E+00    0.711575421926806229E+00    0.326404353293511868E+10   -0.113878117407435752E+03
    0.557954868236701818E+00    0.720265904946399971E+00    0.318169006197602415E+10   -0.113875193948109896E+03
    0.538918114175478635E+00    0.651249769527211697E+00    0.324203273818108130E+10   -0.113872119215036406E+03
    0.536310744915769799E+00    0.720959862742457602E+00    0.325261075759003687E+10   -0.113869310335311340E+03
    0.579432889212558533E+00    0.724890288030719532E+00    0.315044468597678280E+10   -0.113865825315562034E+03
    0.555242425569094089E+00    0.726478824862532235E+00    0.322528995274183702E+10   -0.113860287236476523E+03
    0.572193900606949968E+00    0.749645973715679759E+00    0.315412243256017399E+10   -0.113857852008505972E+03
    0.538978463634186444E+00    0.711453948868211228E+00    0.322898258044966888E+10   -0.113841461430509113E+03
    0.539472613731500128E+00    0.752482791975292997E+00    0.326058997788703203E+10   -0.113831481338272638E+03
    0.508182573733431786E+00    0.635961615602694152E+00    0.333589546761834383E+10   -0.113828239534654443E+03
    0.545121210950636814E+00    0.667104532987671917E+00    0.322121924825961924E+10   -0.113823567959352800E+03
    0.547856165288878039E+00    0.646596396006383856E+00    0.323157759340693521E+10   -0.113821083475399135E+03
    0.539022879067705407E+00    0.629870231237939393E+00    0.323041687437299252E+10   -0.113806862449773305E+03
    0.569446844588504697E+00    0.696217440279468747E+00    0.318038104504966068E+10   -0.113803941161364236E+03
    0.546244996440526598E+00    0.643103114220082261E+00    0.321028846848275328E+10   -0.113788558927517826E+03
    0.538786572588500268E+00    0.741061422250364643E+00    0.325901933230801821E+10   -0.113773597713777463E+03
    0.535257125515150589E+00    0.719047740347084741E+00    0.325940596076912451E+10   -0.113773184092280189E+03
    0.532196876133711805E+00    0.731273114274483049E+00    0.326379879136474562E+10   -0.113767336643803176E+03
    0.557725033411532234E+00    0.785050150545066217E+00    0.319997248193985081E+10   -0.113761234425316459E+03
    0.567473549561439694E+00    0.630232596477748430E+00    0.318032040860230398E+10   -0.113758486730871965E+03
    0.555627897675925242E+00    0.668060955689927738E+00    0.320425902008579540E+10   -0.113758379658108041E+03
    0.520576404598780296E+00    0.703286817113198737E+00    0.331156471560204601E+10   -0.113757072185555486E+03
    0.521323143111411702E+00    0.702304204053930903E+00    0.329136883482922602E+10   -0.113755566068449298E+03
    0.533022517643497173E+00    0.704978317646284935E+00    0.325657054190312481E+10   -0.113752101913379434E+03
    0.539029068449544568E+00    0.729662183447473467E+00    0.326068760785554695E+10   -0.113740059722887196E+03
    0.512404099191594464E+00    0.660642875121205009E+00    0.331567002463259745E+10   -0.113738172864224197E+03
    0.532133483677521335E+00    0.654298459056622761E+00    0.327536351864272594E+10   -0.113736973178221632E+03
    0.531616337857683585E+00    0.735678906073486516E+00    0.326349493355296230E+10   -0.113730232634885510E+03
    0.521531538030675312E+00    0.681496662657943730E+00    0.330103546626338577E+10   -0.113721930531837558E+03
    0.529875026466531507E+00    0.666289264420036886E+00    0.327395258928159475E+10   -0.113712193909993331E+03
    0.550489492839915884E+00    0.672199414442006926E+00    0.320412817867334318E+10   -0.113711752390202946E+03
    0.552839148922508516E+00    0.622749795022690122E+00    0.320799508582396317E+10   -0.113709177495886024E+03
    0.541863093412967678E+00    0.734184153558416597E+00    0.325671195191159630E+10   -0.113696930881289518E+03
    0.554581823327127021E+00    0.747401233587964953E+00    0.321739146579246998E+10   -0.113696502640604592E+03
    0.557502695722813524E+00    0.685095005044264127E+00    0.320495077151966143E+10   -0.113693645562973614E+03
    0.556771647111003465E+00    0.644090035241775993E+00    0.319760654577061844E+10   -0.113693528684241329E+03
    0.568908825957099129E+00    0.638659681825837211E+00    0.317375571603412056E+10   -0.113692316486329958E+03
    0.554767538156613615E+00    0.672910768157873207E+00    0.319692865054938841E+10   -0.113682183531242771E+03
    0.547214019317413314E+00    0.734426568975308669E+00    0.323799516277010822E+10   -0.113682028499196704E+03
    0.569907129178265692E+00    0.757934078326915284E+00    0.317838096053814077E+10   -0.113672615075288604E+03
    0.560009535504711664E+00    0.693192232034061107E+00    0.318479646524646044E+10   -0.113671498055519464E+03
    0.551042940592204156E+00    0.672177530586942851E+00    0.320714894708599710E+10   -0.113664477304981702E+03
    0.550968978805769227E+00    0.654589319454149887E+00    0.320041516711405420E+10   -0.113661616279423754E+03
    0.519340226967201279E+00    0.650380141926660826E+00    0.330664102619513607E+10   -0.113659651691329771E+03
    0.548432928500783845E+00    0.697858988879742625E+00    0.322417587408617973E+10   -0.113656820274828277E+03
    0.547612002330631897E+00    0.664349907621936353E+00    0.321057596423550510E+10   -0.113421136352740376E+03
    0.549526278094685794E+00    0.664251955650465575E+00    0.323245516723340464E+10   -0.113430731671189079E+03
    0.546041903263553174E+00    0.668510037680576374E+00    0.322924631592733049E+10   -0.113010705587149602E+03
    0.545752367724933740E+00    0.663063558498501848E+00    0.322487443704323339E+10   -0.113564596122578735E+03
    0.552684261824070044E+00    0.639035258324536670E+00    0.320609599425186396E+10   -0.113639737284200564E+03
    0.549829949781789229E+00    0.655473229130649315E+00    0.320082431327623844E+10   -0.113623536467792178E+03
    0.553192485322769434E+00    0.650404072866560767E+00    0.320342178768515968E+10   -0.113514284285901070E+03
    0.553995503792116928E+00    0.650913034192440065E+00    0.321417457493497467E+10   -0.113388514711310208E+03
    0.548246237021320693E+00    0.649007530909081254E+00    0.322300738726398849E+10   -0.113235248429106790E+03
    0.533799754733051968E+00    0.634815203475939782E+00    0.324408071513576365E+10   -0.113346506403852942E+03
    0.547956136316534725E+00    0.644670662392389460E+00    0.322797235343500614E+10   -0.113408870160345145E+03
    0.548442727238411143E+00    0.627394165821488770E+00    0.322187303590256500E+10   -0.113280787457208163E+03
    0.550455390292062807E+00    0.621080998532235640E+00    0.320923583996421814E+10   -0.113265627067278956E+03
    0.549729976564794054E+00    0.618116256672925246E+00    0.320696813349940825E+10   -0.113307961433712322E+03
    0.547100484528946440E+00    0.637573028958616561E+00    0.322522974617568636E+10   -0.113197019948406620E+03
    0.547100484528946440E+00    0.637573028958616561E+00    0.322522974617568636E+10   -0.113197019948406620E+03
    0.543103596117665455E+00    0.623327985827241804E+00    0.321323951652540398E+10   -0.113540654626595909E+03
    0.551628400547342301E+00    0.638719668606547941E+00    0.322611749479304266E+10   -0.113079519116909623E+03
    0.552061744445348612E+00    0.634407082267332001E+00    0.321477862817637587E+10   -0.113076716789121704E+03
    0.552061744445348612E+00    0.634407082267332001E+00    0.321477862817637587E+10   -0.113076716789121704E+03
    0.538651659562802809E+00    0.615276129626602497E+00    0.323837797781179333E+10   -0.113439728200625709E+03
    0.538754820554555036E+00    0.628590148236476409E+00    0.323838183815951443E+10   -0.113095811751305845E+03
    0.538754820554555036E+00    0.628590148236476409E+00    0.323838183815951443E+10   -0.113095811751305845E+03
    0.537721613676691357E+00    0.627333305919011153E+00    0.324106476916193151E+10   -0.113046537892472401E+03
    0.537721613676691357E+00    0.627333305919011153E+00    0.324106476916193151E+10   -0.113046537892472401E+03
    0.541245036796832224E+00    0.609275671197577751E+00    0.322295217448910332E+10   -0.113312207947536081E+03
    0.540806203731611479E+00    0.621903549875398198E+00    0.324566200457413769E+10   -0.113298644935726088E+03
    0.546050324939243881E+00    0.627429365529030392E+00    0.323138687871318150E+10   -0.113201656051834377E+03
    0.542164381473712820E+00    0.629925633405230556E+00    0.323058358778609896E+10   -0.113603392676169832E+03
    0.552290521567648129E+00    0.628228124335940663E+00    0.321571311949399948E+10   -0.113529131982994627E+03
    0.537544858483636978E+00    0.630694703982250360E+00    0.324621246432796001E+10   -0.113519550851763100E+03
    0.539570295994202365E+00    0.629665884181411784E+00    0.324280967190068817E+10   -0.113098330862275901E+03
    0.543680493350795158E+00    0.646203019277249879E+00    0.323907256881288815E+10   -0.113088217514381554E+03
    0.541652798662604962E+00    0.653777582136026325E+00    0.323154076784049988E+10   -0.113272615210546320E+03
    0.545324527397507253E+00    0.654221084070520931E+00    0.322750424085670376E+10   -0.113380478316548576E+03
    0.541902055773187619E+00    0.655707775977010243E+00    0.323861440299604416E+10   -0.113319678425231118E+03
    0.542548618268069549E+00    0.669071431624495006E+00    0.323809401008034277E+10   -0.113540366340929026E+03
    0.538045850804582670E+00    0.644880079809741602E+00    0.323881188440191603E+10   -0.113597991695955699E+03
    0.544889960696263609E+00    0.653040702134369155E+00    0.322769422827727079E+10   -0.113324704004031716E+03
    0.544889960696263609E+00    0.653040702134369155E+00    0.322769422827727079E+10   -0.113324704004031716E+03
    0.541448497520964245E+00    0.655230221475967767E+00    0.323463217056548357E+10   -0.113043969264199475E+03
    0.542747837462759009E+00    0.662838303179896116E+00    0.324144201063902664E+10   -0.113170579229624423E+03
    0.550537145557368435E+00    0.633990956915425841E+00    0.321312820758965111E+10   -0.113531035431260506E+03
    0.546946862243377740E+00    0.627534097736322849E+00    0.323135165333470821E+10   -0.113095369116868824E+03
    0.540950329028944910E+00    0.671361238581365427E+00    0.323544962422311687E+10   -0.113294917302421212E+03
    0.552647322536820362E+00    0.643509808267614503E+00    0.320658905243238640E+10   -0.113150417272039761E+03
    0.552647322536820362E+00    0.643509808267614503E+00    0.320658905243238640E+10   -0.113150417272039761E+03
    0.544112056364781216E+00    0.693702082540305298E+00    0.322854366978175068E+10   -0.113621986782713336E+03
    0.548821899069695252E+00    0.693094818292303572E+00    0.322988532399456835E+10   -0.113600817181172843E+03
    0.548852083857211515E+00    0.689306641638792073E+00    0.320912731399906206E+10   -0.113489894582757344E+03
    0.545323200499023275E+00    0.682012385697523982E+00    0.322596852804245138E+10   -0.113197447336106194E+03
    0.557381136401309929E+00    0.692053364324120679E+00    0.319129353726370764E+10   -0.113567947885457727E+03
    0.561067730622859084E+00    0.701838153295133438E+00    0.319471376298657179E+10   -0.113385779529783491E+03
    0.562917318670514533E+00    0.702006328222005038E+00    0.317618641325895596E+10   -0.113631260166304543E+03
    0.557950578284512333E+00    0.700121389911123160E+00    0.319690420021814060E+10   -0.113620601475906142E+03
    0.549652544248900643E+00    0.692331595016010937E+00    0.322106777462479210E+10   -0.113216062583817660E+03
    0.548516036555966036E+00    0.694622093424857923E+00    0.323158057761629343E+10   -0.113315844376060852E+03
    0.565087992729788824E+00    0.770513504196770782E+00    0.318854662499103594E+10   -0.113655967857889664E+03
    0.541038819626228240E+00    0.746501667765020471E+00    0.324503767381569386E+10   -0.113283481283235503E+03
    0.541038819626228240E+00    0.746501667765020471E+00    0.324503767381569386E+10   -0.113283481283235503E+03
    0.536850972290036421E+00    0.745260532754574712E+00    0.325609737190005684E+10   -0.113529663669880875E+03
    0.564536255434314627E+00    0.650849766317305622E+00    0.317972663018549061E+10   -0.113400426452570088E+03
    0.572661361482344478E+00    0.631298834357769678E+00    0.315782183953578091E+10   -0.113546697812092077E+03
    0.568300416771224226E+00    0.622668187665924577E+00    0.317057143074965239E+10   -0.113562525597825157E+03
    0.551609554977813499E+00    0.670262733244218367E+00    0.322209944848201942E+10   -0.113622769836175266E+03
    0.557313470430168989E+00    0.671638346491130633E+00    0.319857766016544867E+10   -0.113328648676210051E+03
    0.554230776658205748E+00    0.672951802309997404E+00    0.320749013144053364E+10   -0.113531796854601780E+03
    0.547714808678315346E+00    0.670140465404458041E+00    0.321491864307816219E+10   -0.113302732394303305E+03
    0.561444475949971267E+00    0.660110708728126383E+00    0.318532852378596783E+10   -0.113434581013677914E+03
    0.558477096766252901E+00    0.668633174531214181E+00    0.319529142030190945E+10   -0.113364391829333528E+03
    0.559220348872782047E+00    0.661281499085948354E+00    0.319606869845527077E+10   -0.113607708918254829E+03
    0.557446538924801671E+00    0.656537374917849803E+00    0.320320056919177580E+10   -0.113381055776118444E+03
    0.558400813160346843E+00    0.663382144323389156E+00    0.319606675658122778E+10   -0.113522572785513958E+03
    0.510684569824497725E+00    0.651962028205160138E+00    0.331655797762679958E+10   -0.113614002088717683E+03
    0.514251769453995977E+00    0.646196403520587381E+00    0.331819619183825636E+10   -0.113248201011228218E+03
    0.514251769453995977E+00    0.646196403520587381E+00    0.331819619183825636E+10   -0.113248201011228218E+03
    0.516526572850155241E+00    0.640695697626632921E+00    0.331039077932574987E+10   -0.113216283968801861E+03
    0.516526572850155241E+00    0.640695697626632921E+00    0.331039077932574987E+10   -0.113216283968801861E+03
    0.495674563722129757E+00    0.676574822142253396E+00    0.336714032659693480E+10   -0.113488958764342300E+03
    0.514589933752002793E+00    0.662666047260207947E+00    0.331221427237744427E+10   -0.113228201732703042E+03
    0.514589933752002793E+00    0.662666047260207947E+00    0.331221427237744427E+10   -0.113228201732703042E+03
    0.528417102055412036E+00    0.636532446082844316E+00    0.327833815283867168E+10   -0.113397216458814341E+03
    0.520419354675652701E+00    0.676048792989384140E+00    0.330583672102090216E+10   -0.113425215131400122E+03
    0.518835563887151685E+00    0.667613345440461359E+00    0.329690852603584766E+10   -0.113254506842522986E+03
    0.518835563887151685E+00    0.667613345440461359E+00    0.329690852603584766E+10   -0.113254506842522986E+03
    0.521369157661798588E+00    0.672576929844098004E+00    0.330372036456528950E+10   -0.113591041604960637E+03
    0.523299506858044494E+00    0.693518631397944674E+00    0.328534064168428373E+10   -0.113424303022678259E+03
    0.525482425743295289E+00    0.675492198186788073E+00    0.329077359059618759E+10   -0.113323781499924536E+03
    0.522550155161605745E+00    0.695579180468328673E+00    0.329018929371707392E+10   -0.113359123823738386E+03
    0.529038800614728189E+00    0.679976796263598970E+00    0.328103617868716002E+10   -0.113244806199715356E+03
    0.531386585572824255E+00    0.728889047738022100E+00    0.326481362498256302E+10   -0.113345486133399419E+03
    0.542533894416576512E+00    0.715741011458518983E+00    0.324118802179870653E+10   -0.113186504227564910E+03
    0.544764091294789199E+00    0.718419465876820595E+00    0.323837660394957733E+10   -0.113308101692509155E+03
    0.535499169586366008E+00    0.716756366537323331E+00    0.325222518892155504E+10   -0.113166604250837409E+03
    0.535730476015340962E+00    0.723836639580348162E+00    0.324828581831320190E+10   -0.113592064348278498E+03
    0.543028823548772022E+00    0.690672699379927479E+00    0.324376599838432789E+10   -0.113329481621498189E+03
    0.539052068802805651E+00    0.698627419487616308E+00    0.324127695514449549E+10   -0.113256518483147104E+03
    0.542492156673990755E+00    0.678248613775302545E+00    0.324259913894256639E+10   -0.113483317201705404E+03
    0.535980393037655878E+00    0.693005463500657726E+00    0.325365443934331274E+10   -0.113301643652801204E+03
    0.535965925916036978E+00    0.672863544217662479E+00    0.326279007273519707E+10   -0.113597220173801816E+03
    0.540535302609450041E+00    0.678123336193038995E+00    0.324704114074052382E+10   -0.113139551067211954E+03
    0.540348877338825195E+00    0.671724060858098326E+00    0.324387687951752949E+10   -0.113106024217401270E+03
    0.540348877338825195E+00    0.671724060858098326E+00    0.324387687951752949E+10   -0.113106024217401270E+03
    0.536777871543284046E+00    0.656735961515357403E+00    0.325223101557341433E+10   -0.113556825387162107E+03
    0.540374179981297664E+00    0.668745349897729824E+00    0.325494280764103746E+10   -0.113517565139137886E+03
    0.536654437306935295E+00    0.667670357272132975E+00    0.325864110539688683E+10   -0.113516672724205904E+03
    0.536984197298195354E+00    0.663599064749497813E+00    0.325576747015196514E+10   -0.113041918698457195E+03
    0.540001816485445763E+00    0.653873003131067776E+00    0.325039510984586430E+10   -0.113473914140244233E+03
    0.539632258049504099E+00    0.706186216077888673E+00    0.324272304671355152E+10   -0.113499717345516132E+03
