    0.354563928095554315E+00    0.613639389110053113E+00    0.594728986326671124E+10    0.768064554785351735E+06   -0.164498720555630854E+03
    0.356554716002606520E+00    0.636159709013136787E+00    0.584373814605809116E+10    0.775158555624639499E+06   -0.164336683553541320E+03
    0.368025626783321180E+00    0.601785295207284854E+00    0.590121992221375751E+10    0.771198510668526054E+06   -0.164082374353502530E+03
    0.339907810949029165E+00    0.630135867531198990E+00    0.614110363551105022E+10    0.751626199866445037E+06   -0.163512951337120484E+03
    0.336180009148266234E+00    0.609004636256510246E+00    0.606319481420190811E+10    0.797966464810770354E+06   -0.163506755299681288E+03
    0.316513392414998151E+00    0.635416722145927260E+00    0.587554304101794910E+10    0.856083175759377540E+06   -0.163440168771229906E+03
    0.369042681932645056E+00    0.662978292743941822E+00    0.597482049198340034E+10    0.759068356317315716E+06   -0.163370814370666210E+03
    0.341312325044047071E+00    0.669412684892596754E+00    0.597331992888370800E+10    0.761071309415256488E+06   -0.163350283789443438E+03
    0.306103146000924198E+00    0.608889852602823023E+00    0.641943614790180779E+10    0.737420387810015702E+06   -0.163317480754244684E+03
    0.382607272648300190E+00    0.607381599228714819E+00    0.575956881702972221E+10    0.782600592045670142E+06   -0.163274248296888345E+03
    0.304808185350729399E+00    0.621564087492991302E+00    0.635083098364557362E+10    0.797456056675879983E+06   -0.163194149065966428E+03
    0.369280809802024934E+00    0.640166546016569082E+00    0.593581266829667950E+10    0.731327842242880026E+06   -0.163179780699578089E+03
    0.293601127760253322E+00    0.627247258140267938E+00    0.641679935422702789E+10    0.770230781891261460E+06   -0.163074627864039485E+03
    0.401763748719841385E+00    0.614778944318175924E+00    0.577218669676592731E+10    0.750088235509101884E+06   -0.163015434333958098E+03
    0.309518053316263586E+00    0.582894618085628924E+00    0.639459171876146698E+10    0.749653645734338555E+06   -0.163003835046691819E+03
    0.314442025870585729E+00    0.661551713424167964E+00    0.594753918534799099E+10    0.795031860535708605E+06   -0.162969352875275831E+03
    0.336525033120347650E+00    0.591146687756176625E+00    0.603454048726559734E+10    0.767937701892591780E+06   -0.162935738372973589E+03
    0.370518027128643568E+00    0.696009211262352157E+00    0.597080311358499241E+10    0.771293579961779760E+06   -0.162921843479002206E+03
    0.362874591438234473E+00    0.609954718448396438E+00    0.590526635919308949E+10    0.775840006876940839E+06   -0.162896452925283455E+03
    0.373227364370789461E+00    0.636037473385469010E+00    0.590505531782956696E+10    0.748360268263828242E+06   -0.162870777612212663E+03
    0.326140269038360131E+00    0.606593276077668442E+00    0.602558260014608574E+10    0.827044864137754426E+06   -0.162769166992338995E+03
    0.316066342045003057E+00    0.623253987832096179E+00    0.603726242024094009E+10    0.794084557531140046E+06   -0.162732041861774405E+03
    0.293339295938390143E+00    0.638416581567453623E+00    0.611116261785051250E+10    0.803835832230746048E+06   -0.162617212081338067E+03
    0.381927098317136560E+00    0.609639754577217197E+00    0.586742726890355873E+10    0.789691769112852053E+06   -0.162480219943880741E+03
    0.303149697287053266E+00    0.637635750064419859E+00    0.620532147466568565E+10    0.825901503086555866E+06   -0.162448182521465242E+03
    0.389042783389412172E+00    0.618156698187200426E+00    0.579648911421619606E+10    0.773613695648075547E+06   -0.162436291320517284E+03
    0.341112808074488294E+00    0.610842823954918845E+00    0.613000662299073505E+10    0.729864601016923087E+06   -0.162435108767247669E+03
    0.340147134587658773E+00    0.677921758101358130E+00    0.598162034055134487E+10    0.826639219884594670E+06   -0.162425510411624941E+03
    0.335041304968067111E+00    0.678201066521878282E+00    0.596363727417049599E+10    0.821724814128589700E+06   -0.162404961001835119E+03
    0.340745481627448721E+00    0.640101645428327259E+00    0.615412823366626835E+10    0.779068640878533246E+06   -0.162390982124729589E+03
    0.327535372152009396E+00    0.630248786220610757E+00    0.606642461437506104E+10    0.801191103655315004E+06   -0.162387640729103197E+03
    0.343954005425020026E+00    0.669416788416725250E+00    0.629610048151524067E+10    0.819749901895626099E+06   -0.162285931151108855E+03
    0.301871488495032814E+00    0.588783493672015101E+00    0.604594966702510929E+10    0.790917303046203684E+06   -0.162219590367228619E+03
    0.322070345306160410E+00    0.679698760068688124E+00    0.610040913762915421E+10    0.843843231028604903E+06   -0.162208621850253678E+03
    0.313428351188557830E+00    0.627703736403780965E+00    0.597707238998194885E+10    0.768637464380918304E+06   -0.162191974283384297E+03
    0.394286705749046951E+00    0.599650511808988540E+00    0.587745824796817970E+10    0.756348673517688527E+06   -0.162186041751042751E+03
    0.282620137099648505E+00    0.597306508832565086E+00    0.607451120928039265E+10    0.837117717253924697E+06   -0.162176678818285581E+03
    0.312939247831267586E+00    0.584053592708382752E+00    0.614603200939284897E+10    0.806361879707986838E+06   -0.162129993062421136E+03
    0.333734792043269779E+00    0.602913510127565555E+00    0.591592864074830818E+10    0.765328690300666145E+06   -0.162092807027768515E+03
    0.316192908156126773E+00    0.600441205923309518E+00    0.584302426080641365E+10    0.793130474993660464E+06   -0.162080731585914322E+03
    0.326209871672675900E+00    0.611339248062145124E+00    0.597574393456407928E+10    0.791377621913039940E+06   -0.162037790103388971E+03
    0.359968441829266739E+00    0.680033182165355576E+00    0.605301698348204041E+10    0.760909935437046690E+06   -0.161987693297422879E+03
    0.335187530022237834E+00    0.655203440915624657E+00    0.588257711719638920E+10    0.769126166838497971E+06   -0.161976311711831357E+03
    0.359950847188296064E+00    0.617092586724892200E+00    0.580030275740068913E+10    0.788389116537052556E+06   -0.161961620418926429E+03
    0.387046116223323688E+00    0.617952735714443424E+00    0.593189014824716187E+10    0.762951406537026633E+06   -0.161884408329090348E+03
    0.315841695780588572E+00    0.681869540591018897E+00    0.602399632791612911E+10    0.815202034181886935E+06   -0.161880092287094328E+03
    0.363806496911207478E+00    0.658646416691051506E+00    0.606223555505301571E+10    0.754029057386934524E+06   -0.161871917648956071E+03
    0.306026694899690754E+00    0.607668967845370833E+00    0.598466869611817646E+10    0.778605524251410621E+06   -0.161856697032155580E+03
    0.362678593638514457E+00    0.594283587708272609E+00    0.602803274725626659E+10    0.784942928924885928E+06   -0.161821719102847936E+03
    0.346128936234410267E+00    0.648252746353108478E+00    0.596679145451235199E+10    0.759701654833351378E+06   -0.161794906530226598E+03
    0.378050035795857220E+00    0.626404882333672752E+00    0.578409107995365047E+10    0.762823491538009257E+06   -0.161708543032163249E+03
    0.361323194472666087E+00    0.679379220687284846E+00    0.600681394607882595E+10    0.848430871618866338E+06   -0.161690565179531461E+03
    0.348466390291381267E+00    0.648295286115264879E+00    0.589699853725443077E+10    0.846944383810771396E+06   -0.161674688062040559E+03
    0.309768483661600202E+00    0.622316914888028982E+00    0.589755403878543758E+10    0.800924127750139567E+06   -0.161652596667139562E+03
    0.304727100560410080E+00    0.585424326169295295E+00    0.600330368123041153E+10    0.832040352455243119E+06   -0.161645755908553951E+03
    0.356893534819648917E+00    0.620474701866546408E+00    0.592320635691628361E+10    0.756990843345662695E+06   -0.161627052566764689E+03
    0.359310076787151655E+00    0.629180633447323778E+00    0.575158408385783100E+10    0.793519566904647974E+06   -0.161612785018677698E+03
    0.313846095435446781E+00    0.585175317208598056E+00    0.597481200205128479E+10    0.773415071569143096E+06   -0.161609226503449349E+03
    0.326332073055865979E+00    0.607983599424498422E+00    0.589873295224941444E+10    0.786765694353881991E+06   -0.161514551983245440E+03
    0.291441507690570201E+00    0.650094829308756506E+00    0.598629319452532959E+10    0.803916000601303880E+06   -0.161481977634848874E+03
    0.321188454989809247E+00    0.590241855594854314E+00    0.621221873879441833E+10    0.787083807147772633E+06   -0.161463071587150580E+03
    0.360946771393137023E+00    0.659190179253867470E+00    0.600455008699099731E+10    0.773364833858795813E+06   -0.161448586045616537E+03
    0.312034140732972642E+00    0.617194739031853068E+00    0.597172501871980667E+10    0.813825015887448331E+06   -0.161441230800501614E+03
    0.347478873373448238E+00    0.632506927641353300E+00    0.589512233843371487E+10    0.813045416006353917E+06   -0.161437646945386405E+03
    0.313746329412586455E+00    0.609521342516701203E+00    0.606563422616860771E+10    0.846562718333702767E+06   -0.161430373568891014E+03
    0.341896020954280178E+00    0.602791691077510183E+00    0.603899857513709354E+10    0.768528265966632403E+06   -0.161335096971772828E+03
    0.326160690859993385E+00    0.645307284970130457E+00    0.608066226497608376E+10    0.770337473517760285E+06   -0.161326572591726404E+03
    0.285721814178891642E+00    0.647502787410481506E+00    0.607914253685501957E+10    0.795056445424869191E+06   -0.161326025429596598E+03
    0.349791937085731419E+00    0.622284395715699379E+00    0.592374601145926285E+10    0.801503231273220154E+06   -0.161323977430122028E+03
    0.363196310441452175E+00    0.624960181492629996E+00    0.585608675455166245E+10    0.788575739932028227E+06   -0.161323418517552454E+03
    0.356611589591940226E+00    0.651237935127050527E+00    0.608138786116220093E+10    0.777634642770160921E+06   -0.161291060899909553E+03
    0.349542202023292226E+00    0.641800442774340674E+00    0.608701052458142281E+10    0.778291129273565952E+06   -0.161289600829127153E+03
    0.337314020595491204E+00    0.601251007908552459E+00    0.585475929614467621E+10    0.810293621383776423E+06   -0.161264781639832790E+03
    0.335617877662588493E+00    0.614870370466203298E+00    0.596345541298540688E+10    0.805528077610404696E+06   -0.161259350627937579E+03
    0.321861887759421650E+00    0.666098504196161567E+00    0.591978040622952938E+10    0.784334889527595020E+06   -0.161255071281231039E+03
    0.313227696291446700E+00    0.665020226284364746E+00    0.607054965001526356E+10    0.781501834892657585E+06   -0.161226911413742073E+03
    0.304355537576815049E+00    0.581879910361728925E+00    0.601506073485606670E+10    0.803385831437407527E+06   -0.161226456371543122E+03
    0.359225521885977284E+00    0.595211089665042881E+00    0.583054204829416943E+10    0.784332296272688662E+06   -0.161206389002284766E+03
    0.348026578029852374E+00    0.621285420520715004E+00    0.595133652460140705E+10    0.816175223189014941E+06   -0.161172597477735053E+03
    0.363519655067487901E+00    0.631768486504248994E+00    0.591166282094199467E+10    0.787219902619951870E+06   -0.161166240507773523E+03
    0.315791575104437727E+00    0.636627114079549639E+00    0.602624928912436295E+10    0.767919996524313465E+06   -0.161140906986961426E+03
    0.359233092197575932E+00    0.618060504395899102E+00    0.591041550908307648E+10    0.803976574994183262E+06   -0.161133302460843936E+03
    0.315930574056687508E+00    0.655058924795646647E+00    0.609690449441814899E+10    0.790355180681897211E+06   -0.161131900502094709E+03
    0.337182337485972095E+00    0.607182477839555812E+00    0.611354723010424805E+10    0.762151200237490237E+06   -0.161114149567171296E+03
    0.321587172166254986E+00    0.574499847577810030E+00    0.607338398759669781E+10    0.789429500725496793E+06   -0.161073675822893733E+03
    0.342635164213243748E+00    0.633267291936622900E+00    0.614219773813220787E+10    0.756038801588246832E+06   -0.161054422939784502E+03
    0.324037534739841537E+00    0.663766253731958855E+00    0.618958485503586674E+10    0.802182618357817759E+06   -0.161047463380521833E+03
    0.357209613389304237E+00    0.619762851067852338E+00    0.593646373239836121E+10    0.751742543224584195E+06   -0.161042086914687843E+03
    0.333470950845257297E+00    0.672854731437033671E+00    0.597161796077812672E+10    0.829013441702945274E+06   -0.161039097958101877E+03
    0.365217480977863940E+00    0.618666060707989462E+00    0.585413052840755844E+10    0.769491704306253698E+06   -0.161036785834615785E+03
    0.334823186091290026E+00    0.621466329271913587E+00    0.605148145648289394E+10    0.802137666052151122E+06   -0.161030579325926851E+03
    0.324420248366437736E+00    0.624001454225020069E+00    0.599402614372640991E+10    0.821414341687596985E+06   -0.161027332926700922E+03
    0.340080723374841520E+00    0.590420766462012470E+00    0.599547394281944561E+10    0.766788297499841428E+06   -0.161015170173730326E+03
    0.343714490689289554E+00    0.665925121517078722E+00    0.603372886886185074E+10    0.759697689964556950E+06   -0.160985627012907059E+03
    0.360716832455748759E+00    0.668635705669391900E+00    0.608242714270261478E+10    0.800091859768921393E+06   -0.160954798202201800E+03
    0.316499091382054842E+00    0.622936755831683620E+00    0.608122968986816597E+10    0.814461250028628740E+06   -0.160933539573327778E+03
    0.300049406177058720E+00    0.604865618048368692E+00    0.611106634155516624E+10    0.835612091716168099E+06   -0.160926137494978093E+03
    0.327891115098519925E+00    0.646381101049757323E+00    0.592508918058910370E+10    0.821602460392622743E+06   -0.160909517837061173E+03
    0.363696733997292354E+00    0.615104896984260296E+00    0.587927613321287537E+10    0.776166998791063670E+06   -0.160908478076019151E+03
    0.348629920947199690E+00    0.670341478864995288E+00    0.604737516614500141E+10    0.770373872750167036E+06   -0.160903527948174144E+03
    0.339090941392558520E+00    0.618744645840032970E+00    0.611939422449249554E+10    0.807782331168441568E+06   -0.160900826193984528E+03
    0.333987372201219046E+00    0.672749734713461223E+00    0.609944125990551567E+10    0.831952160169031820E+06   -0.160869741009072328E+03
    0.318739951000158783E+00    0.638331082750787093E+00    0.592980870367199421E+10    0.774775601895214524E+06   -0.160834736892244507E+03
    0.338887431477671086E+00    0.620129725798825859E+00    0.587670141120445633E+10    0.769442056266278145E+06   -0.160822719237977253E+03
    0.372488617225963603E+00    0.621816183852662352E+00    0.596517006858777905E+10    0.766215298109203693E+06   -0.160814992805747011E+03
    0.304267575322949124E+00    0.586387683377358915E+00    0.623151434168892288E+10    0.779670656482100603E+06   -0.160793472582437573E+03
    0.304267575322949124E+00    0.586387683377358915E+00    0.623151434168892288E+10    0.779670656482100603E+06   -0.160793472582437573E+03
    0.360565753413391032E+00    0.588177225609700205E+00    0.608378529956460190E+10    0.732341585385432001E+06   -0.160786785245146945E+03
    0.351106766420370975E+00    0.650925154694821373E+00    0.618016972235648251E+10    0.790574262549750740E+06   -0.160786191462338763E+03
    0.378582726502249056E+00    0.627568996224174835E+00    0.577884679770497131E+10    0.783918146055628662E+06   -0.160785421333104438E+03
    0.341636384351885869E+00    0.635545903693257141E+00    0.598445861023226738E+10    0.768702780627943925E+06   -0.160785410680613552E+03
    0.352494032385359424E+00    0.638090432060130830E+00    0.594176098200296593E+10    0.766105916951847030E+06   -0.160758493540826294E+03
    0.328513678474611104E+00    0.656623908798704026E+00    0.601270472752506256E+10    0.771583035568967112E+06   -0.160706746105801926E+03
    0.303365829663783892E+00    0.655539779532245070E+00    0.615642245306149864E+10    0.804946618766718544E+06   -0.160704969127883317E+03
    0.346956115548593569E+00    0.605994189206186196E+00    0.599666229861736870E+10    0.765309352730844053E+06   -0.160692535300582506E+03
    0.341192223322574428E+00    0.624563119810375600E+00    0.592980316550646305E+10    0.804148826179975295E+06   -0.160682168830738135E+03
    0.341192223322574428E+00    0.624563119810375600E+00    0.592980316550646305E+10    0.804148826179975295E+06   -0.160682168830738135E+03
    0.325451095543449975E+00    0.615654927295568921E+00    0.599212133647396946E+10    0.800355524600941804E+06   -0.160679619039456071E+03
    0.349088022544359444E+00    0.613076261492734087E+00    0.592935305156531143E+10    0.759520764970254619E+06   -0.160678877802227362E+03
    0.313248244691812672E+00    0.683458344259128658E+00    0.602160464074732780E+10    0.805292355483075371E+06   -0.160674194162363960E+03
    0.330922435348152688E+00    0.664765313791849888E+00    0.590100479723056698E+10    0.767992759091092739E+06   -0.160668804595190920E+03
    0.330922435348152688E+00    0.664765313791849888E+00    0.590100479723056698E+10    0.767992759091092739E+06   -0.160668804595190920E+03
    0.326901286453412709E+00    0.577992216275238224E+00    0.613237761365922642E+10    0.787154202314170077E+06   -0.160642334305900334E+03
    0.346693397747404985E+00    0.632266358925738903E+00    0.612777784287187290E+10    0.765279275788165512E+06   -0.160633701449512472E+03
    0.314158027351550517E+00    0.622680247516975705E+00    0.605267912820869064E+10    0.830677796304981108E+06   -0.160622310870853056E+03
    0.325860692906418448E+00    0.661497838288357176E+00    0.618399631699979305E+10    0.812809784394292627E+06   -0.160584634025280309E+03
    0.342526142102395958E+00    0.634094810542282339E+00    0.596564175878175068E+10    0.801798750366735738E+06   -0.160527840127977157E+03
    0.333840955486816471E+00    0.638341610870493792E+00    0.601667358891700649E+10    0.776193481837480445E+06   -0.160521851365756902E+03
    0.329518250239806076E+00    0.621593456657644428E+00    0.600433470453564453E+10    0.793009514257670729E+06   -0.160514441063971191E+03
    0.361946992996240335E+00    0.601611738053459355E+00    0.598293339237613678E+10    0.760363766247704509E+06   -0.160511806839923452E+03
    0.352265719334412697E+00    0.641046506930342819E+00    0.601930867782059956E+10    0.761345618487445288E+06   -0.160480773940847087E+03
    0.352265719334412697E+00    0.641046506930342819E+00    0.601930867782059956E+10    0.761345618487445288E+06   -0.160480773940847087E+03
    0.340758587487424602E+00    0.612031580145930842E+00    0.606727030214313889E+10    0.749863413311305223E+06   -0.160473457008743225E+03
    0.357366791259774164E+00    0.599410098234868016E+00    0.603807946377348900E+10    0.794318337868909934E+06   -0.160473146308111325E+03
    0.346971843965516724E+00    0.629168510132763537E+00    0.601492439587841034E+10    0.795530285778110963E+06   -0.160451235270238527E+03
    0.328785630833815679E+00    0.652547459541514829E+00    0.600074635675019932E+10    0.808713187338673160E+06   -0.160438043555142031E+03
    0.345078342875743072E+00    0.650200238878547943E+00    0.591625607780090427E+10    0.802763229789864854E+06   -0.160437825024466690E+03
    0.324020197841783042E+00    0.627028515604397541E+00    0.594500560538754845E+10    0.812821479970838991E+06   -0.160422637637341779E+03
    0.324020197841783042E+00    0.627028515604397541E+00    0.594500560538754845E+10    0.812821479970838991E+06   -0.160422637637341779E+03
    0.296858798425260417E+00    0.604779391352342266E+00    0.622733063415469456E+10    0.782885026491880068E+06   -0.160418281519417633E+03
    0.306970893171518378E+00    0.665113751080689486E+00    0.604335081623829174E+10    0.782310577372190193E+06   -0.160383840273349307E+03
    0.313569331270288076E+00    0.645025446644714506E+00    0.627081693437028980E+10    0.784075806055920199E+06   -0.160377349081150214E+03
    0.337764394048506278E+00    0.633044266323975258E+00    0.591537406278016853E+10    0.796965442232354195E+06   -0.160365318802695811E+03
    0.371366679378629716E+00    0.600643265847456309E+00    0.597911302381846619E+10    0.775748458071276196E+06   -0.160362193267480450E+03
    0.356625257533695506E+00    0.627984680957532682E+00    0.589144324706321239E+10    0.811011772674433654E+06   -0.160356393604260631E+03
    0.330556538902420816E+00    0.609451700333721647E+00    0.600583746670560646E+10    0.817041614976564655E+06   -0.160352189094175628E+03
    0.357064697063783576E+00    0.636136567818286647E+00    0.605816451474389172E+10    0.766715532031136565E+06   -0.160346736717861262E+03
    0.353475462953912800E+00    0.632114108820768017E+00    0.588490520843702412E+10    0.784065470449122833E+06   -0.160343114000568789E+03
    0.353762073133620181E+00    0.602748115633436221E+00    0.599970640024373436E+10    0.813944058660779614E+06   -0.160340688415863269E+03
    0.337114757833265777E+00    0.615952234081238004E+00    0.603745989498165131E+10    0.752328031565217301E+06   -0.160327498768661542E+03
    0.338912691300557400E+00    0.644896793235631982E+00    0.593282978428169727E+10    0.763437967019787524E+06   -0.160312636602373914E+03
    0.362098448836567832E+00    0.666181776703429485E+00    0.604984688382902718E+10    0.761363264952314203E+06   -0.160292786387646686E+03
    0.355450450360572767E+00    0.665824799278425861E+00    0.602583027876344967E+10    0.772221840981409652E+06   -0.160290346265626169E+03
    0.355450450360572767E+00    0.665824799278425861E+00    0.602583027876344967E+10    0.772221840981409652E+06   -0.160290346265626169E+03
    0.347362770328192294E+00    0.638161190611389983E+00    0.596739568093965244E+10    0.803280655467070290E+06   -0.160282602419777760E+03
    0.350557843746421238E+00    0.614077996449975849E+00    0.590474442396841717E+10    0.815273589441987337E+06   -0.160281891779516400E+03
    0.327116612240286320E+00    0.655574849584741326E+00    0.614355153345598888E+10    0.775120238105502911E+06   -0.160275160708754925E+03
    0.318497694576044266E+00    0.645335340727545503E+00    0.603500801566319466E+10    0.805679852657643380E+06   -0.160257033917061165E+03
    0.356672201147617829E+00    0.639626884809762153E+00    0.589944804272668266E+10    0.796557287985706120E+06   -0.160236567826459066E+03
    0.356672201147617829E+00    0.639626884809762153E+00    0.589944804272668266E+10    0.796557287985706120E+06   -0.160236567826459066E+03
    0.305245457088091698E+00    0.672195172402388685E+00    0.607571964015414143E+10    0.821289963942248607E+06   -0.160223000193790710E+03
    0.305245457088091698E+00    0.672195172402388685E+00    0.607571964015414143E+10    0.821289963942248607E+06   -0.160223000193790710E+03
    0.351985616569747417E+00    0.617489870508566518E+00    0.588199963922545528E+10    0.764808993518514908E+06   -0.160197927814492857E+03
    0.334876457567204078E+00    0.649198885483384114E+00    0.590026007564740658E+10    0.803598771198464674E+06   -0.160169914447316074E+03
    0.341238464475852266E+00    0.652586874952644003E+00    0.589163784053748798E+10    0.789496566471444326E+06   -0.160167448349634640E+03
    0.335707769884270979E+00    0.665757473997218518E+00    0.599851996012325573E+10    0.803861248130856897E+06   -0.160166261460571548E+03
    0.335707769884270979E+00    0.665757473997218518E+00    0.599851996012325573E+10    0.803861248130856897E+06   -0.160166261460571548E+03
    0.328691716322724148E+00    0.656391701425851348E+00    0.602693269303908157E+10    0.787545281974486425E+06   -0.160147558009732677E+03
    0.322219390733289091E+00    0.587538601718597508E+00    0.607248719728943062E+10    0.788338873705050326E+06   -0.160133972566969533E+03
    0.328826274669611840E+00    0.572965515474387121E+00    0.602058865267557907E+10    0.786153700432613492E+06   -0.160129050581711738E+03
    0.328826274669611840E+00    0.572965515474387121E+00    0.602058865267557907E+10    0.786153700432613492E+06   -0.160129050581711738E+03
    0.320352200764246475E+00    0.645647470162122428E+00    0.597164778909812546E+10    0.778401756113112904E+06   -0.160094753815704081E+03
    0.365269212284108025E+00    0.636466955875520046E+00    0.589081109925839329E+10    0.791957944642757997E+06   -0.160090415321120588E+03
    0.353889370616686183E+00    0.645788842617980308E+00    0.584725459878807354E+10    0.796299245196042233E+06   -0.160082135475151688E+03
    0.375507022129448587E+00    0.614985141087330600E+00    0.592367045435035610E+10    0.788098418153585866E+06   -0.160076348877908828E+03
    0.375507022129448587E+00    0.614985141087330600E+00    0.592367045435035610E+10    0.788098418153585866E+06   -0.160076348877908828E+03
    0.350072652284554420E+00    0.576581685019404766E+00    0.606754689835031223E+10    0.800317255873502232E+06   -0.160021306775635310E+03
    0.350072652284554420E+00    0.576581685019404766E+00    0.606754689835031223E+10    0.800317255873502232E+06   -0.160021306775635310E+03
    0.313305626591883490E+00    0.624710409350595963E+00    0.617543016320234299E+10    0.791839344706886914E+06   -0.159989893043700533E+03
    0.313305626591883490E+00    0.624710409350595963E+00    0.617543016320234299E+10    0.791839344706886914E+06   -0.159989893043700533E+03
    0.349511979867825673E+00    0.583633152067418060E+00    0.602514697445288086E+10    0.804830502514762455E+06   -0.159987263125124201E+03
    0.349511979867825673E+00    0.583633152067418060E+00    0.602514697445288086E+10    0.804830502514762455E+06   -0.159987263125124201E+03
    0.339190430031185597E+00    0.622571586405214816E+00    0.605922310707389545E+10    0.792558843882000889E+06   -0.159979395111822612E+03
    0.350994960915910814E+00    0.639597511105426175E+00    0.588758524622546482E+10    0.797885917550747516E+06   -0.159968324853106765E+03
    0.344218908856964656E+00    0.596716672366811807E+00    0.603073057568774319E+10    0.738192782037294237E+06   -0.159962173581837760E+03
    0.345968784806690410E+00    0.670149948532996920E+00    0.590115020907507420E+10    0.816286057605112554E+06   -0.159953348161100905E+03
    0.367590106468858757E+00    0.618899274177200809E+00    0.595398142845779800E+10    0.789204335797349457E+06   -0.159952922673335422E+03
    0.328394769217853488E+00    0.619927335674455460E+00    0.593953167077962399E+10    0.797153238798113307E+06   -0.159939558042914712E+03
    0.353633406265454142E+00    0.638659193491718735E+00    0.590038256240900993E+10    0.808460233594191610E+06   -0.159938339875862312E+03
    0.347110692444460189E+00    0.585102845300347951E+00    0.604008199963076591E+10    0.792352940535055939E+06   -0.159932822680745346E+03
    0.347110692444460189E+00    0.585102845300347951E+00    0.604008199963076591E+10    0.792352940535055939E+06   -0.159932822680745346E+03
    0.342407169334074890E+00    0.656951806376464997E+00    0.585194256812701130E+10    0.813015981552231824E+06   -0.159923785505476246E+03
    0.319328926335600671E+00    0.628446162939423569E+00    0.594458168180540276E+10    0.788189193829764612E+06   -0.159923708135520428E+03
    0.330237477874994967E+00    0.596601446740950614E+00    0.598986952465766525E+10    0.806687833900037105E+06   -0.159914471246723366E+03
    0.313170958766572138E+00    0.636294083051813786E+00    0.625067710376632595E+10    0.763156648990402347E+06   -0.159910853104914281E+03
    0.313170958766572138E+00    0.636294083051813786E+00    0.625067710376632595E+10    0.763156648990402347E+06   -0.159910853104914281E+03
    0.342876749980250861E+00    0.597944469775818277E+00    0.604765239785721874E+10    0.808199812740960973E+06   -0.159909171102746399E+03
    0.317402722597868947E+00    0.648568791490895524E+00    0.608181343563239288E+10    0.778704372460492537E+06   -0.159895471205943267E+03
    0.317402722597868947E+00    0.648568791490895524E+00    0.608181343563239288E+10    0.778704372460492537E+06   -0.159895471205943267E+03
    0.330546577573646805E+00    0.586866766805490769E+00    0.590572170396740723E+10    0.779382127374922973E+06   -0.159876259977117030E+03
    0.338162470489293432E+00    0.622298476626228059E+00    0.590754491728762150E+10    0.766047079495802172E+06   -0.159841229651583404E+03
    0.335765090817399081E+00    0.607684440367984191E+00    0.604275808184877872E+10    0.787509062409119797E+06   -0.159839371023508733E+03
    0.348595842565086134E+00    0.641520037491493333E+00    0.604706790852130508E+10    0.772226999592284439E+06   -0.159835910694826055E+03
    0.348595842565086134E+00    0.641520037491493333E+00    0.604706790852130508E+10    0.772226999592284439E+06   -0.159835910694826055E+03
    0.327287780340308032E+00    0.627092921888627863E+00    0.603286934079186630E+10    0.826421262454391690E+06   -0.159831449481496577E+03
    0.337548259797353423E+00    0.655815960091986394E+00    0.587666984467938995E+10    0.796794625179046416E+06   -0.159829851942571622E+03
    0.337548259797353423E+00    0.655815960091986394E+00    0.587666984467938995E+10    0.796794625179046416E+06   -0.159829851942571622E+03
    0.335153887009742635E+00    0.649537756043151226E+00    0.611086223115548992E+10    0.791076385015720734E+06   -0.159810620324816284E+03
    0.335153887009742635E+00    0.649537756043151226E+00    0.611086223115548992E+10    0.791076385015720734E+06   -0.159810620324816284E+03
    0.324617405053557073E+00    0.606839020132073692E+00    0.597635068828803635E+10    0.800133632704063784E+06   -0.159801039941045047E+03
    0.324617405053557073E+00    0.606839020132073692E+00    0.597635068828803635E+10    0.800133632704063784E+06   -0.159801039941045047E+03
    0.317998165670837829E+00    0.609811573579707833E+00    0.592858534111558723E+10    0.816541799728877842E+06   -0.159794083611864494E+03
    0.331009172305588073E+00    0.633663123725153987E+00    0.600211566806009102E+10    0.801890716614672681E+06   -0.159791613068868514E+03
    0.331009172305588073E+00    0.633663123725153987E+00    0.600211566806009102E+10    0.801890716614672681E+06   -0.159791613068868514E+03
    0.352124172056041407E+00    0.618846791009400654E+00    0.600035322017638302E+10    0.799502672167353448E+06   -0.159791325159111267E+03
    0.352543861983521778E+00    0.700917858263563343E+00    0.608858728762193203E+10    0.792784513005624409E+06   -0.159784448656485040E+03
    0.352543861983521778E+00    0.700917858263563343E+00    0.608858728762193203E+10    0.792784513005624409E+06   -0.159784448656485040E+03
    0.335263485249072901E+00    0.680323817467232139E+00    0.591183057501653862E+10    0.812176462834482198E+06   -0.159761919717501200E+03
    0.311851481597178903E+00    0.623142463304171113E+00    0.620380145253183365E+10    0.791697695600989973E+06   -0.159755687053426215E+03
    0.311851481597178903E+00    0.623142463304171113E+00    0.620380145253183365E+10    0.791697695600989973E+06   -0.159755687053426215E+03
    0.349168451758355203E+00    0.654169128734134020E+00    0.605165281356797981E+10    0.768522773782140808E+06   -0.159748751393807765E+03
    0.349168451758355203E+00    0.654169128734134020E+00    0.605165281356797981E+10    0.768522773782140808E+06   -0.159748751393807765E+03
    0.345468854679831905E+00    0.623139302880075352E+00    0.587016800046704865E+10    0.771954821828698972E+06   -0.159748308595936123E+03
    0.349205909181985852E+00    0.611663748884501146E+00    0.586614786799840927E+10    0.770869037620852352E+06   -0.159740648095660674E+03
    0.356728865487228486E+00    0.637884734790755026E+00    0.590691970038267517E+10    0.807724454999394249E+06   -0.159739099177606136E+03
    0.342577864775905683E+00    0.654207540948247068E+00    0.615396464855596638E+10    0.782337072815260035E+06   -0.159728912514488400E+03
    0.318495253998609062E+00    0.653672819740964695E+00    0.616823079395226288E+10    0.769812866262247437E+06   -0.159723621999423614E+03
    0.365625399270347484E+00    0.685045876640650864E+00    0.612239958660995960E+10    0.807294827618201263E+06   -0.159694424257242730E+03
    0.365625399270347484E+00    0.685045876640650864E+00    0.612239958660995960E+10    0.807294827618201263E+06   -0.159694424257242730E+03
    0.369009081429838515E+00    0.622051960719550934E+00    0.582816689108997250E+10    0.780337625697699259E+06   -0.159694195034872877E+03
    0.369009081429838515E+00    0.622051960719550934E+00    0.582816689108997250E+10    0.780337625697699259E+06   -0.159694195034872877E+03
    0.337008050590545394E+00    0.558376380014456775E+00    0.599288757082267857E+10    0.786849307556983200E+06   -0.159672131156118354E+03
    0.351220948657000320E+00    0.643934149875390105E+00    0.601687535581423759E+10    0.767775799227189855E+06   -0.159666196632137087E+03
    0.357729376262487853E+00    0.625367464904925008E+00    0.596125787465747356E+10    0.799289656309353304E+06   -0.159656383187903032E+03
    0.352051038254081183E+00    0.644226081257925021E+00    0.604396637767824554E+10    0.776570928384419763E+06   -0.159638338872663837E+03
    0.343363568829096688E+00    0.627363868379833267E+00    0.593012717983071232E+10    0.816144211467648856E+06   -0.159636975676323402E+03
    0.308914113020127890E+00    0.626062169500159804E+00    0.593812883214876652E+10    0.809317432773334091E+06   -0.159636802188025626E+03
    0.308914113020127890E+00    0.626062169500159804E+00    0.593812883214876652E+10    0.809317432773334091E+06   -0.159636802188025626E+03
    0.328710117371918409E+00    0.611939175027245152E+00    0.601239231232515621E+10    0.813060986009874730E+06   -0.159630059598615958E+03
    0.335982078801714767E+00    0.579543464391471641E+00    0.596810047776977444E+10    0.756205044756522635E+06   -0.159625425933073075E+03
    0.366467380574718449E+00    0.619742315538895028E+00    0.590463285863143158E+10    0.800518256343541201E+06   -0.159618893042701416E+03
    0.334368564186937556E+00    0.592252891391628733E+00    0.596924406608165550E+10    0.780743190959981293E+06   -0.159607969487876403E+03
    0.362830589139806314E+00    0.634031891180440343E+00    0.587344742830153370E+10    0.810089004248621175E+06   -0.159594544326837507E+03
    0.320054413722664188E+00    0.625052153907658337E+00    0.604320367758762264E+10    0.770388927703075111E+06   -0.159586269431935960E+03
    0.320054413722664188E+00    0.625052153907658337E+00    0.604320367758762264E+10    0.770388927703075111E+06   -0.159586269431935960E+03
    0.344879986194714550E+00    0.629891445044274967E+00    0.588077998079916763E+10    0.806018978958421736E+06   -0.159586045558825418E+03
    0.337923975950105371E+00    0.597079258694049209E+00    0.601577354193507099E+10    0.774843911766795325E+06   -0.159543399923126145E+03
    0.327249828761669859E+00    0.623755019243268372E+00    0.604869671695711040E+10    0.810424359541465295E+06   -0.159541842082714169E+03
    0.330521125770681046E+00    0.625853550320687901E+00    0.587954529866158676E+10    0.776989870203327504E+06   -0.159538536391768673E+03
    0.333410755391940372E+00    0.603212905078566397E+00    0.597732567557477570E+10    0.807217380406902055E+06   -0.159538017939889897E+03
    0.335391202359331675E+00    0.628974417006089581E+00    0.586449572397721291E+10    0.787168432662883424E+06   -0.159524076598353787E+03
    0.379173590155607254E+00    0.616941375211952803E+00    0.591149690772858047E+10    0.786157300089910277E+06   -0.159518654087959305E+03
    0.340293977642097067E+00    0.608840686436467493E+00    0.592194191459391308E+10    0.798232570472488180E+06   -0.159512480289042969E+03
    0.326238921424076622E+00    0.570121855895199925E+00    0.604885234282479858E+10    0.780479503246338922E+06   -0.159510246701095554E+03
    0.326238921424076622E+00    0.570121855895199925E+00    0.604885234282479858E+10    0.780479503246338922E+06   -0.159510246701095554E+03
    0.335071737247710444E+00    0.575072307490807511E+00    0.596343710901694393E+10    0.792979800824016216E+06   -0.159473219312176809E+03
    0.335071737247710444E+00    0.575072307490807511E+00    0.596343710901694393E+10    0.792979800824016216E+06   -0.159473219312176809E+03
    0.321981196169715267E+00    0.621282789448179606E+00    0.600315334248611164E+10    0.794859118737232173E+06   -0.159462582955371943E+03
    0.321981196169715267E+00    0.621282789448179606E+00    0.600315334248611164E+10    0.794859118737232173E+06   -0.159462582955371943E+03
    0.324618324074689490E+00    0.601887089343783543E+00    0.596390828130612850E+10    0.808938429758699378E+06   -0.159458075201324107E+03
    0.325657072031087569E+00    0.623624364116561747E+00    0.595988578192681122E+10    0.777631117643259582E+06   -0.159427119590914941E+03
    0.358076609056926509E+00    0.634234709813180864E+00    0.609190801242516994E+10    0.771094536387467291E+06   -0.159400902836142450E+03
    0.346233517291637816E+00    0.632091960686840704E+00    0.595178894691155434E+10    0.807791908068279852E+06   -0.159399829561095885E+03
    0.346233517291637816E+00    0.632091960686840704E+00    0.595178894691155434E+10    0.807791908068279852E+06   -0.159399829561095885E+03
    0.342934501564898853E+00    0.587931226805255225E+00    0.594348914612361908E+10    0.800816511325616739E+06   -0.159375477608998210E+03
    0.363012533243151636E+00    0.615868012527325703E+00    0.601611656168515301E+10    0.789982241708955029E+06   -0.159367483272078459E+03
    0.316389882734892658E+00    0.623630766682385929E+00    0.594668912843207645E+10    0.814580866939931293E+06   -0.159350232075018937E+03
    0.344002697743002295E+00    0.620005065690126589E+00    0.596748998958485508E+10    0.812774329813782591E+06   -0.159346877479666091E+03
    0.348374835036056152E+00    0.606966747214101154E+00    0.595591427969559765E+10    0.782521382847271394E+06   -0.159338328466011149E+03
    0.327572222876588104E+00    0.610355064227042554E+00    0.594242831498209667E+10    0.796642332195927273E+06   -0.159337178672502745E+03
    0.338313749457003876E+00    0.639742822081424301E+00    0.621096727777057743E+10    0.778164081218848587E+06   -0.159333862641887492E+03
    0.339297392442060808E+00    0.631841060173605307E+00    0.599172579452598667E+10    0.814860689059013850E+06   -0.159324061417804216E+03
    0.339297392442060808E+00    0.631841060173605307E+00    0.599172579452598667E+10    0.814860689059013850E+06   -0.159324061417804216E+03
    0.347042306621293151E+00    0.630103982321682743E+00    0.603863019916773701E+10    0.799846150460848934E+06   -0.159321692549777424E+03
    0.317348233128759427E+00    0.618272354266027779E+00    0.601662697247788239E+10    0.801105415714271250E+06   -0.159317534528777941E+03
    0.350779106766671622E+00    0.635833772911433837E+00    0.612556400313250351E+10    0.770329167996780714E+06   -0.159311010290355711E+03
    0.350779106766671622E+00    0.635833772911433837E+00    0.612556400313250351E+10    0.770329167996780714E+06   -0.159311010290355711E+03
    0.323438905379606345E+00    0.632601034683129892E+00    0.589246463003991699E+10    0.791583158138122642E+06   -0.159302318979240169E+03
    0.346470136257152561E+00    0.621674401950785604E+00    0.604893013362470436E+10    0.791745069517017924E+06   -0.159286560049220640E+03
    0.346470136257152561E+00    0.621674401950785604E+00    0.604893013362470436E+10    0.791745069517017924E+06   -0.159286560049220640E+03
    0.350729448571456270E+00    0.634291649291215620E+00    0.614632858249733353E+10    0.763153919300924055E+06   -0.159282010038104573E+03
    0.343116578165505948E+00    0.614235980794221703E+00    0.591542788763833904E+10    0.802454163753736415E+06   -0.159279203440442274E+03
    0.343116578165505948E+00    0.614235980794221703E+00    0.591542788763833904E+10    0.802454163753736415E+06   -0.159279203440442274E+03
    0.336164393350115109E+00    0.665034431989650177E+00    0.586964531896605206E+10    0.787393596274770680E+06   -0.159270423821380234E+03
    0.336164393350115109E+00    0.665034431989650177E+00    0.586964531896605206E+10    0.787393596274770680E+06   -0.159270423821380234E+03
    0.324300425738828890E+00    0.653855366210637001E+00    0.610029861751564407E+10    0.802145811205103761E+06   -0.159270078670079016E+03
    0.342770503902304013E+00    0.609675551783853908E+00    0.606390739405142212E+10    0.800941311442432110E+06   -0.159252064906836495E+03
    0.326028446422344687E+00    0.674564008534928039E+00    0.603172677027398014E+10    0.798922145651124301E+06   -0.159243329259856466E+03
    0.327212080500069780E+00    0.593334778996587264E+00    0.596559137686385727E+10    0.780004477278596256E+06   -0.159233867340257291E+03
    0.327212080500069780E+00    0.593334778996587264E+00    0.596559137686385727E+10    0.780004477278596256E+06   -0.159233867340257291E+03
    0.332400067416626366E+00    0.621988395480428391E+00    0.602715102711150932E+10    0.817784107210365473E+06   -0.159229652114311165E+03
    0.322269579883321389E+00    0.641054424058666417E+00    0.601897158679786491E+10    0.793862260570280603E+06   -0.159216753917711543E+03
    0.332657201519464540E+00    0.634153775555609034E+00    0.584659973791401005E+10    0.788251720924745081E+06   -0.159216451308551484E+03
    0.331408231586868884E+00    0.633719672901832620E+00    0.592912032660342312E+10    0.821519538405500236E+06   -0.159210037682000575E+03
    0.325456607365458117E+00    0.619378831481310677E+00    0.602445480647667789E+10    0.824957080377185484E+06   -0.159205972673650820E+03
    0.361705479119673712E+00    0.634166637606815353E+00    0.588228558620297718E+10    0.804704303836058476E+06   -0.159203865318560304E+03
    0.361705479119673712E+00    0.634166637606815353E+00    0.588228558620297718E+10    0.804704303836058476E+06   -0.159203865318560304E+03
    0.293947980513707074E+00    0.600204959085477885E+00    0.628273338939451218E+10    0.783072087470293511E+06   -0.159198099763865002E+03
    0.336339812107384728E+00    0.606417162313954705E+00    0.603479230731252193E+10    0.812210365621663048E+06   -0.159197295994848673E+03
    0.326272174850374796E+00    0.582254674949654660E+00    0.610584260140715885E+10    0.778375859464854351E+06   -0.159188408441020300E+03
    0.348324221924124600E+00    0.617902228543558696E+00    0.600074346854699993E+10    0.798809927101828158E+06   -0.159187068696551620E+03
    0.347051143897564807E+00    0.629911216155052855E+00    0.598679642138481808E+10    0.802820913738665171E+06   -0.159185518854194868E+03
    0.347051143897564807E+00    0.629911216155052855E+00    0.598679642138481808E+10    0.802820913738665171E+06   -0.159185518854194868E+03
    0.333101117129697977E+00    0.635733401052199554E+00    0.592843231623276234E+10    0.817560461879165727E+06   -0.159179327332473747E+03
    0.333101117129697977E+00    0.635733401052199554E+00    0.592843231623276234E+10    0.817560461879165727E+06   -0.159179327332473747E+03
    0.349124167423182530E+00    0.639430300538030405E+00    0.603183038664046955E+10    0.779291883602994494E+06   -0.159177467969348470E+03
    0.359273224992137208E+00    0.660556493595989558E+00    0.604690531454957962E+10    0.773628688440244063E+06   -0.159173938800819030E+03
    0.314832006240712392E+00    0.592466791226637923E+00    0.593655660006072330E+10    0.822625592321440694E+06   -0.159167311502467413E+03
    0.314832006240712392E+00    0.592466791226637923E+00    0.593655660006072330E+10    0.822625592321440694E+06   -0.159167311502467413E+03
    0.324282943777123689E+00    0.608539636713552046E+00    0.597490744461866379E+10    0.806626020075898035E+06   -0.159165602843929207E+03
    0.324282943777123689E+00    0.608539636713552046E+00    0.597490744461866379E+10    0.806626020075898035E+06   -0.159165602843929207E+03
    0.330535280017266342E+00    0.608346519660857954E+00    0.597851095239154339E+10    0.781514664842799888E+06   -0.159163098144149387E+03
    0.314119691877397300E+00    0.648984031864493272E+00    0.611251319853879738E+10    0.771995972327116877E+06   -0.159159513757832968E+03
    0.317159197123840997E+00    0.591547176129658681E+00    0.603371385914368248E+10    0.778137299010199145E+06   -0.159157703587647461E+03
    0.336318187922088341E+00    0.627373622939162878E+00    0.597074130291496658E+10    0.788903737413349561E+06   -0.159154205264998211E+03
    0.362485424404530021E+00    0.674988916942449890E+00    0.603679138714822197E+10    0.767553866827237769E+06   -0.159147982479996585E+03
    0.361754096015152848E+00    0.617537465090101989E+00    0.596090054591052723E+10    0.795062093679464539E+06   -0.159147130383910451E+03
    0.328914900544541200E+00    0.604245053995261294E+00    0.601625679822697544E+10    0.783394328627474839E+06   -0.159133538312126632E+03
    0.356266276780844715E+00    0.600938881361078980E+00    0.592513689574896240E+10    0.793880866585598444E+06   -0.159133276512561224E+03
    0.355717878946961941E+00    0.655863607460932307E+00    0.615203360978600311E+10    0.767853862240874325E+06   -0.159126306148451960E+03
    0.338186645393090235E+00    0.622902003606880417E+00    0.599907646270440674E+10    0.793280618843377568E+06   -0.159124551764319136E+03
    0.356951123910087265E+00    0.614837567659299200E+00    0.592717056209037113E+10    0.783080584037436056E+06   -0.159116604649548094E+03
    0.325444004381830299E+00    0.628072005630940122E+00    0.602320059144353485E+10    0.791472548097765888E+06   -0.159111552095387992E+03
    0.321946232269601118E+00    0.645479942118232675E+00    0.609148353001286411E+10    0.779822181105359225E+06   -0.159111495846181640E+03
    0.352632361914429926E+00    0.592626913854326531E+00    0.590312785394945526E+10    0.790259376678937930E+06   -0.159110228826372179E+03
    0.352632361914429926E+00    0.592626913854326531E+00    0.590312785394945526E+10    0.790259376678937930E+06   -0.159110228826372179E+03
    0.344156727926395289E+00    0.596197073518748066E+00    0.600608460608556938E+10    0.793977747259303113E+06   -0.159104310336314256E+03
    0.349632523984250043E+00    0.639097799426151081E+00    0.601131488503249264E+10    0.794132375784926349E+06   -0.159096511019699278E+03
    0.326475364611090946E+00    0.626698502194771745E+00    0.601254172042682171E+10    0.810331506649209303E+06   -0.159085830700363488E+03
    0.329777350126871593E+00    0.605593000932071135E+00    0.591452104663140202E+10    0.791751416967708850E+06   -0.159080938588307276E+03
    0.327567477992076028E+00    0.622744336774994967E+00    0.596059725699842262E+10    0.817486937333001522E+06   -0.159069660643224466E+03
    0.327567477992076028E+00    0.622744336774994967E+00    0.596059725699842262E+10    0.817486937333001522E+06   -0.159069660643224466E+03
    0.329111714096612384E+00    0.641473999698384922E+00    0.598330081113972855E+10    0.817382840214340482E+06   -0.159067733203609066E+03
    0.329111714096612384E+00    0.641473999698384922E+00    0.598330081113972855E+10    0.817382840214340482E+06   -0.159067733203609066E+03
    0.329864303807460846E+00    0.612944843849383414E+00    0.591812577065858269E+10    0.786249648315603612E+06   -0.159062444630359124E+03
    0.320009953950691428E+00    0.624794109659494001E+00    0.606609208807844257E+10    0.770159848576490534E+06   -0.159059669534610549E+03
    0.336794759210822026E+00    0.601917179278740555E+00    0.603507423398930740E+10    0.794759999736656900E+06   -0.159058241930111706E+03
    0.328747425066507837E+00    0.608362261137240790E+00    0.603533099718731689E+10    0.784097783145359950E+06   -0.159049326012709628E+03
    0.340538597416967348E+00    0.663853366871267614E+00    0.606888941197945023E+10    0.764031642657052143E+06   -0.159045431029353495E+03
    0.365052226656718715E+00    0.630087354710960224E+00    0.595133863363519192E+10    0.802852202842076658E+06   -0.159023642152781918E+03
    0.338634222709347732E+00    0.632897340098340866E+00    0.596864296598338223E+10    0.779804189294830896E+06   -0.159022273789418819E+03
    0.329685972184963705E+00    0.642688775214107721E+00    0.596656502775180149E+10    0.816121162710111123E+06   -0.159021869200485867E+03
    0.333304048679511966E+00    0.641672581776710604E+00    0.597323556067926025E+10    0.787172745726755587E+06   -0.159021839589876663E+03
    0.324123761816735967E+00    0.642313550298327485E+00    0.589639732091889572E+10    0.795119069707807619E+06   -0.158993794008056568E+03
    0.345471333306406558E+00    0.624059064430710908E+00    0.593063400253406239E+10    0.794194064498221502E+06   -0.158991244066425338E+03
    0.350401032832064918E+00    0.629318983122325371E+00    0.597058118202670097E+10    0.792243024396480527E+06   -0.158977099641415379E+03
    0.321576055064768940E+00    0.614076025027582517E+00    0.601888032689079571E+10    0.782129267833139049E+06   -0.158968173092509375E+03
    0.341961901873339635E+00    0.631998106212299238E+00    0.602514863547835445E+10    0.779253177458655089E+06   -0.158965818346768629E+03
    0.326112168218464782E+00    0.619625804732422125E+00    0.610397473785764980E+10    0.771101602410276537E+06   -0.158947752048855989E+03
    0.322391691222546406E+00    0.613871405676194026E+00    0.591803994559943295E+10    0.793422054802919854E+06   -0.158945208831036496E+03
    0.335243711810805589E+00    0.615386001868606147E+00    0.590775150279604530E+10    0.802567436203496996E+06   -0.158938205011500429E+03
    0.312624337510380046E+00    0.641122984040853883E+00    0.597748282265560055E+10    0.807759790191551903E+06   -0.158935293468580653E+03
    0.341981035877956807E+00    0.593542356272392713E+00    0.602827743406963158E+10    0.798775466660068370E+06   -0.158926071351462156E+03
    0.320978111987594350E+00    0.618784983762505014E+00    0.591039666931431675E+10    0.815047111285450985E+06   -0.158919637354624456E+03
    0.339127509172941877E+00    0.605462272302113469E+00    0.598318157015890694E+10    0.791511247948085773E+06   -0.158918073270043010E+03
    0.362186348348896070E+00    0.624983034223472345E+00    0.594906866314246178E+10    0.802323091106497566E+06   -0.158911655498273973E+03
    0.326184550694175068E+00    0.642616155523570765E+00    0.607002302085931587E+10    0.798945505739950459E+06   -0.158911284718677138E+03
    0.327536807596624957E+00    0.608555383920190707E+00    0.602669768955533409E+10    0.793049986357359099E+06   -0.158909345469386039E+03
    0.339692096385465048E+00    0.633629218227973467E+00    0.596514502703086853E+10    0.793733142419956625E+06   -0.158908759860558519E+03
    0.331955383142847282E+00    0.576323566690480682E+00    0.602365784010461140E+10    0.786583351991777425E+06   -0.158904836791553180E+03
    0.346191042312668007E+00    0.619786018285823026E+00    0.617786283485095024E+10    0.775805978274365421E+06   -0.158900365678558103E+03
    0.317274503446744738E+00    0.634345031935060089E+00    0.608359700405014229E+10    0.778889863357705646E+06   -0.158900030913804187E+03
    0.344683192586136833E+00    0.615628808044903053E+00    0.592884839402887058E+10    0.778373406726817600E+06   -0.158897347946690161E+03
    0.328641163099111955E+00    0.601604918767607799E+00    0.600636108313116169E+10    0.810853087530253688E+06   -0.158895015096417183E+03
    0.332887133601068752E+00    0.641880328787585164E+00    0.598576522580768108E+10    0.809830407836946892E+06   -0.158893629468095412E+03
    0.322782564500160796E+00    0.626203055135744702E+00    0.594156253664612675E+10    0.819769814489432494E+06   -0.158891020013034733E+03
    0.342635918867853440E+00    0.593108234511923182E+00    0.598632063486730003E+10    0.785784276656295406E+06   -0.158881136898504849E+03
    0.345647917546188010E+00    0.600526388634591513E+00    0.599675795472539043E+10    0.807308625900309416E+06   -0.158863724725561752E+03
    0.326623647450114796E+00    0.648718442238570780E+00    0.610771338887998676E+10    0.765710909624409745E+06   -0.158846789666161868E+03
    0.344830132685478685E+00    0.636781383582243787E+00    0.598529474271407318E+10    0.761724190734041040E+06   -0.158839582031746090E+03
    0.316655378547409216E+00    0.635194432500008510E+00    0.605204057678303719E+10    0.804332919874296524E+06   -0.158832727161235283E+03
    0.344155871182014739E+00    0.636839901072792980E+00    0.596909504347880745E+10    0.765251214807844022E+06   -0.158831571861598491E+03
    0.334561848521655603E+00    0.633270274229101204E+00    0.598519488074628067E+10    0.819480378970986581E+06   -0.158831437299093608E+03
    0.331719732938036249E+00    0.608920442230552084E+00    0.601727212861209583E+10    0.796918612888587872E+06   -0.158827277095653642E+03
    0.345528714142062710E+00    0.620944394234020258E+00    0.590365541275262928E+10    0.791412106393737718E+06   -0.158821191016516138E+03
    0.355991977265834925E+00    0.607591405087928749E+00    0.593051289249166203E+10    0.794673265297304839E+06   -0.158810845891741593E+03
    0.314075910344199183E+00    0.622664099303559482E+00    0.607401022764714527E+10    0.768480494581628009E+06   -0.158804506836947922E+03
    0.340651488577283557E+00    0.609240510834557547E+00    0.590372501458372974E+10    0.790706247643134207E+06   -0.158788887482619543E+03
    0.316962102916912514E+00    0.636900385076739184E+00    0.595228241998728180E+10    0.796598315964461886E+06   -0.158786497407559864E+03
    0.345404800707598325E+00    0.599266384259988794E+00    0.592257770583502674E+10    0.790151918094716500E+06   -0.158783636412571980E+03
    0.311622187762999214E+00    0.638744227907253936E+00    0.594249568995869064E+10    0.811712610201882431E+06   -0.158783631774641407E+03
    0.353962511245219602E+00    0.633254866078938328E+00    0.602261525742556858E+10    0.805803826001232024E+06   -0.158781506814527916E+03
    0.300670897250231217E+00    0.592880833547853037E+00    0.594518667361992645E+10    0.805736174576594844E+06   -0.158762982747413162E+03
    0.326794840130658515E+00    0.652332647114607145E+00    0.611395014818820572E+10    0.769857483399390709E+06   -0.158731178830019502E+03
    0.324616921507507428E+00    0.610494067730028345E+00    0.590600570940668297E+10    0.782567700213108095E+06   -0.158728111328070781E+03
    0.344798805174189482E+00    0.599860412856793701E+00    0.586193426849102211E+10    0.791794993032268248E+06   -0.158720872640270727E+03
    0.320671334999988344E+00    0.632869933067524926E+00    0.595011489161455631E+10    0.790115284352848423E+06   -0.158709642965852851E+03
    0.321147538800789223E+00    0.644264339480066006E+00    0.602022007783045769E+10    0.801799877993472037E+06   -0.158704319996906577E+03
    0.338042414627270138E+00    0.629521917862311930E+00    0.598266227183163357E+10    0.798870744996546302E+06   -0.158701865871103422E+03
    0.328412172497688393E+00    0.631083359684540657E+00    0.592249867406947231E+10    0.813846633383474895E+06   -0.158696649588902517E+03
    0.341023832762353540E+00    0.611406963959584271E+00    0.603382204241169548E+10    0.800491936085643247E+06   -0.158680226569705468E+03
    0.323353296286331748E+00    0.634896344931984657E+00    0.595915748390419102E+10    0.792677277641635388E+06   -0.158670100635159855E+03
    0.329284633467026855E+00    0.657142374259531259E+00    0.593689202971163273E+10    0.788746231188381324E+06   -0.158669613270950379E+03
    0.349635734614935412E+00    0.637337277320338291E+00    0.599445268529608536E+10    0.796561196070799138E+06   -0.158658469527068860E+03
    0.337764319228481658E+00    0.643518536778952654E+00    0.593278441675575829E+10    0.797109294975196943E+06   -0.158654754890916678E+03
    0.335275607646673357E+00    0.584381481585166007E+00    0.606220820731143570E+10    0.791954486488773022E+06   -0.158653737548660615E+03
    0.333271562682277422E+00    0.596540218701040015E+00    0.602746734020367336E+10    0.798729300988779520E+06   -0.158651521859433217E+03
    0.325483056092882694E+00    0.635207202099202117E+00    0.592541902327206993E+10    0.812883794532051077E+06   -0.158632169073650402E+03
    0.357637408125380751E+00    0.606825644490350147E+00    0.595095834276340866E+10    0.797582438399201608E+06   -0.158630817312671098E+03
    0.348187608474929633E+00    0.600498985037175359E+00    0.597478166877924824E+10    0.793691169870441896E+06   -0.158619354828504186E+03
    0.344685130539595097E+00    0.638489892802655667E+00    0.598004234907987976E+10    0.787184564669769257E+06   -0.158614209110561603E+03
    0.346376432447055571E+00    0.627254067435581320E+00    0.601036925975531960E+10    0.789085352616228280E+06   -0.158612752792266008E+03
    0.347469397210057374E+00    0.591222493798768234E+00    0.589148547563523197E+10    0.789507314095281647E+06   -0.158609124844183327E+03
    0.328496059558192999E+00    0.617703391083119335E+00    0.594238935328940105E+10    0.800750510566552752E+06   -0.158603467601227806E+03
    0.351745398327953263E+00    0.599238545699423142E+00    0.592591926023679447E+10    0.785287305722090998E+06   -0.158600755478291518E+03
    0.308027634618277646E+00    0.580122680698235360E+00    0.597612815240191841E+10    0.813670851775680785E+06   -0.158596364894935220E+03
    0.352064514459575817E+00    0.600482888752087440E+00    0.592667046319460773E+10    0.792361215473920922E+06   -0.158592985817994304E+03
    0.348089194006626745E+00    0.632426947373018855E+00    0.595124886656694889E+10    0.789716597111402196E+06   -0.158579463758855439E+03
    0.341344765519790649E+00    0.599339642754904922E+00    0.590787732614777660E+10    0.795818058560559060E+06   -0.158565598044041337E+03
    0.340083080175002495E+00    0.615162858440578386E+00    0.606040642235127163E+10    0.775303788436800474E+06   -0.158563518489865146E+03
    0.346665778013335979E+00    0.573338458001885432E+00    0.595680604809355545E+10    0.784872676156143309E+06   -0.158559429759161389E+03
    0.360754428182888442E+00    0.609944440797931087E+00    0.602119779052012730E+10    0.797114563517775619E+06   -0.158558756710288662E+03
    0.354686915473983677E+00    0.604928788509755844E+00    0.593301410407320023E+10    0.785217792749506072E+06   -0.158557317621435146E+03
    0.329007881101383737E+00    0.611353498543297569E+00    0.592631462500383282E+10    0.799491097538550734E+06   -0.158049028700612155E+03
    0.336436020649795997E+00    0.620140394616954804E+00    0.588520580803664494E+10    0.799703102182198782E+06   -0.158499038706317236E+03
    0.338672336798221840E+00    0.620158865763777545E+00    0.593376059101614475E+10    0.796312713119414169E+06   -0.158229718945722595E+03
    0.336060428528887345E+00    0.612306651635596833E+00    0.590922148955504227E+10    0.794142163847448537E+06   -0.157623858191105938E+03
    0.342815645502424549E+00    0.611285905760903692E+00    0.590875302421723366E+10    0.791113885388344061E+06   -0.158224216576786034E+03
    0.334663204528712677E+00    0.598161666843197715E+00    0.591454231694119835E+10    0.794901264631401747E+06   -0.158278607172377718E+03
    0.341209102396524355E+00    0.592321495371490148E+00    0.590634153217544460E+10    0.793892949806747027E+06   -0.157594230787378251E+03
    0.341209102396524355E+00    0.592321495371490148E+00    0.590634153217544460E+10    0.793892949806747027E+06   -0.157594230787378251E+03
    0.341734748480501060E+00    0.603934796192874934E+00    0.593061442349456692E+10    0.790551161620676867E+06   -0.157950340839926440E+03
    0.341734748480501060E+00    0.603934796192874934E+00    0.593061442349456692E+10    0.790551161620676867E+06   -0.157950340839926440E+03
    0.340837694798516055E+00    0.640072849963683410E+00    0.591702299738399887E+10    0.792587488148380420E+06   -0.158202621566700941E+03
    0.333197342772394434E+00    0.634918757784348919E+00    0.592523486691711330E+10    0.797432757457693690E+06   -0.158304797789350744E+03
    0.339378620467401804E+00    0.629716997936967449E+00    0.592662656339582062E+10    0.806268087879165076E+06   -0.158483992812336624E+03
    0.344477996732558245E+00    0.647080904269612400E+00    0.591097730469204903E+10    0.808456483383913524E+06   -0.158554540474553050E+03
    0.343161556449550931E+00    0.647246374267596014E+00    0.591919617130040264E+10    0.808014932925996487E+06   -0.158515144934777936E+03
    0.343833724775103322E+00    0.644252459482676176E+00    0.595772142552087307E+10    0.804897624178904109E+06   -0.158464528904238819E+03
    0.340089310893857688E+00    0.636496707668976480E+00    0.593002373227626610E+10    0.799247577139303670E+06   -0.158298672364817747E+03
    0.345638931148416761E+00    0.633436652438855052E+00    0.592129332743788242E+10    0.794802766543023288E+06   -0.158260774133825294E+03
    0.344548396301660786E+00    0.630828916876297274E+00    0.593661249850552559E+10    0.795520628848389257E+06   -0.158387759190888431E+03
    0.341382992053082202E+00    0.635661006799919548E+00    0.590286542075455952E+10    0.788675545300023281E+06   -0.158321538812881727E+03
    0.334111972062909657E+00    0.629724373805711224E+00    0.591780531433962345E+10    0.794623645829680725E+06   -0.158396777085283787E+03
    0.330208109329584831E+00    0.666748481402504201E+00    0.590395635956260204E+10    0.790441157890661969E+06   -0.158265186877432740E+03
    0.326861937696260818E+00    0.667869251217403370E+00    0.588521223562952709E+10    0.790950379945773282E+06   -0.158241981018220685E+03
    0.324026243036240835E+00    0.636528049085404390E+00    0.597815702707717800E+10    0.801598367325698957E+06   -0.157826379320180394E+03
    0.324026243036240835E+00    0.636528049085404390E+00    0.597815702707717800E+10    0.801598367325698957E+06   -0.157826379320180394E+03
    0.320623520757851999E+00    0.638083431286991409E+00    0.592645923571202660E+10    0.799203768161704182E+06   -0.157739278568787540E+03
    0.323182039164389756E+00    0.631572198515975014E+00    0.594649075632806492E+10    0.796021606764701894E+06   -0.158388166223964419E+03
    0.331049101250034394E+00    0.609142411586676147E+00    0.599230950298425674E+10    0.776971707156254211E+06   -0.158105846775792031E+03
    0.335727006282800777E+00    0.608604122340338005E+00    0.600194381940073490E+10    0.776129442648273078E+06   -0.157779197129524135E+03
    0.316554400114254342E+00    0.625044193795073699E+00    0.597919043120596409E+10    0.820137331873771851E+06   -0.158096399703542289E+03
    0.316554400114254342E+00    0.625044193795073699E+00    0.597919043120596409E+10    0.820137331873771851E+06   -0.158096399703542289E+03
    0.317631766675438409E+00    0.620882768970216770E+00    0.597086851516106415E+10    0.812504965610235697E+06   -0.158316259422063695E+03
    0.313682857727760112E+00    0.638928346604848318E+00    0.598448117057075024E+10    0.814410219364284072E+06   -0.158015768591806307E+03
    0.313682857727760112E+00    0.638928346604848318E+00    0.598448117057075024E+10    0.814410219364284072E+06   -0.158015768591806307E+03
    0.336799142970567178E+00    0.633237731469369347E+00    0.592926221239387226E+10    0.818953749919456895E+06   -0.158078540889677669E+03
    0.342150774293195237E+00    0.621932371865836497E+00    0.597292313813215733E+10    0.789905538907919428E+06   -0.158458492942893884E+03
    0.348113521309960816E+00    0.628868548625463042E+00    0.595197443013716412E+10    0.795561880562926061E+06   -0.158543807973441119E+03
    0.356896061802478737E+00    0.631908493213737543E+00    0.592292890004278755E+10    0.788711845461176243E+06   -0.158524036446216883E+03
    0.349106641914218196E+00    0.622755334073456179E+00    0.594921208583160400E+10    0.791289801786252763E+06   -0.158256401257126953E+03
    0.343246642328538354E+00    0.626019768970919266E+00    0.599710541680258656E+10    0.789564291717287153E+06   -0.157858625588613450E+03
    0.347650551727638923E+00    0.636681262927821567E+00    0.594353363916037273E+10    0.784610737602634705E+06   -0.158177066095962147E+03
    0.365670798011959675E+00    0.620234295807315927E+00    0.596386768542447853E+10    0.798949766579497256E+06   -0.157798011289562908E+03
    0.358384257312307719E+00    0.620924294843443914E+00    0.598348446568695736E+10    0.797760416326000239E+06   -0.158182827381126430E+03
    0.354218865561118756E+00    0.632494312314833884E+00    0.600403621412285709E+10    0.786483830046056304E+06   -0.157893250374833258E+03
    0.354218865561118756E+00    0.632494312314833884E+00    0.600403621412285709E+10    0.786483830046056304E+06   -0.157893250374833258E+03
    0.365736231887681396E+00    0.603833453213477256E+00    0.601473506821006203E+10    0.796296574719686178E+06   -0.158516658383101202E+03
    0.349688096778862034E+00    0.650137215631282128E+00    0.601170109902151489E+10    0.800508946468345122E+06   -0.158075790207758274E+03
    0.353048353749695065E+00    0.631769139896542153E+00    0.602049572599736595E+10    0.792446397865239996E+06   -0.158068788025060883E+03
    0.355995984620583739E+00    0.616606718469637549E+00    0.588512182106546783E+10    0.791792643731655669E+06   -0.157858177788352151E+03
    0.355995984620583739E+00    0.616606718469637549E+00    0.588512182106546783E+10    0.791792643731655669E+06   -0.157858177788352151E+03
    0.352679109276831382E+00    0.607355181929578603E+00    0.592308666320009518E+10    0.786531436513599707E+06   -0.158445476874189467E+03
    0.348998807505870867E+00    0.609789135221002976E+00    0.591419937873765755E+10    0.788022980861863587E+06   -0.158418996205714620E+03
    0.353140205727070333E+00    0.609707845771373158E+00    0.593930716207198143E+10    0.784075266561519471E+06   -0.158344892950423798E+03
    0.350135166392078034E+00    0.592257531601960263E+00    0.590399835324862099E+10    0.786618612580648391E+06   -0.157974502089562179E+03
    0.347213020758198376E+00    0.609178433261268193E+00    0.595949394654615307E+10    0.792846982226490160E+06   -0.158090284802871793E+03
    0.347213020758198376E+00    0.609178433261268193E+00    0.595949394654615307E+10    0.792846982226490160E+06   -0.158090284802871793E+03
    0.344196224279713248E+00    0.591288777684508826E+00    0.598651419073289394E+10    0.791296870338243665E+06   -0.158042476875856920E+03
    0.344196224279713248E+00    0.591288777684508826E+00    0.598651419073289394E+10    0.791296870338243665E+06   -0.158042476875856920E+03
    0.340205675658176554E+00    0.601007491140670425E+00    0.599122939120630455E+10    0.787388075797430123E+06   -0.158437482973251178E+03
    0.332218837831638192E+00    0.594805462028408005E+00    0.600738917616917896E+10    0.799934499007939594E+06   -0.158045096797680145E+03
    0.348416696213156296E+00    0.594908157133004156E+00    0.599541315717915249E+10    0.778950784830943332E+06   -0.158167820126257254E+03
    0.340090918483304416E+00    0.600219133308619313E+00    0.596273323653358650E+10    0.793729076870611287E+06   -0.158070014953768350E+03
    0.332774572620104236E+00    0.602562919943304021E+00    0.602067392076428604E+10    0.799241305866791168E+06   -0.158134960893553313E+03
    0.332184203240362685E+00    0.599126483425395762E+00    0.592302976813315964E+10    0.798721679838087759E+06   -0.158189188237155435E+03
    0.338432038738264440E+00    0.579686437141512911E+00    0.595806579410068798E+10    0.796772046237912145E+06   -0.158460139400411947E+03
    0.334302977909896548E+00    0.572488840668048837E+00    0.595862243802110386E+10    0.793531324771945016E+06   -0.158156201427100143E+03
    0.337453333692039892E+00    0.597970823284046382E+00    0.595471923378896141E+10    0.804440697667662753E+06   -0.157798146121123636E+03
    0.337453333692039892E+00    0.597970823284046382E+00    0.595471923378896141E+10    0.804440697667662753E+06   -0.157798146121123636E+03
    0.321890013388161200E+00    0.612671012176062124E+00    0.606021270103386497E+10    0.766771394476161222E+06   -0.158488053670893123E+03
    0.322285703600307782E+00    0.632835945086714258E+00    0.605138167896664047E+10    0.765876247361246264E+06   -0.158212575452173496E+03
    0.319534567288866367E+00    0.603693935659301406E+00    0.605217701272138596E+10    0.779796281059665256E+06   -0.157502183166983457E+03
    0.319534567288866367E+00    0.603693935659301406E+00    0.605217701272138596E+10    0.779796281059665256E+06   -0.157502183166983457E+03
    0.349290988414648340E+00    0.659972902831758912E+00    0.603297906163461590E+10    0.768740097586157033E+06   -0.158550278882421225E+03
    0.345656790578263373E+00    0.639189796933290921E+00    0.604414959150361156E+10    0.769484124123374000E+06   -0.157935971892970770E+03
    0.345656790578263373E+00    0.639189796933290921E+00    0.604414959150361156E+10    0.769484124123374000E+06   -0.157935971892970770E+03
    0.320886858415159237E+00    0.653128252269746579E+00    0.610313920627053833E+10    0.783797302839027136E+06   -0.158252645591366218E+03
    0.321150176114484098E+00    0.631316228993736850E+00    0.610165057386736679E+10    0.770491345782094519E+06   -0.158286701508034184E+03
    0.322149485078468800E+00    0.629240823555732742E+00    0.609553957588653660E+10    0.770150758153221104E+06   -0.157566737553761527E+03
    0.322149485078468800E+00    0.629240823555732742E+00    0.609553957588653660E+10    0.770150758153221104E+06   -0.157566737553761527E+03
    0.328952181916511543E+00    0.646915651367786282E+00    0.610529009196290684E+10    0.766723084290408413E+06   -0.158418390377120261E+03
    0.323524088799869325E+00    0.646863778936979550E+00    0.609240954813799381E+10    0.776810249855661998E+06   -0.158451461151495948E+03
    0.333894972317742345E+00    0.659056412477926123E+00    0.606665379939668655E+10    0.781604736938894261E+06   -0.158325275487391650E+03
    0.336935811286133480E+00    0.573759711460191557E+00    0.604064215322594929E+10    0.788642984224548563E+06   -0.157782372428714098E+03
    0.336935811286133480E+00    0.573759711460191557E+00    0.604064215322594929E+10    0.788642984224548563E+06   -0.157782372428714098E+03
    0.344490619883302152E+00    0.592188060629096569E+00    0.607091881511931610E+10    0.793362640564720030E+06   -0.158256134003013017E+03
    0.334405626710112647E+00    0.592452095572318260E+00    0.603225210996428394E+10    0.782638804366586264E+06   -0.157778128303758592E+03
    0.334405626710112647E+00    0.592452095572318260E+00    0.603225210996428394E+10    0.782638804366586264E+06   -0.157778128303758592E+03
    0.324173925527461437E+00    0.608324748512696356E+00    0.598909207689706612E+10    0.781566107663863921E+06   -0.158530828140900468E+03
    0.313547228039396442E+00    0.606123572228634444E+00    0.596940960075057793E+10    0.777243755382530624E+06   -0.158142175711334943E+03
    0.311300631985576948E+00    0.605889915792322764E+00    0.596138822660382938E+10    0.783564139180530212E+06   -0.157839884951299439E+03
    0.311300631985576948E+00    0.605889915792322764E+00    0.596138822660382938E+10    0.783564139180530212E+06   -0.157839884951299439E+03
    0.325624347055988583E+00    0.592380034406897682E+00    0.596238850128508472E+10    0.770994805441255681E+06   -0.158198412568048980E+03
    0.324940111681931321E+00    0.604657310201143439E+00    0.598456248477896500E+10    0.778245477443489712E+06   -0.158076438785717187E+03
    0.320872885725321799E+00    0.566899405952881352E+00    0.612514629056268024E+10    0.776342126215256751E+06   -0.158194587635548203E+03
    0.328682870283784179E+00    0.589063843057866521E+00    0.607748994548564148E+10    0.784007415666628396E+06   -0.157692182992875075E+03
    0.328682870283784179E+00    0.589063843057866521E+00    0.607748994548564148E+10    0.784007415666628396E+06   -0.157692182992875075E+03
    0.328795106907639023E+00    0.586625587966550288E+00    0.606630382816598129E+10    0.785132178805871052E+06   -0.157805906537052238E+03
    0.328795106907639023E+00    0.586625587966550288E+00    0.606630382816598129E+10    0.785132178805871052E+06   -0.157805906537052238E+03
    0.299337176624967671E+00    0.594162695855386946E+00    0.597856592855413151E+10    0.808849735048233881E+06   -0.158152717539110057E+03
    0.314409184706863409E+00    0.630508705243981282E+00    0.598823375837507439E+10    0.802559677581704804E+06   -0.158153195956005789E+03
    0.311493571968587124E+00    0.633524247156661335E+00    0.600865950764826965E+10    0.794562508836640278E+06   -0.158414315942287288E+03
    0.336119337909129678E+00    0.635437960843439953E+00    0.604137585484513664E+10    0.808828962477072841E+06   -0.158230830572648557E+03
    0.343852204952091622E+00    0.630939211758583696E+00    0.602425224600831318E+10    0.790930124687459669E+06   -0.158551671270486679E+03
    0.334310498715284732E+00    0.606988480486970516E+00    0.605794255996351528E+10    0.788978819286836544E+06   -0.158305441473092685E+03
    0.342975255916905863E+00    0.609827963398728912E+00    0.603337711546079350E+10    0.796703908499246347E+06   -0.158554945533305414E+03
