    0.497580707494711838E+00    0.449546866613975027E+00    0.533353636407658100E+10   -0.110026855412111473E+03
    0.621609387041616168E+00    0.527091829897868180E+00    0.490952910161862850E+10   -0.109131057305379002E+03
    0.515321770614467045E+00    0.599872243489443235E+00    0.538847700745549583E+10   -0.107821690962045381E+03
    0.516421741976734072E+00    0.425671553737046793E+00    0.528559174682879448E+10   -0.107783113085164246E+03
    0.531112502299110889E+00    0.482772164768427103E+00    0.530010981987239647E+10   -0.107648846929117042E+03
    0.514282100468363201E+00    0.493086124055192698E+00    0.537889698618308163E+10   -0.107350969081311888E+03
    0.520684509159413778E+00    0.509887462238776124E+00    0.525411044585475922E+10   -0.107280605856097523E+03
    0.596645620428741585E+00    0.562678966011771919E+00    0.494729019786043930E+10   -0.107230509326020183E+03
    0.514073431402468084E+00    0.462171671032937326E+00    0.537150498955963516E+10   -0.107163082930126720E+03
    0.497522500673911017E+00    0.570668840991309878E+00    0.541728656385882473E+10   -0.107124809705554057E+03
    0.489652822446030533E+00    0.496173997216127205E+00    0.549388845210879517E+10   -0.107077413294468897E+03
    0.549670744054081784E+00    0.509748696386726152E+00    0.515927987187884331E+10   -0.106788868412571617E+03
    0.483083504234701366E+00    0.409471364669631299E+00    0.550851087153103256E+10   -0.106706887425498905E+03
    0.571213653142627731E+00    0.486858531017402285E+00    0.508364523301268959E+10   -0.106675780414552861E+03
    0.534554439187560182E+00    0.397856203408757381E+00    0.519570126845739365E+10   -0.106637842576350280E+03
    0.588263308983435596E+00    0.469892992692539480E+00    0.498124058212042618E+10   -0.106619526116162945E+03
    0.549955927417260293E+00    0.497955380570862971E+00    0.512931902187893105E+10   -0.106558964491920690E+03
    0.584995446769404737E+00    0.460423493197550826E+00    0.500469237520753288E+10   -0.106393260312569822E+03
    0.568285306201367746E+00    0.489075082101177117E+00    0.504138492296959496E+10   -0.106391779866141462E+03
    0.560738623602451081E+00    0.523449956769932001E+00    0.511163496216829205E+10   -0.106322341336952448E+03
    0.593102706892390419E+00    0.524063046573974844E+00    0.496386646997887421E+10   -0.106277798969294423E+03
    0.478672189942601300E+00    0.426806657306403991E+00    0.550705437331501579E+10   -0.106073421819053095E+03
    0.568195769684755159E+00    0.477872974370491477E+00    0.508983682179798126E+10   -0.106045217936081968E+03
    0.565909045341567163E+00    0.416783311909576071E+00    0.512967237125417137E+10   -0.106006552355710213E+03
    0.547361335913628788E+00    0.451687978473110263E+00    0.518307746966290283E+10   -0.106002815758185136E+03
    0.474544300444569633E+00    0.472595072202668831E+00    0.550974206495649815E+10   -0.105996742885446309E+03
    0.531581344891111529E+00    0.480919054155721781E+00    0.528586462875864983E+10   -0.105927160087146007E+03
    0.474420868353161163E+00    0.558625296800263627E+00    0.552559675415237427E+10   -0.105906760000896810E+03
    0.517199769641188967E+00    0.364444212793193500E+00    0.535795941860513496E+10   -0.105868718790691048E+03
    0.573604009096714162E+00    0.510837337821643089E+00    0.507230059724785995E+10   -0.105860290460508736E+03
    0.573623102477680336E+00    0.417719441696597471E+00    0.501519840605749512E+10   -0.105816578499463674E+03
    0.537740186397800413E+00    0.505930254259055801E+00    0.517646277782384300E+10   -0.105772558001905722E+03
    0.550499217220324577E+00    0.427650329846592570E+00    0.513417338801785183E+10   -0.105666981829367415E+03
    0.555468273542399360E+00    0.520809982113540570E+00    0.509538028572649574E+10   -0.105666745322068053E+03
    0.508654876935049405E+00    0.447005263727477953E+00    0.529515705203110313E+10   -0.105584906043309886E+03
    0.574313198500339239E+00    0.425336993509777272E+00    0.504675133989947319E+10   -0.105526416477911795E+03
    0.520515816274418452E+00    0.536950366541219637E+00    0.522874540231878090E+10   -0.105517822256480102E+03
    0.470189108087021801E+00    0.450871534290861575E+00    0.554558265758621407E+10   -0.105507050255437889E+03
    0.541276008729516644E+00    0.473178658021103260E+00    0.523165480467578316E+10   -0.105489543459998941E+03
    0.516878134266164357E+00    0.391338285951828624E+00    0.526240079098566532E+10   -0.105488371976250804E+03
    0.559055093334646758E+00    0.379589240095539182E+00    0.510221845253998566E+10   -0.105464215054668074E+03
    0.580489268863049079E+00    0.538824289175552806E+00    0.501534234317306709E+10   -0.105458556300383165E+03
    0.522043171449357080E+00    0.408815308568787117E+00    0.529710965791337395E+10   -0.105454908624450724E+03
    0.569265042726917803E+00    0.414906160028147397E+00    0.506944345284916115E+10   -0.105441457152418181E+03
    0.558333820061754915E+00    0.443619161215682567E+00    0.509335492063166618E+10   -0.105409957280197915E+03
    0.494137027363202475E+00    0.449217353348235093E+00    0.541862025233063698E+10   -0.105342449216722784E+03
    0.505828897955466594E+00    0.409119915450528282E+00    0.538162886266559601E+10   -0.105339232909112923E+03
    0.505244828956745162E+00    0.377867402230036120E+00    0.531965334343848228E+10   -0.105334291731420166E+03
    0.517208296409622736E+00    0.362074719840428827E+00    0.532719186405087948E+10   -0.105308453743549862E+03
    0.554915125834090528E+00    0.423613332863785885E+00    0.508736496087870598E+10   -0.105306285700418215E+03
    0.474944347720393678E+00    0.397969207377361300E+00    0.550501161691371155E+10   -0.105299352708683330E+03
    0.577808334727424877E+00    0.432236564663291745E+00    0.500991522499292183E+10   -0.105277693800285931E+03
    0.476568760041419737E+00    0.377772712349749185E+00    0.552387136319135094E+10   -0.105254309751539353E+03
    0.565542870636898676E+00    0.450580519197673723E+00    0.507900009798478508E+10   -0.105241002937763966E+03
    0.562194751930700787E+00    0.435811382584780915E+00    0.515204025714875603E+10   -0.105238481037212239E+03
    0.515309211199711514E+00    0.431354605439706162E+00    0.526845547105778027E+10   -0.105228004191137515E+03
    0.564735099055994949E+00    0.485007535995798378E+00    0.513049571477059174E+10   -0.105215876905084784E+03
    0.570399373789822750E+00    0.452820970023257274E+00    0.506312852925146580E+10   -0.105175468232166509E+03
    0.492289090973906940E+00    0.460762154547875724E+00    0.540945177955104065E+10   -0.105106033996948867E+03
    0.565656690245352811E+00    0.474517332442406570E+00    0.507357911716901588E+10   -0.105100472920977367E+03
    0.551361998010819199E+00    0.510217282271753447E+00    0.519126450021452713E+10   -0.105096216073645920E+03
    0.510324107945418048E+00    0.398394036677808927E+00    0.536815887875668716E+10   -0.105010052161803969E+03
    0.584110059934036530E+00    0.492604408446627673E+00    0.500873761213755226E+10   -0.105008154961206571E+03
    0.585840862095871384E+00    0.569258496181443974E+00    0.499410241047559071E+10   -0.105004547243841586E+03
    0.575667593679468292E+00    0.460375533451591323E+00    0.505398150254286194E+10   -0.105003971612496741E+03
    0.535468895526475031E+00    0.480202770037516657E+00    0.524758517908829498E+10   -0.104994192546358221E+03
    0.487708910166732457E+00    0.477525312337515828E+00    0.545742483903837585E+10   -0.104983139756080391E+03
    0.533559420156554887E+00    0.493177558167552377E+00    0.526980144185376072E+10   -0.104974285472077540E+03
    0.528646811534324468E+00    0.561582505453506187E+00    0.523929206692183495E+10   -0.104954996992545944E+03
    0.509397767972731397E+00    0.449376849531848421E+00    0.535891919865878391E+10   -0.104952004420530514E+03
    0.511847690425608182E+00    0.488358901545602464E+00    0.530886790123209953E+10   -0.104942178505177253E+03
    0.513609712835273013E+00    0.448505558877132060E+00    0.529401243995508194E+10   -0.104939778367684568E+03
    0.509314158198176381E+00    0.430576090514584564E+00    0.532439010006042671E+10   -0.104911033489850581E+03
    0.509314158198176381E+00    0.430576090514584564E+00    0.532439010006042671E+10   -0.104911033489850581E+03
    0.509203603214514744E+00    0.473500870124322404E+00    0.531866771616398811E+10   -0.104896319191331230E+03
    0.586785790074163760E+00    0.527348019704231064E+00    0.504058311973365879E+10   -0.104855201439221716E+03
    0.531950864951509561E+00    0.439561421611912806E+00    0.523227897303746223E+10   -0.104852424527153531E+03
    0.527645018700497515E+00    0.366526240876765996E+00    0.525974058558355713E+10   -0.104791732128583305E+03
    0.563074518828318937E+00    0.462280673415058629E+00    0.510647908063203907E+10   -0.104760227238557931E+03
    0.563074518828318937E+00    0.462280673415058629E+00    0.510647908063203907E+10   -0.104760227238557931E+03
    0.579968110088268984E+00    0.514231126199506505E+00    0.503080097791129684E+10   -0.104735787672484207E+03
    0.503853286881904672E+00    0.599547500757990903E+00    0.539607353263215065E+10   -0.104730433993643345E+03
    0.557125391486461230E+00    0.424336966667722137E+00    0.510809135270159149E+10   -0.104719577854122889E+03
    0.557125391486461230E+00    0.424336966667722137E+00    0.510809135270159149E+10   -0.104719577854122889E+03
    0.551300874492222315E+00    0.519123260559355870E+00    0.514546035274827766E+10   -0.104711376653593192E+03
    0.568964019912023722E+00    0.480981829816201412E+00    0.506391260679079628E+10   -0.104702444768492029E+03
    0.568964019912023722E+00    0.480981829816201412E+00    0.506391260679079628E+10   -0.104702444768492029E+03
    0.483805905372320100E+00    0.423806777377409460E+00    0.548869121655754662E+10   -0.104699102895543803E+03
    0.516314964906970597E+00    0.391150371057459978E+00    0.528990274980640793E+10   -0.104677481486164567E+03
    0.504612480934378604E+00    0.364036099997646190E+00    0.535280581340591812E+10   -0.104676092079818858E+03
    0.550728872543077674E+00    0.409258198670967133E+00    0.516506367150205231E+10   -0.104662579779708722E+03
    0.502306664995414320E+00    0.388582493594757494E+00    0.532393318372862625E+10   -0.104650766773337267E+03
    0.537187890475290919E+00    0.507177670124248081E+00    0.525688031045518494E+10   -0.104632561309495657E+03
    0.534864332124870057E+00    0.577818270790004362E+00    0.524058610532391644E+10   -0.104623512228016679E+03
    0.534864332124870057E+00    0.577818270790004362E+00    0.524058610532391644E+10   -0.104623512228016679E+03
    0.474478726791993044E+00    0.394603351687077719E+00    0.551231125486337852E+10   -0.104605527933336745E+03
    0.549313177889845350E+00    0.550678271639259975E+00    0.515866636200599670E+10   -0.104592604478659368E+03
    0.522591975039051637E+00    0.432338790922226934E+00    0.529225508130655670E+10   -0.104585936096054027E+03
    0.524736795048560523E+00    0.371116016958751516E+00    0.525034626406185532E+10   -0.104585585735458125E+03
    0.524736795048560523E+00    0.371116016958751516E+00    0.525034626406185532E+10   -0.104585585735458125E+03
    0.574535081674357961E+00    0.455118657177706609E+00    0.503830200966228104E+10   -0.104582075532469247E+03
    0.574535081674357961E+00    0.455118657177706609E+00    0.503830200966228104E+10   -0.104582075532469247E+03
    0.538219664905531858E+00    0.562694863518693467E+00    0.521646565173712921E+10   -0.104574347029809317E+03
    0.561450754485826486E+00    0.463869119500731841E+00    0.512473837840867424E+10   -0.104572464448358346E+03
    0.561450754485826486E+00    0.463869119500731841E+00    0.512473837840867424E+10   -0.104572464448358346E+03
    0.553389762659928897E+00    0.456636693152727702E+00    0.518683370730926704E+10   -0.104567968053741595E+03
    0.531982740132557752E+00    0.600885785527387029E+00    0.527824935661528111E+10   -0.104563455950893186E+03
    0.531982740132557752E+00    0.600885785527387029E+00    0.527824935661528111E+10   -0.104563455950893186E+03
    0.558396821635007812E+00    0.492446712467922154E+00    0.512128546832323647E+10   -0.104561744452111029E+03
    0.551916174067892618E+00    0.444756901832136009E+00    0.516600317702892494E+10   -0.104557580263785781E+03
    0.547725131273774646E+00    0.407271551504862828E+00    0.514158359381189251E+10   -0.104540197404184681E+03
    0.560645817272095837E+00    0.434613817090559351E+00    0.508621229243189812E+10   -0.104511134711420340E+03
    0.550248072073467931E+00    0.354392323662571229E+00    0.513921551893383408E+10   -0.104504645691170538E+03
    0.550248072073467931E+00    0.354392323662571229E+00    0.513921551893383408E+10   -0.104504645691170538E+03
    0.559734746627791102E+00    0.469722194212431887E+00    0.514926952078349876E+10   -0.104498342306086144E+03
    0.536258752896412672E+00    0.517638369494271444E+00    0.523318167135510731E+10   -0.104479472449357161E+03
    0.546006809512184943E+00    0.374709865026854771E+00    0.514270090040129280E+10   -0.104472898574460913E+03
    0.576043930861359521E+00    0.518002750095911679E+00    0.503547624849893761E+10   -0.104441374826883703E+03
    0.573865974723602235E+00    0.517681998814383704E+00    0.509529688807179260E+10   -0.104432961179899820E+03
    0.544002633018209947E+00    0.504032010499047445E+00    0.520323288336103439E+10   -0.104397786397633297E+03
    0.529128214583994394E+00    0.432169715970765367E+00    0.528066391760159302E+10   -0.104383495442511929E+03
    0.558453724874978019E+00    0.452449091223147803E+00    0.513155796332499313E+10   -0.104378889137254305E+03
    0.558453724874978019E+00    0.452449091223147803E+00    0.513155796332499313E+10   -0.104378889137254305E+03
    0.529265004755191559E+00    0.453032828874215809E+00    0.524222578769897652E+10   -0.104367477812977015E+03
    0.566535152249276197E+00    0.424598042671448184E+00    0.506411974263686180E+10   -0.104341224691685582E+03
    0.565229946112982495E+00    0.443594734924046108E+00    0.507941994979789925E+10   -0.104340398822249938E+03
    0.556744140904736229E+00    0.381446115987639445E+00    0.509510955440167809E+10   -0.104336250453063741E+03
    0.542949565704010428E+00    0.487262298713384112E+00    0.517821094996562672E+10   -0.104322274494758844E+03
    0.510412816993039420E+00    0.361551556834330157E+00    0.533380062949254036E+10   -0.104311569560739358E+03
    0.510412816993039420E+00    0.361551556834330157E+00    0.533380062949254036E+10   -0.104311569560739358E+03
    0.531169339403661289E+00    0.504523045811689386E+00    0.526352922707658958E+10   -0.104308881201486713E+03
    0.531169339403661289E+00    0.504523045811689386E+00    0.526352922707658958E+10   -0.104308881201486713E+03
    0.494770787804125922E+00    0.491008568332954809E+00    0.541321072643389416E+10   -0.104301806664642228E+03
    0.494770787804125922E+00    0.491008568332954809E+00    0.541321072643389416E+10   -0.104301806664642228E+03
    0.557634641585739610E+00    0.521132405253769804E+00    0.517010181772640991E+10   -0.104299307466222444E+03
    0.557634641585739610E+00    0.521132405253769804E+00    0.517010181772640991E+10   -0.104299307466222444E+03
    0.540148878567389024E+00    0.504110153977988418E+00    0.525045459696252441E+10   -0.104272565450722851E+03
    0.575913552233809023E+00    0.495192987042694099E+00    0.505620592936945915E+10   -0.104255352268255109E+03
    0.560315546345689253E+00    0.374703138314625761E+00    0.508334386896580124E+10   -0.104235166287447768E+03
    0.561829150691670609E+00    0.467160543686667040E+00    0.509376514448608685E+10   -0.104217048000224466E+03
    0.552142830378608673E+00    0.482473282879038123E+00    0.514700440056533623E+10   -0.104216705908900565E+03
    0.552142830378608673E+00    0.482473282879038123E+00    0.514700440056533623E+10   -0.104216705908900565E+03
    0.583536154143784680E+00    0.516227106231292865E+00    0.501382093457045364E+10   -0.104215175270774836E+03
    0.583536154143784680E+00    0.516227106231292865E+00    0.501382093457045364E+10   -0.104215175270774836E+03
    0.505945735937426866E+00    0.419267425410254191E+00    0.538826148758171272E+10   -0.104208224115809884E+03
    0.554990122927395024E+00    0.471151511449985350E+00    0.514458851551041031E+10   -0.104190547663669335E+03
    0.554990122927395024E+00    0.471151511449985350E+00    0.514458851551041031E+10   -0.104190547663669335E+03
    0.553251251981785597E+00    0.464800448057998139E+00    0.513166025743096924E+10   -0.104155900913669711E+03
    0.511516605086846154E+00    0.418983608167982524E+00    0.530921069278983307E+10   -0.104149746377294591E+03
    0.518938303136429746E+00    0.431572678034921609E+00    0.528283655212240028E+10   -0.104141067033524095E+03
    0.512873553758782186E+00    0.374486596691227192E+00    0.530467366045356941E+10   -0.104125860255104811E+03
    0.512873553758782186E+00    0.374486596691227192E+00    0.530467366045356941E+10   -0.104125860255104811E+03
    0.531181456100360272E+00    0.531950383670578120E+00    0.526722092551355362E+10   -0.104123717126588176E+03
    0.537800921053678271E+00    0.403822777645526543E+00    0.517959927274372292E+10   -0.104120796838436362E+03
    0.590528394890917574E+00    0.512515435532819197E+00    0.500150808944793129E+10   -0.104096054759071848E+03
    0.590528394890917574E+00    0.512515435532819197E+00    0.500150808944793129E+10   -0.104096054759071848E+03
    0.544717503218066890E+00    0.403745048819805774E+00    0.515182513596694756E+10   -0.104077655956208218E+03
    0.510767844374495517E+00    0.403656437572781357E+00    0.530574787889572144E+10   -0.104074745805946918E+03
    0.493492287636096094E+00    0.364108307388217867E+00    0.538167280291383362E+10   -0.104071609249651075E+03
    0.517748512651836634E+00    0.384011857562551739E+00    0.533177630864870262E+10   -0.104063414500174744E+03
    0.517748512651836634E+00    0.384011857562551739E+00    0.533177630864870262E+10   -0.104063414500174744E+03
    0.534576691275960969E+00    0.458093895251522554E+00    0.525041130999577522E+10   -0.104034211041746687E+03
    0.558984644982327139E+00    0.441255021379031831E+00    0.508971268679345703E+10   -0.104034192539059603E+03
    0.542458414335412198E+00    0.402324296263003589E+00    0.515710236114748764E+10   -0.104007237777404924E+03
    0.542230305948484648E+00    0.503358146418657171E+00    0.519564103948480606E+10   -0.104003589571112030E+03
    0.534991975188190638E+00    0.429279444176005498E+00    0.526986838619780540E+10   -0.104002182249803312E+03
    0.509142787714763623E+00    0.418438380638555429E+00    0.529703838682309341E+10   -0.103980689408132207E+03
    0.487678214204068816E+00    0.339783025206401135E+00    0.538732191218333435E+10   -0.103980078868032550E+03
    0.507551287749912095E+00    0.393793303637867353E+00    0.533424138060981369E+10   -0.103979885812333720E+03
    0.507551287749912095E+00    0.393793303637867353E+00    0.533424138060981369E+10   -0.103979885812333720E+03
    0.516217487924787388E+00    0.357315952251402891E+00    0.533796105619590759E+10   -0.103978410042880114E+03
    0.566885403642234276E+00    0.476650293585329621E+00    0.509671749636903572E+10   -0.103960946962568343E+03
    0.566885403642234276E+00    0.476650293585329621E+00    0.509671749636903572E+10   -0.103960946962568343E+03
    0.523361198224041702E+00    0.481339150811976424E+00    0.529477232108157921E+10   -0.103950825118209977E+03
    0.551510660786835971E+00    0.481540126854000050E+00    0.517673615505375481E+10   -0.103948630697729058E+03
    0.547108703701308929E+00    0.432339918775056731E+00    0.513599257275158119E+10   -0.103946056089351174E+03
    0.542026527452920237E+00    0.389600308100067849E+00    0.515598248801798058E+10   -0.103944511046016430E+03
    0.553327776052778941E+00    0.464747997902897225E+00    0.512353068748771095E+10   -0.103937364873191711E+03
    0.543655897616413752E+00    0.447308443970344527E+00    0.516731003555100632E+10   -0.103934559667643526E+03
    0.517085858705602641E+00    0.467030242302882925E+00    0.530416883049731064E+10   -0.103927444920774917E+03
    0.517085858705602641E+00    0.467030242302882925E+00    0.530416883049731064E+10   -0.103927444920774917E+03
    0.574113009801853424E+00    0.492434420417884766E+00    0.504389466007676411E+10   -0.103926175155171194E+03
    0.563863153615720591E+00    0.452828271565488549E+00    0.509441452630519676E+10   -0.103926073545956882E+03
    0.554760996546175167E+00    0.510687185343222438E+00    0.515031940745876694E+10   -0.103914228233608910E+03
    0.554760996546175167E+00    0.510687185343222438E+00    0.515031940745876694E+10   -0.103914228233608910E+03
    0.550606345929442909E+00    0.461042564195974336E+00    0.513048889056287575E+10   -0.103914096609582089E+03
    0.550606345929442909E+00    0.461042564195974336E+00    0.513048889056287575E+10   -0.103914096609582089E+03
    0.491426061004637649E+00    0.432205772408147837E+00    0.541717052781956100E+10   -0.103878956247395450E+03
    0.565264668698940653E+00    0.438597429541109918E+00    0.511431935396495628E+10   -0.103876683793424704E+03
    0.550227067878216847E+00    0.454270484003870934E+00    0.514021475331116676E+10   -0.103855241047723780E+03
    0.528858026859051034E+00    0.477691079931528151E+00    0.527278115266529942E+10   -0.103843573555140495E+03
    0.557213361764400394E+00    0.472257047604012214E+00    0.516202371722238159E+10   -0.103826838032455726E+03
    0.551029919165607729E+00    0.416638663481696980E+00    0.514722664434249973E+10   -0.103823396445062940E+03
    0.559070775512922058E+00    0.452558354834813770E+00    0.512108833911084080E+10   -0.103800734682514076E+03
    0.559070775512922058E+00    0.452558354834813770E+00    0.512108833911084080E+10   -0.103800734682514076E+03
    0.546154368617701391E+00    0.436391527123216605E+00    0.518516200636989880E+10   -0.103800073652598869E+03
    0.562892684687598122E+00    0.529321454712853523E+00    0.511535461650119781E+10   -0.103798984052893005E+03
    0.547656840792517086E+00    0.369774506231008715E+00    0.516024075506000519E+10   -0.103789374857292728E+03
    0.567497137127219498E+00    0.498662960512863407E+00    0.507707555928744411E+10   -0.103784338215870093E+03
    0.517327933993308786E+00    0.385661637741778307E+00    0.524707026360297585E+10   -0.103783045741818825E+03
    0.517327933993308786E+00    0.385661637741778307E+00    0.524707026360297585E+10   -0.103783045741818825E+03
    0.560395544245876565E+00    0.490898178778621741E+00    0.515825641993792152E+10   -0.103780875765978635E+03
    0.549571217853838889E+00    0.408127085910063414E+00    0.513907609212468719E+10   -0.103776248483932619E+03
    0.549571217853838889E+00    0.408127085910063414E+00    0.513907609212468719E+10   -0.103776248483932619E+03
    0.559185649682554353E+00    0.479798554192282012E+00    0.512496152433030891E+10   -0.103775035007455301E+03
    0.527128292619495897E+00    0.456003684424812761E+00    0.524480432010479164E+10   -0.103758160347783559E+03
    0.545885216005988494E+00    0.353585088777645495E+00    0.516786711289987373E+10   -0.103753164731913103E+03
    0.545885216005988494E+00    0.353585088777645495E+00    0.516786711289987373E+10   -0.103753164731913103E+03
    0.510339434257158997E+00    0.350064252395922537E+00    0.531484859034736443E+10   -0.103745613614165606E+03
    0.510339434257158997E+00    0.350064252395922537E+00    0.531484859034736443E+10   -0.103745613614165606E+03
    0.541371140720827038E+00    0.483208837093243915E+00    0.517470891389756203E+10   -0.103743178956678577E+03
    0.568872328349036560E+00    0.498626215819587770E+00    0.512245723129564285E+10   -0.103725124872999615E+03
    0.525797310548516528E+00    0.502511282522766223E+00    0.528308110412144852E+10   -0.103714267946544339E+03
    0.550110713889302216E+00    0.392788358899851531E+00    0.515371995043865871E+10   -0.103687840009126660E+03
    0.550110713889302216E+00    0.392788358899851531E+00    0.515371995043865871E+10   -0.103687840009126660E+03
    0.503707393062014175E+00    0.372158174075178039E+00    0.535568732955170250E+10   -0.103685358425322292E+03
    0.503707393062014175E+00    0.372158174075178039E+00    0.535568732955170250E+10   -0.103685358425322292E+03
    0.505988366850583127E+00    0.372689848408942481E+00    0.531782227519458389E+10   -0.103679932251763887E+03
    0.505988366850583127E+00    0.372689848408942481E+00    0.531782227519458389E+10   -0.103679932251763887E+03
    0.540328016533633049E+00    0.466777359316239426E+00    0.523677090622737217E+10   -0.103673392137270753E+03
    0.572298425827629131E+00    0.553753309134146221E+00    0.509458624466134644E+10   -0.103665880622748745E+03
    0.529650376781817367E+00    0.459398815431839580E+00    0.524927529173293018E+10   -0.103659961729876841E+03
    0.503570972806325790E+00    0.393889905201859847E+00    0.533066769386102295E+10   -0.103647837033261283E+03
    0.544291260742473026E+00    0.508667540559638809E+00    0.519766449156835556E+10   -0.103645366889078716E+03
    0.540046795452539974E+00    0.434575892929888852E+00    0.517350667340144157E+10   -0.103628959019617298E+03
    0.559555601372356937E+00    0.486344998766607972E+00    0.513369151129123878E+10   -0.103617733314378796E+03
    0.504185661435216148E+00    0.369477727086191976E+00    0.537793408154337692E+10   -0.103610366351624592E+03
    0.506847540568254540E+00    0.376029717749595704E+00    0.537246604011143112E+10   -0.103609798796415873E+03
    0.506847540568254540E+00    0.376029717749595704E+00    0.537246604011143112E+10   -0.103609798796415873E+03
    0.554478751753544663E+00    0.407574306814124654E+00    0.511348411980399227E+10   -0.103596198395696376E+03
    0.560595764789201589E+00    0.494344892565779404E+00    0.510789565203590965E+10   -0.103583020352401462E+03
    0.560595764789201589E+00    0.494344892565779404E+00    0.510789565203590965E+10   -0.103583020352401462E+03
    0.550826168088318524E+00    0.443243540798905045E+00    0.516876074046883774E+10   -0.103567544000444713E+03
    0.564109005777355010E+00    0.496330772382396646E+00    0.513841117883616066E+10   -0.103563793682582656E+03
    0.526118224100753928E+00    0.426146721780735760E+00    0.524585034670643139E+10   -0.103562511445294078E+03
    0.552721899579440734E+00    0.453047028372662197E+00    0.517432924272215652E+10   -0.103560928348069780E+03
    0.565195136515513341E+00    0.468937290554515940E+00    0.508064194396300507E+10   -0.103553116241454603E+03
    0.545882806264088694E+00    0.434792256043021297E+00    0.516050357373347282E+10   -0.103548404922476621E+03
    0.547266231400310721E+00    0.438184330066235361E+00    0.514152919268972397E+10   -0.103546045998008339E+03
    0.527918105986507680E+00    0.506344321569523359E+00    0.525059125232100010E+10   -0.103525464591958894E+03
    0.554747882706838724E+00    0.424126537031968454E+00    0.513908995089868259E+10   -0.103524114094561156E+03
    0.551268016868886712E+00    0.485166561393462814E+00    0.515134232042341805E+10   -0.103519422224566028E+03
    0.549702371825975478E+00    0.502234578816304733E+00    0.518716383445530510E+10   -0.103512978404200283E+03
    0.533402736818259116E+00    0.544578272330021207E+00    0.524852318243864727E+10   -0.103511061034820528E+03
    0.533402736818259116E+00    0.544578272330021207E+00    0.524852318243864727E+10   -0.103511061034820528E+03
    0.549670797274148915E+00    0.425851751033839321E+00    0.519067086208520126E+10   -0.103510092577533158E+03
    0.553280406934826718E+00    0.468918476041581656E+00    0.515164050155598450E+10   -0.103507857398501343E+03
    0.553280406934826718E+00    0.468918476041581656E+00    0.515164050155598450E+10   -0.103507857398501343E+03
    0.564650506223010162E+00    0.471059218632843724E+00    0.512117458637171555E+10   -0.103507547318720214E+03
    0.537774753918573434E+00    0.542158696541632068E+00    0.521716130089925766E+10   -0.103503831052722333E+03
    0.507110203324235509E+00    0.388903939125587073E+00    0.535727895500798893E+10   -0.103497058317087436E+03
    0.550041581348122643E+00    0.440301663853848169E+00    0.516314230606420517E+10   -0.103495284785980530E+03
    0.531979700014736046E+00    0.446117029999580694E+00    0.523511239957932854E+10   -0.103488233022851460E+03
    0.531979700014736046E+00    0.446117029999580694E+00    0.523511239957932854E+10   -0.103488233022851460E+03
    0.561487520002400431E+00    0.458469340655724977E+00    0.510851777906730080E+10   -0.103485749155081493E+03
    0.561487520002400431E+00    0.458469340655724977E+00    0.510851777906730080E+10   -0.103485749155081493E+03
    0.510282128080990605E+00    0.411744834077481414E+00    0.536166760095017147E+10   -0.103485566138369563E+03
    0.554755143432382747E+00    0.488856927175852718E+00    0.516438224790439606E+10   -0.103467579494550236E+03
    0.505795403887423722E+00    0.382154456906913964E+00    0.538505040034558678E+10   -0.103464718285430934E+03
    0.525426869095249605E+00    0.440174386857592026E+00    0.527936254574194717E+10   -0.103464453083423734E+03
    0.542717083728473826E+00    0.533003037186537298E+00    0.524264687504305649E+10   -0.103456138559248416E+03
    0.527058657883262116E+00    0.430949748827069712E+00    0.527330769079839325E+10   -0.103454391217292638E+03
    0.564101085651543044E+00    0.492825705432704098E+00    0.509076820001942348E+10   -0.103442720127275180E+03
    0.564101085651543044E+00    0.492825705432704098E+00    0.509076820001942348E+10   -0.103442720127275180E+03
    0.531193881152396408E+00    0.413242120422873782E+00    0.523512110287219334E+10   -0.103442145132274192E+03
    0.558909204279254168E+00    0.488304331491644206E+00    0.514469196788743305E+10   -0.103427233055153863E+03
    0.546825435411950833E+00    0.424903386175683906E+00    0.516583884808757401E+10   -0.103403043797267003E+03
    0.550609779019766821E+00    0.460613929505820252E+00    0.513360499733466434E+10   -0.103386688423149508E+03
    0.529890454979774495E+00    0.426413899858166801E+00    0.523499831235695744E+10   -0.103385910202042723E+03
    0.576712764236455122E+00    0.475801459003204030E+00    0.504207552483256149E+10   -0.103383800231084379E+03
    0.514392807677090280E+00    0.340155399139291603E+00    0.534114970906736279E+10   -0.103382868789837289E+03
    0.536983565852316880E+00    0.500422325039098226E+00    0.523594703515035057E+10   -0.103367932396754341E+03
    0.552652955068439034E+00    0.472757927098877317E+00    0.512440406538205338E+10   -0.103365844061342983E+03
    0.511045400025589180E+00    0.377609766682912351E+00    0.531971972926319313E+10   -0.103363893261993468E+03
    0.515346838668701235E+00    0.385528976234638776E+00    0.526465843208951283E+10   -0.103342351333450722E+03
    0.557333006897695604E+00    0.521138290575692054E+00    0.518184730292443275E+10   -0.103338161887539670E+03
    0.556334638342245169E+00    0.457936794774969513E+00    0.512266067823989105E+10   -0.103336318483047108E+03
    0.541152581187325454E+00    0.573528296895302603E+00    0.521107751093397522E+10   -0.103331009277374591E+03
    0.508159788241914212E+00    0.382398968195198918E+00    0.534591684742362976E+10   -0.103324241230290085E+03
    0.543869957729379738E+00    0.368267591515888171E+00    0.517375195281631088E+10   -0.103314356011786558E+03
    0.548590735565515852E+00    0.380873756128712770E+00    0.515326305955235863E+10   -0.103312553357788943E+03
    0.554045113081898077E+00    0.481305298310674701E+00    0.513580651843839741E+10   -0.103308604518600077E+03
    0.527159820544999547E+00    0.474374543762881018E+00    0.524625341860060501E+10   -0.103306592086170923E+03
    0.517036697324209205E+00    0.459555086891096920E+00    0.528168946239266777E+10   -0.103306353929668916E+03
    0.565470875202333190E+00    0.447403338742059731E+00    0.509275539797663116E+10   -0.103306021762909978E+03
    0.526760228467212155E+00    0.459855084154636273E+00    0.524254520421503735E+10   -0.103300266612008215E+03
    0.534563798099161769E+00    0.504172108217783688E+00    0.525261063584201241E+10   -0.103296373602481509E+03
    0.525215504826742841E+00    0.484533798297658080E+00    0.527570470528670120E+10   -0.103295612587084761E+03
    0.548531966163865792E+00    0.390895410016725009E+00    0.515512287586643219E+10   -0.103287321034402055E+03
    0.522015671188792663E+00    0.436544444112341168E+00    0.530133089476872635E+10   -0.103285414354386063E+03
    0.509616003540020790E+00    0.323897263896078869E+00    0.533055713482239532E+10   -0.103282988851662736E+03
    0.542116685387957986E+00    0.535330669081311328E+00    0.522043504647869301E+10   -0.103282267458392340E+03
    0.561321528137202153E+00    0.528650829720259452E+00    0.511206387190302277E+10   -0.103271487176327369E+03
    0.497557867259733222E+00    0.470701776373967817E+00    0.540032264582713890E+10   -0.103269156985125733E+03
    0.545598678792826197E+00    0.389846166743268441E+00    0.516141344441531944E+10   -0.103267679162491945E+03
    0.531649918778039687E+00    0.482182309664182185E+00    0.523690060287381363E+10   -0.103256746155442357E+03
    0.532692317806524374E+00    0.461861436777157408E+00    0.526146830507817841E+10   -0.103237921255502357E+03
    0.539668852959454437E+00    0.526492519967931116E+00    0.521761873573193741E+10   -0.103237636865942733E+03
    0.507630840972116193E+00    0.365541273053393567E+00    0.534290781563215542E+10   -0.103237627171599797E+03
    0.527646449572572007E+00    0.405057296985656734E+00    0.525616179839566517E+10   -0.103237023054850908E+03
    0.510358502979193718E+00    0.408782695408918428E+00    0.535758378860252953E+10   -0.103233055290047773E+03
    0.550551077333448768E+00    0.422832194288915275E+00    0.513915889276297379E+10   -0.103230403959213803E+03
    0.512973581307496485E+00    0.462929269509938734E+00    0.531573436428915596E+10   -0.103226815832775685E+03
    0.551592573318031132E+00    0.464226214889269073E+00    0.513534735749453354E+10   -0.103221474676735070E+03
    0.527544105511710271E+00    0.478624820771448967E+00    0.525444298502046585E+10   -0.103217825686949169E+03
    0.559323240990433179E+00    0.481125836600844181E+00    0.513010129230888271E+10   -0.103207663652995919E+03
    0.522908233564757574E+00    0.493221341681005399E+00    0.526334515124817276E+10   -0.103206917064710950E+03
    0.534371096823370806E+00    0.449287889444349275E+00    0.524722591398829842E+10   -0.103201680829086158E+03
    0.509586116271251055E+00    0.410876737205027709E+00    0.536287690902667904E+10   -0.103198407863633832E+03
    0.528601081772507531E+00    0.510311041908952490E+00    0.525269566184016609E+10   -0.103185984474390580E+03
    0.507468364172514064E+00    0.370470419051198263E+00    0.534717060798173428E+10   -0.103182803123882650E+03
    0.525796727321606649E+00    0.478933519446409051E+00    0.526922773089265060E+10   -0.103182075617820402E+03
    0.516177738353162829E+00    0.472184828993098549E+00    0.531237889104033661E+10   -0.103179706135559087E+03
    0.557880763505633315E+00    0.449620445177291828E+00    0.511589144346651649E+10   -0.103170189631806011E+03
    0.529476029349770339E+00    0.476328869251680942E+00    0.525797862493002892E+10   -0.103168866922005179E+03
    0.545015142738381586E+00    0.513994671930275260E+00    0.517630944429690075E+10   -0.103166175300059137E+03
    0.521854533274413002E+00    0.480215552801695367E+00    0.529486917174046516E+10   -0.103147738494687431E+03
    0.549794794998420211E+00    0.517471342229434583E+00    0.517015756648809242E+10   -0.103134047759564993E+03
    0.528706518706468787E+00    0.458676924825487831E+00    0.527108971302677345E+10   -0.103130033128183641E+03
    0.543584929426216945E+00    0.357744256671956862E+00    0.516972948524881744E+10   -0.103125457797809489E+03
    0.528845200158534423E+00    0.424337851718881609E+00    0.523193699425152588E+10   -0.103113503761690694E+03
    0.518143984759046661E+00    0.409172370781369921E+00    0.530795863134304047E+10   -0.103106488602139692E+03
    0.523021242670100195E+00    0.459605047815344392E+00    0.526228678950632286E+10   -0.103105770656543882E+03
    0.538496276537534291E+00    0.504908877032647752E+00    0.524120356857348061E+10   -0.103105479819480109E+03
    0.554065090433400020E+00    0.445470955373053812E+00    0.514619993904544067E+10   -0.103096333982272839E+03
    0.540221584445505720E+00    0.507791281870753508E+00    0.522684597931236649E+10   -0.102897037152327215E+03
    0.546371008905605748E+00    0.468691094119346729E+00    0.519809639444669914E+10   -0.102639001128925926E+03
    0.543621630968014968E+00    0.466021679130324884E+00    0.518602852736350632E+10   -0.102732131122248532E+03
    0.541924099946077376E+00    0.492371577420163575E+00    0.519671076405227661E+10   -0.102708222037313206E+03
    0.541924099946077376E+00    0.492371577420163575E+00    0.519671076405227661E+10   -0.102708222037313206E+03
    0.547399767730609166E+00    0.503282285807921781E+00    0.519810426388267899E+10   -0.103004861525589646E+03
    0.543965130593410673E+00    0.510176984327941341E+00    0.519498954084068871E+10   -0.102916914236520284E+03
    0.548721056712192956E+00    0.482514567694289909E+00    0.516564569999158001E+10   -0.102947194256756617E+03
    0.558777309790326360E+00    0.467391699337738942E+00    0.514808912124631119E+10   -0.102892392346975257E+03
    0.559182511372604774E+00    0.479921157073540883E+00    0.514182716894767952E+10   -0.102735497835158100E+03
    0.564719468724470652E+00    0.490872895414575794E+00    0.511491902198208618E+10   -0.102988225995993560E+03
    0.556651497014702179E+00    0.477168812993948421E+00    0.515158112702864838E+10   -0.102865410726991527E+03
    0.559884129216191018E+00    0.510321795879235651E+00    0.512791481985994530E+10   -0.102615510568620579E+03
    0.559884129216191018E+00    0.510321795879235651E+00    0.512791481985994530E+10   -0.102615510568620579E+03
    0.540231447572297574E+00    0.434102392037456042E+00    0.518043586298842430E+10   -0.103025611441175954E+03
    0.544511719655525028E+00    0.413934882259017201E+00    0.517724249511386299E+10   -0.102781278105088177E+03
    0.543880897028887533E+00    0.412521761562235412E+00    0.518453934932386875E+10   -0.102351289456197094E+03
    0.542972506432941704E+00    0.437233861186969719E+00    0.517982901793110752E+10   -0.102760699022463996E+03
    0.542972506432941704E+00    0.437233861186969719E+00    0.517982901793110752E+10   -0.102760699022463996E+03
    0.548654004192147160E+00    0.407053142033195314E+00    0.516602321300811768E+10   -0.102829314751363455E+03
    0.550375104387729741E+00    0.398494210601276322E+00    0.517334869850682640E+10   -0.102647378747062646E+03
    0.543057557046235928E+00    0.418706767496946242E+00    0.518058759147485733E+10   -0.102770469768143627E+03
    0.543057557046235928E+00    0.418706767496946242E+00    0.518058759147485733E+10   -0.102770469768143627E+03
    0.551823544265164223E+00    0.400738571357624807E+00    0.518163764711483002E+10   -0.102852012778234979E+03
    0.545193133235480798E+00    0.423967461721746375E+00    0.517376958109936905E+10   -0.103055568323569673E+03
    0.544257862192244923E+00    0.376348258052933815E+00    0.516797555306632614E+10   -0.102817730043008439E+03
    0.549144288681281845E+00    0.389425088546861531E+00    0.516974334134840393E+10   -0.102944365790272101E+03
    0.546529600686388450E+00    0.387350845498083629E+00    0.516368307847463989E+10   -0.103052669416362292E+03
    0.552452560110562096E+00    0.428837089925288240E+00    0.517149284018607330E+10   -0.102960030760827834E+03
    0.556955676607210126E+00    0.424975550450650275E+00    0.511762466881204796E+10   -0.103058043983434928E+03
    0.559523600141263788E+00    0.457158865275646420E+00    0.512203707149536514E+10   -0.103069685819848104E+03
    0.551199445166993707E+00    0.459174591036004998E+00    0.516268794905278587E+10   -0.102765643672005268E+03
    0.550006860822855104E+00    0.449447535488339156E+00    0.516444856557139778E+10   -0.102666787872345637E+03
    0.556460955360893905E+00    0.459643432894175419E+00    0.513008995005131531E+10   -0.103081376690750432E+03
    0.555292091968598966E+00    0.453576514992125368E+00    0.514887694463763809E+10   -0.102804990588252963E+03
    0.555292091968598966E+00    0.453576514992125368E+00    0.514887694463763809E+10   -0.102804990588252963E+03
    0.558641138315521757E+00    0.442825284875716818E+00    0.512774506324671173E+10   -0.102713549384490676E+03
    0.532465774811387016E+00    0.453371663630935728E+00    0.522743298374969673E+10   -0.102702131890409447E+03
    0.533181193130921049E+00    0.450895660852886238E+00    0.522794075560258102E+10   -0.102475473908378646E+03
    0.535374478819415911E+00    0.426791899652222639E+00    0.522666818301734734E+10   -0.102526931613160912E+03
    0.535374478819415911E+00    0.426791899652222639E+00    0.522666818301734734E+10   -0.102526931613160912E+03
    0.535562606665795027E+00    0.433043595160020445E+00    0.523219129252322388E+10   -0.103057526356453593E+03
    0.534121249028649103E+00    0.422201292759986302E+00    0.521757332910233307E+10   -0.103012339254609060E+03
    0.532390386086011302E+00    0.443284136240460924E+00    0.523381211092562103E+10   -0.102614973564016168E+03
    0.533250541571246184E+00    0.468701962328685440E+00    0.524816256729879570E+10   -0.102952805214361518E+03
    0.536189989646908005E+00    0.420011522774938584E+00    0.522773503800912762E+10   -0.102971189705611337E+03
    0.535764355194941699E+00    0.438066218173652544E+00    0.523261692379426575E+10   -0.102856047239458647E+03
    0.535022695887950595E+00    0.457192913835386960E+00    0.522721973179094887E+10   -0.102778143998585193E+03
    0.535094668129831974E+00    0.458846672831805691E+00    0.525061435349737549E+10   -0.102870069014868250E+03
    0.537182245932656510E+00    0.443101107678840478E+00    0.522307052082909393E+10   -0.102759039435124464E+03
    0.521832124559606036E+00    0.418734859621643807E+00    0.526866688119791126E+10   -0.102820657599764232E+03
    0.523049596935588501E+00    0.441013115730740424E+00    0.526962467900913429E+10   -0.102945477436365962E+03
    0.524121345057038113E+00    0.426225427874744156E+00    0.528348636116569710E+10   -0.102780553862044314E+03
    0.524739352884969867E+00    0.419011209837123033E+00    0.526541217379721451E+10   -0.102850509343821372E+03
    0.522979602004023825E+00    0.432451614408948970E+00    0.526212071267313957E+10   -0.103013447137469882E+03
    0.518608066847009996E+00    0.439268997489222102E+00    0.529278810552818108E+10   -0.102714623317177882E+03
    0.521548532659789954E+00    0.436863767293992566E+00    0.528792348891956806E+10   -0.102766749952544373E+03
    0.529655115148139677E+00    0.440865465867268824E+00    0.524666606292816353E+10   -0.102605844851166140E+03
    0.529655115148139677E+00    0.440865465867268824E+00    0.524666606292816353E+10   -0.102605844851166140E+03
    0.531845137557263037E+00    0.431841705300655576E+00    0.524065896668713188E+10   -0.102961199866107819E+03
    0.532389500178236608E+00    0.455257424934087496E+00    0.525494288893198013E+10   -0.102784200498640686E+03
    0.532389500178236608E+00    0.455257424934087496E+00    0.525494288893198013E+10   -0.102784200498640686E+03
    0.523750474182466341E+00    0.419123502013613702E+00    0.525388742380133820E+10   -0.102798362191055901E+03
    0.529577882639396313E+00    0.411874235964388546E+00    0.522977142713638687E+10   -0.102928983729232925E+03
    0.531500325838584864E+00    0.431104212668159903E+00    0.523347225470570755E+10   -0.102594722076946368E+03
    0.531500325838584864E+00    0.431104212668159903E+00    0.523347225470570755E+10   -0.102594722076946368E+03
    0.531933007611973485E+00    0.431876338013736927E+00    0.524341728894259930E+10   -0.102601465735772166E+03
    0.533723401887848503E+00    0.451670963844845730E+00    0.525241291921944427E+10   -0.102846789835851723E+03
    0.525175689059875994E+00    0.412180485205801972E+00    0.527099849209856987E+10   -0.102447572638909449E+03
    0.525175689059875994E+00    0.412180485205801972E+00    0.527099849209856987E+10   -0.102447572638909449E+03
    0.523925687200710199E+00    0.436775865591636503E+00    0.526352349120436764E+10   -0.102969915694473542E+03
    0.524724063455315526E+00    0.455112846188121978E+00    0.525421161679082584E+10   -0.103016622795043702E+03
    0.520443219238754251E+00    0.411935412711398996E+00    0.526551868313091660E+10   -0.102897476428332865E+03
    0.525249742708643663E+00    0.440179515919334463E+00    0.527330994357281113E+10   -0.102749054325151235E+03
    0.525554577720680594E+00    0.409048840299316652E+00    0.526010333470329094E+10   -0.102835144498164809E+03
    0.533820279983146850E+00    0.521670117011108658E+00    0.525386024624448013E+10   -0.103042968561512396E+03
    0.534296068135205360E+00    0.509509970618715613E+00    0.523369358353799057E+10   -0.102788198315903188E+03
    0.538043820676345041E+00    0.493466277103655315E+00    0.524209698198993874E+10   -0.103013025188527052E+03
    0.534828427962738884E+00    0.520793546368478744E+00    0.523617059160574055E+10   -0.103015767477184539E+03
    0.528914820026212262E+00    0.492897046942616157E+00    0.524731403817395020E+10   -0.102830262398215041E+03
    0.532187926992343963E+00    0.482291202322333135E+00    0.525606631452278519E+10   -0.103071860291466436E+03
    0.529557074712414755E+00    0.504771179166796813E+00    0.525357354816207504E+10   -0.102687028575250451E+03
    0.524330408167100859E+00    0.515413969718752085E+00    0.527991502251541519E+10   -0.103007741236455800E+03
    0.520100376210749338E+00    0.529227965754273555E+00    0.529140626951165771E+10   -0.102988686191841580E+03
    0.515593851719721274E+00    0.473586349211528201E+00    0.529307514219538879E+10   -0.102850796761531498E+03
    0.519098679419591202E+00    0.472564414477332662E+00    0.529183508252883244E+10   -0.102819358987395901E+03
    0.515311427073826711E+00    0.453237156963497867E+00    0.530049064092012596E+10   -0.103075674570044043E+03
    0.519151649634661538E+00    0.503559393652640352E+00    0.528968124756203270E+10   -0.102988807267923562E+03
    0.518241568980067457E+00    0.477714074271997191E+00    0.530336457017994022E+10   -0.103045408683078279E+03
    0.524025215963244473E+00    0.459260803490513680E+00    0.527366495003695965E+10   -0.102711310430812290E+03
    0.525153863842305890E+00    0.475222460247920253E+00    0.527158642091868782E+10   -0.103020678453844212E+03
    0.525793738069953442E+00    0.478942124124376534E+00    0.526044806537729931E+10   -0.102759445256281481E+03
    0.506482745502597864E+00    0.334762023912487550E+00    0.535406470737927818E+10   -0.102718216345726404E+03
    0.505377522259113809E+00    0.335696803798342103E+00    0.535269112251603508E+10   -0.102829110437485781E+03
    0.510165667897230390E+00    0.346857438216153113E+00    0.533383433201676369E+10   -0.102912010808954562E+03
    0.510826599909689705E+00    0.347514137419928204E+00    0.534254953394028664E+10   -0.102680997292607259E+03
    0.506924894174805352E+00    0.363534940705989129E+00    0.535623408596822453E+10   -0.102756202796446487E+03
    0.511839028408051289E+00    0.374238767061820354E+00    0.530045996203530121E+10   -0.102783546687210020E+03
    0.510269595216867988E+00    0.368142092403315857E+00    0.531720028904445839E+10   -0.102807289955520872E+03
    0.518322818531372964E+00    0.412603987770097547E+00    0.529971103300772572E+10   -0.102556627890087128E+03
    0.518322818531372964E+00    0.412603987770097547E+00    0.529971103300772572E+10   -0.102556627890087128E+03
    0.508211512037441082E+00    0.382638842513623345E+00    0.535443595919606400E+10   -0.102943703356500151E+03
    0.509556077355800996E+00    0.398699605411202640E+00    0.533440301465278244E+10   -0.102944581612570289E+03
    0.512009878008092167E+00    0.406520259776147697E+00    0.532519235608713913E+10   -0.102923162741383877E+03
