    0.293590507839778414E+00    0.465555368918984414E+00    0.412069656169338036E+10   -0.185369514732071963E+03
    0.296404897027634451E+00    0.573632891490502672E+00    0.423137268763326263E+10   -0.177624026265487799E+03
    0.313048292214073487E+00    0.426060367205918666E+00    0.408897566698768091E+10   -0.177603046788752579E+03
    0.316931944857095693E+00    0.504039523914451948E+00    0.401782687259111547E+10   -0.177558877856826172E+03
    0.328918701406089420E+00    0.538112304917000017E+00    0.398188900645971346E+10   -0.176960208352126926E+03
    0.341134201519110614E+00    0.558518584169632959E+00    0.394998608603862095E+10   -0.176839064966576046E+03
    0.336536807552094974E+00    0.556801795009043587E+00    0.394179088802850342E+10   -0.176501758768473962E+03
    0.318031875174652756E+00    0.531199316273344380E+00    0.406815028709239340E+10   -0.176399939647372207E+03
    0.299298912871634570E+00    0.556814416762945186E+00    0.423087277780996990E+10   -0.176367560024141710E+03
    0.368120272792779368E+00    0.382722619266209207E+00    0.376767881758297586E+10   -0.176362767439779475E+03
    0.347341283178037530E+00    0.535275095128213252E+00    0.389992242121188068E+10   -0.176223779020426150E+03
    0.320387317724771081E+00    0.531951983365527070E+00    0.403811076146279478E+10   -0.176178329244941153E+03
    0.370262032649744999E+00    0.498418167319849559E+00    0.375322661935391617E+10   -0.176109455877950580E+03
    0.359105317839278571E+00    0.409664521545813898E+00    0.382354435080787039E+10   -0.176099074609532067E+03
    0.346384531355973413E+00    0.469626062687151347E+00    0.390311314250144100E+10   -0.176092058392240858E+03
    0.330134843845427406E+00    0.528394255159065906E+00    0.405349659183513117E+10   -0.176025285081852360E+03
    0.363824154343485806E+00    0.556147790856725166E+00    0.378538747814776134E+10   -0.176018574171169803E+03
    0.337530057960479080E+00    0.452461271525697484E+00    0.395230367947912598E+10   -0.175819237872327960E+03
    0.317679219566318005E+00    0.461077647840401283E+00    0.408015749553308153E+10   -0.175815258832623840E+03
    0.330473907427632108E+00    0.462096374085010808E+00    0.395014684794337749E+10   -0.175777273137129100E+03
    0.322651138919906655E+00    0.466569572189117210E+00    0.404717790171934986E+10   -0.175716445512545164E+03
    0.294062350882186352E+00    0.557193716292484709E+00    0.422569308813848305E+10   -0.175711470506679404E+03
    0.351384269252545733E+00    0.415370248841560041E+00    0.392650369003158951E+10   -0.175656874907792684E+03
    0.336658178300956235E+00    0.460723111642103333E+00    0.393585962872704363E+10   -0.175655515510267463E+03
    0.324635571074908869E+00    0.458358242702161078E+00    0.401706566563389587E+10   -0.175637819568623286E+03
    0.330866719214589100E+00    0.475487132329099893E+00    0.395682198808675337E+10   -0.175624533100097551E+03
    0.291024817692066340E+00    0.525414146269342908E+00    0.424334605689548111E+10   -0.175591204104563474E+03
    0.356734739772914033E+00    0.527419546993925792E+00    0.384659767285785007E+10   -0.175560177892640240E+03
    0.321545732036166876E+00    0.449165048636819719E+00    0.407942578901407337E+10   -0.175534898933816152E+03
    0.331240566379498280E+00    0.533890001093546118E+00    0.401909958645211983E+10   -0.175488204485440065E+03
    0.313942026982861722E+00    0.475901142112537201E+00    0.411624368759215927E+10   -0.175394572921292365E+03
    0.290945474045233632E+00    0.547962527234119534E+00    0.426128982119705582E+10   -0.175386512095839862E+03
    0.304797930986820009E+00    0.477514605351057497E+00    0.414080637729598665E+10   -0.175334472706858861E+03
    0.377258374443112887E+00    0.521113711017617831E+00    0.373794276023310757E+10   -0.175311217546659577E+03
    0.344358253250694135E+00    0.482618986596570210E+00    0.393081044362465620E+10   -0.175238224457796605E+03
    0.308094403449973908E+00    0.499367347332261957E+00    0.409054170792120743E+10   -0.175168284313887170E+03
    0.343191039084850824E+00    0.551244455589014137E+00    0.393319639834341335E+10   -0.175152341676376409E+03
    0.295879941229042875E+00    0.567146976527704183E+00    0.421931736340401602E+10   -0.175099736719025003E+03
    0.340439645668812740E+00    0.503190463994338089E+00    0.397033600005857182E+10   -0.175059852526455757E+03
    0.314185956795846599E+00    0.518126575640536657E+00    0.405136232754332685E+10   -0.175038619113970697E+03
    0.344398179077266775E+00    0.535022576225198776E+00    0.388686269424351835E+10   -0.175026078136201022E+03
    0.327046044668459768E+00    0.460450811471595500E+00    0.397331720821375132E+10   -0.175004002922202204E+03
    0.331389354822287763E+00    0.434948667332118788E+00    0.399519939696143007E+10   -0.174976122269184884E+03
    0.347041179711329029E+00    0.526532950432070379E+00    0.389315979205355024E+10   -0.174941557407888979E+03
    0.328201297743834164E+00    0.564694558926010615E+00    0.397695463893245983E+10   -0.174927124305336861E+03
    0.315504870438257201E+00    0.575698849332106022E+00    0.406726924864196682E+10   -0.174887752162219755E+03
    0.297837853835789368E+00    0.510230844310658682E+00    0.422140978003758907E+10   -0.174865322474330242E+03
    0.354845266318983554E+00    0.540012136661028208E+00    0.387278045758990145E+10   -0.174851534083004992E+03
    0.315051544688601026E+00    0.371051481355841872E+00    0.408620129028862000E+10   -0.174834099376987069E+03
    0.339696384954935704E+00    0.571226603915972575E+00    0.391469940994070911E+10   -0.174824759588853254E+03
    0.319008201103638533E+00    0.471207049951720691E+00    0.404289380351927710E+10   -0.174813971961067750E+03
    0.286646162965659812E+00    0.522782657551116969E+00    0.429144971350315142E+10   -0.174807957065079279E+03
    0.330495319448734115E+00    0.442016848818679975E+00    0.397999048574147034E+10   -0.174801456118992746E+03
    0.328387986886434224E+00    0.557638957942694802E+00    0.398823782129523373E+10   -0.174798567056247236E+03
    0.324508274447720624E+00    0.517383831432900010E+00    0.400356206285160875E+10   -0.174795706217700683E+03
    0.303770441325527552E+00    0.457781683507880288E+00    0.418431244072790480E+10   -0.174795410665427767E+03
    0.317380070288970528E+00    0.531858735187624276E+00    0.406492994103164768E+10   -0.174792872390545313E+03
    0.326677688532585220E+00    0.526338876292113511E+00    0.401118836815858459E+10   -0.174783060317406779E+03
    0.338994012690605584E+00    0.486844523528013440E+00    0.390975205647134924E+10   -0.174782313350466040E+03
    0.294964939696699069E+00    0.446731986540187975E+00    0.420391318689649200E+10   -0.174737610072562234E+03
    0.317549958394149734E+00    0.659041181592916914E+00    0.406092817795779085E+10   -0.174737606821247738E+03
    0.290612876490309091E+00    0.565433327665301633E+00    0.425137523921397781E+10   -0.174725599642041743E+03
    0.359981533102380902E+00    0.540305037236164409E+00    0.382836832078769827E+10   -0.174718275644378650E+03
    0.340013228798628775E+00    0.490378123648543607E+00    0.391342093882854557E+10   -0.174706838419651717E+03
    0.324980524652814462E+00    0.478841357982108917E+00    0.400391566755812645E+10   -0.174704733789334654E+03
    0.303643894378914425E+00    0.426720835890675332E+00    0.412613624970703363E+10   -0.174680752998982712E+03
    0.325325936248934633E+00    0.434289410659772557E+00    0.405203847897455025E+10   -0.174611117339875250E+03
    0.346606149530237717E+00    0.531721073077797257E+00    0.387919269862471199E+10   -0.174597207706287321E+03
    0.303338556225409284E+00    0.469219836745546459E+00    0.415344586565784407E+10   -0.174594512135549508E+03
    0.342692546158946398E+00    0.516627732787192429E+00    0.389775376913911390E+10   -0.174546499240990784E+03
    0.325108626965780134E+00    0.458345520671416651E+00    0.403680271329946518E+10   -0.174535965377046608E+03
    0.293627649186801676E+00    0.442663767596256363E+00    0.421014191716328144E+10   -0.174524607757353976E+03
    0.351247762533596464E+00    0.467095218320682903E+00    0.386374838786124277E+10   -0.174519240312523408E+03
    0.328107651781785969E+00    0.512674445885226149E+00    0.404329188282276344E+10   -0.174516460753741967E+03
    0.351378048147213851E+00    0.601659521595665936E+00    0.384805906101056004E+10   -0.174495320436100570E+03
    0.341622361421266174E+00    0.541021043309235949E+00    0.389798409564831638E+10   -0.174423984452929062E+03
    0.339825309815106447E+00    0.509793233156221604E+00    0.393773017206060314E+10   -0.174421156337528316E+03
    0.319991578993055081E+00    0.472621117523623013E+00    0.406460799474003220E+10   -0.174415864722368667E+03
    0.301457964648993437E+00    0.539757304386851544E+00    0.417937587892811966E+10   -0.174398816483204229E+03
    0.296145891696645736E+00    0.584515097316327115E+00    0.422143070140034294E+10   -0.174368353379308587E+03
    0.295598293563503423E+00    0.459637021551808189E+00    0.419985321785475922E+10   -0.174358019274077094E+03
    0.329139582722419888E+00    0.462834140550034689E+00    0.404456479526486731E+10   -0.174294853354887920E+03
    0.300997827978019328E+00    0.531147495912438927E+00    0.416749650775874424E+10   -0.174243857053007730E+03
    0.289570305688384710E+00    0.541497651591695828E+00    0.424739653149137306E+10   -0.174241299392286066E+03
    0.308340773955710468E+00    0.475281165437062114E+00    0.413359021218935680E+10   -0.174214330130991357E+03
    0.353395412633447148E+00    0.584126520513457592E+00    0.384358997830327225E+10   -0.174207318053222821E+03
    0.325541302523266129E+00    0.562079381495649955E+00    0.399102615942239332E+10   -0.174186472750173408E+03
    0.298751474229715874E+00    0.503662871444550575E+00    0.420080273696590948E+10   -0.174175472785758870E+03
    0.308172206037013563E+00    0.631892008309627329E+00    0.412368194505028296E+10   -0.174153120696557892E+03
    0.296313007436250608E+00    0.442542020415972459E+00    0.422540121522095966E+10   -0.174099558587657526E+03
    0.318231938574162598E+00    0.438049426574174561E+00    0.407157624045593834E+10   -0.174068070469322151E+03
    0.315391942676899739E+00    0.532956507260459844E+00    0.409597513108403683E+10   -0.174058296646286294E+03
    0.315391942676899739E+00    0.532956507260459844E+00    0.409597513108403683E+10   -0.174058296646286294E+03
    0.308439385307230363E+00    0.486554232446447799E+00    0.412338709887158775E+10   -0.174041199004042113E+03
    0.294126624989763441E+00    0.481742743208604551E+00    0.422527818647769117E+10   -0.174036645293171574E+03
    0.294126624989763441E+00    0.481742743208604551E+00    0.422527818647769117E+10   -0.174036645293171574E+03
    0.293298999240057479E+00    0.421024755314288512E+00    0.422546693848422146E+10   -0.174032518729469672E+03
    0.348880266383319426E+00    0.505710970763482592E+00    0.386612685600597715E+10   -0.174029853483174804E+03
    0.348880266383319426E+00    0.505710970763482592E+00    0.386612685600597715E+10   -0.174029853483174804E+03
    0.312083214747640503E+00    0.560417649033448484E+00    0.410964999114667940E+10   -0.174028339772418803E+03
    0.329025350692842722E+00    0.525301492664233649E+00    0.400141836711569262E+10   -0.174026089712835869E+03
    0.319838226309859086E+00    0.499485501839433965E+00    0.406006494174892902E+10   -0.174025847602824285E+03
    0.346295940909548516E+00    0.501129760714499994E+00    0.390703421779546118E+10   -0.174014503741951870E+03
    0.346295940909548516E+00    0.501129760714499994E+00    0.390703421779546118E+10   -0.174014503741951870E+03
    0.313664575083071218E+00    0.496563597455653039E+00    0.409275229259325266E+10   -0.173981787152891343E+03
    0.313664575083071218E+00    0.496563597455653039E+00    0.409275229259325266E+10   -0.173981787152891343E+03
    0.299572591433322877E+00    0.435344354761555863E+00    0.418463642918102741E+10   -0.173973974141648000E+03
    0.301276934370326599E+00    0.407730509107707917E+00    0.416217140591017675E+10   -0.173969380076197439E+03
    0.331280830386719793E+00    0.397121310496967084E+00    0.400593359830411339E+10   -0.173967662806411852E+03
    0.331280830386719793E+00    0.397121310496967084E+00    0.400593359830411339E+10   -0.173967662806411852E+03
    0.336780577349368726E+00    0.501343275642893715E+00    0.394031420176917171E+10   -0.173959440683076366E+03
    0.340108829012621405E+00    0.542058046016155259E+00    0.391387967169239664E+10   -0.173959397408851117E+03
    0.319745384121503051E+00    0.483617331338106027E+00    0.404104174583768988E+10   -0.173923901434419463E+03
    0.319157830364498352E+00    0.524585063373951499E+00    0.404938102089294863E+10   -0.173877550130739735E+03
    0.324185574312516156E+00    0.508146191547274029E+00    0.400951925608100891E+10   -0.173875585501664204E+03
    0.329496094434135411E+00    0.516740199720882032E+00    0.401004063271146822E+10   -0.173866348955805222E+03
    0.305932722727380368E+00    0.479190351866932929E+00    0.412639977020873976E+10   -0.173863428405584671E+03
    0.301147082911323305E+00    0.498306991058107940E+00    0.418359020798866272E+10   -0.173854176574265665E+03
    0.327034372445084376E+00    0.604280696556134700E+00    0.399680890022201252E+10   -0.173852379361156750E+03
    0.327034372445084376E+00    0.604280696556134700E+00    0.399680890022201252E+10   -0.173852379361156750E+03
    0.336948037241688203E+00    0.501460570639586933E+00    0.392915744996725464E+10   -0.173846427950379763E+03
    0.336948037241688203E+00    0.501460570639586933E+00    0.392915744996725464E+10   -0.173846427950379763E+03
    0.298052813794117966E+00    0.584659955287618160E+00    0.420116465371059322E+10   -0.173828577708265470E+03
    0.308819897128482568E+00    0.434803085281629365E+00    0.410095275319909954E+10   -0.173815874336108493E+03
    0.308819897128482568E+00    0.434803085281629365E+00    0.410095275319909954E+10   -0.173815874336108493E+03
    0.296093270419433563E+00    0.539200703297304074E+00    0.420366914739919519E+10   -0.173813480783878958E+03
    0.304534467934332365E+00    0.591964377214011961E+00    0.415090243676009560E+10   -0.173810807625783696E+03
    0.302311504015068511E+00    0.473819642795552554E+00    0.417339521799617290E+10   -0.173807650227551164E+03
    0.310521723454776910E+00    0.436749281766498854E+00    0.410142148909441566E+10   -0.173791295315787153E+03
    0.341538647587817046E+00    0.475680725683742978E+00    0.392164574938242388E+10   -0.173787569679729472E+03
    0.331552711165119196E+00    0.584198178550908054E+00    0.398658902286241198E+10   -0.173781464760089818E+03
    0.316256710568978194E+00    0.491192427536974563E+00    0.405122297147746849E+10   -0.173778825553760896E+03
    0.321940792272716991E+00    0.521263327163607570E+00    0.405663558514801550E+10   -0.173759697592226502E+03
    0.330749474153666234E+00    0.472014677193456578E+00    0.397141132349246120E+10   -0.173736570992575253E+03
    0.328708734065890074E+00    0.536874944106521923E+00    0.401800881636656427E+10   -0.173733585470179690E+03
    0.328708734065890074E+00    0.536874944106521923E+00    0.401800881636656427E+10   -0.173733585470179690E+03
    0.327229713741099382E+00    0.560902113398393354E+00    0.401156406528600740E+10   -0.173696502966884282E+03
    0.312961445416438944E+00    0.432745034276598162E+00    0.407585527327571821E+10   -0.173692467573431657E+03
    0.321789417424872215E+00    0.523053201544570356E+00    0.401972578729545498E+10   -0.173690461666342287E+03
    0.307953743387196610E+00    0.431824018463757398E+00    0.410468363776794863E+10   -0.173669436871271898E+03
    0.331674862215405930E+00    0.402895287470288466E+00    0.399232364936458588E+10   -0.173669295428355838E+03
    0.331674862215405930E+00    0.402895287470288466E+00    0.399232364936458588E+10   -0.173669295428355838E+03
    0.294400465825672530E+00    0.623786691416505334E+00    0.422832439715926552E+10   -0.173661429723933622E+03
    0.294400465825672530E+00    0.623786691416505334E+00    0.422832439715926552E+10   -0.173661429723933622E+03
    0.295817249103983826E+00    0.443650228338974273E+00    0.422618547428547955E+10   -0.173628871406475412E+03
    0.295817249103983826E+00    0.443650228338974273E+00    0.422618547428547955E+10   -0.173628871406475412E+03
    0.332416378491118159E+00    0.486129102076107600E+00    0.399081302977872038E+10   -0.173618221446493322E+03
    0.302093102108582368E+00    0.459259935838201017E+00    0.415358466175935221E+10   -0.173615992234521457E+03
    0.339858400915093617E+00    0.465274559054702053E+00    0.395026310324815559E+10   -0.173606914136584010E+03
    0.339858400915093617E+00    0.465274559054702053E+00    0.395026310324815559E+10   -0.173606914136584010E+03
    0.305189199333019245E+00    0.460483197951258916E+00    0.416661529192412567E+10   -0.173603321796659372E+03
    0.329688819227297869E+00    0.602466933353461798E+00    0.397917878062729073E+10   -0.173580386869114932E+03
    0.349158070332748038E+00    0.545190836548307800E+00    0.387571529044394875E+10   -0.173574609853572298E+03
    0.349158070332748038E+00    0.545190836548307800E+00    0.387571529044394875E+10   -0.173574609853572298E+03
    0.326850490913117520E+00    0.625825358287755762E+00    0.398611034566346836E+10   -0.173561711178249681E+03
    0.326850490913117520E+00    0.625825358287755762E+00    0.398611034566346836E+10   -0.173561711178249681E+03
    0.330518862571752614E+00    0.477496970530779663E+00    0.396543663960504580E+10   -0.173554092709854530E+03
    0.321568726074210165E+00    0.519892449861567130E+00    0.406265242515749073E+10   -0.173547131185485313E+03
    0.297595732281101422E+00    0.498463807188576524E+00    0.419474743726045275E+10   -0.173493594179441061E+03
    0.298990965155168875E+00    0.484565692033207540E+00    0.418760091916922998E+10   -0.173491668097177978E+03
    0.330432078967561049E+00    0.571620215086639405E+00    0.398320526048851347E+10   -0.173485434703282181E+03
    0.362686192996545587E+00    0.606924044589922218E+00    0.380163046193397045E+10   -0.173482015629154404E+03
    0.345209331281470411E+00    0.547194651020719292E+00    0.389219299637915325E+10   -0.173478496857614232E+03
    0.297168043165358053E+00    0.496593126924032902E+00    0.420498805695934296E+10   -0.173462228456632715E+03
    0.339103950134658161E+00    0.518352804868031924E+00    0.393900176954683733E+10   -0.173458912381173889E+03
    0.316194937362009321E+00    0.480642685519603319E+00    0.406345950945956230E+10   -0.173440082953167263E+03
    0.310933052937425403E+00    0.516692622291463621E+00    0.410423332632927084E+10   -0.173412124932661527E+03
    0.301067797447804930E+00    0.458785979042090730E+00    0.419194797076054382E+10   -0.173393862104883311E+03
    0.300156520640771363E+00    0.524405286429008299E+00    0.417790953188243103E+10   -0.173356347114115266E+03
    0.347235134969736958E+00    0.558626824590549020E+00    0.389032203040892696E+10   -0.173336241208575586E+03
    0.318051522854604363E+00    0.528816000672399866E+00    0.404500976889370537E+10   -0.173333911674459415E+03
    0.318764368878733051E+00    0.530803147017472554E+00    0.403810138263471317E+10   -0.173323246375865438E+03
    0.307145047263876481E+00    0.437672092694395332E+00    0.412967455321671820E+10   -0.173309406337271156E+03
    0.339083107499229042E+00    0.502224647258630696E+00    0.394505153447742462E+10   -0.173297304752556215E+03
    0.320235465212350356E+00    0.501010137464350080E+00    0.405849896891881895E+10   -0.173285504685875111E+03
    0.314377324630544464E+00    0.455912501017653682E+00    0.406405767257091618E+10   -0.173284932932708102E+03
    0.320710491332539149E+00    0.534327138918406774E+00    0.403793593423902702E+10   -0.173270373966081820E+03
    0.341003516770603421E+00    0.518772688776982349E+00    0.393177541677821875E+10   -0.173254918570805984E+03
    0.341003516770603421E+00    0.518772688776982349E+00    0.393177541677821875E+10   -0.173254918570805984E+03
    0.324977526050001075E+00    0.477488970825639569E+00    0.400800704589128780E+10   -0.173240194544936344E+03
    0.324977526050001075E+00    0.477488970825639569E+00    0.400800704589128780E+10   -0.173240194544936344E+03
    0.308357472322054627E+00    0.452098110491398586E+00    0.413528378406259155E+10   -0.173235731137795824E+03
    0.301910299870063514E+00    0.396000765732576809E+00    0.415663248844468451E+10   -0.173232365239843659E+03
    0.312621704578054382E+00    0.629081209402073682E+00    0.409214244150141621E+10   -0.173229654371370259E+03
    0.324035826065650456E+00    0.432208090856258664E+00    0.404506311777105856E+10   -0.173226584582426767E+03
    0.324035826065650456E+00    0.432208090856258664E+00    0.404506311777105856E+10   -0.173226584582426767E+03
    0.314507816306811849E+00    0.536141840741077402E+00    0.407079151116185188E+10   -0.173226019462723485E+03
    0.322414625237671448E+00    0.520489945975626256E+00    0.401882901286667299E+10   -0.173216552874252386E+03
    0.322414625237671448E+00    0.520489945975626256E+00    0.401882901286667299E+10   -0.173216552874252386E+03
    0.305851630399982199E+00    0.482187560037687035E+00    0.415136014202583790E+10   -0.173215878540079132E+03
    0.305851630399982199E+00    0.482187560037687035E+00    0.415136014202583790E+10   -0.173215878540079132E+03
    0.327195202453655409E+00    0.578394128012906350E+00    0.399389010818613005E+10   -0.173207223520479033E+03
    0.307088848477710230E+00    0.470481860876162727E+00    0.415107078507248688E+10   -0.173188211988187419E+03
    0.328724438029621591E+00    0.479336980438363369E+00    0.400545119013498688E+10   -0.173180469158999017E+03
    0.328724438029621591E+00    0.479336980438363369E+00    0.400545119013498688E+10   -0.173180469158999017E+03
    0.327901800979567892E+00    0.482566208759948267E+00    0.401397908891538191E+10   -0.173157906727256233E+03
    0.327901800979567892E+00    0.482566208759948267E+00    0.401397908891538191E+10   -0.173157906727256233E+03
    0.321087938487867319E+00    0.492909581476752123E+00    0.405839869071933365E+10   -0.173151357253782692E+03
    0.321087938487867319E+00    0.492909581476752123E+00    0.405839869071933365E+10   -0.173151357253782692E+03
    0.319564174108667054E+00    0.472490256235818862E+00    0.403164011524400663E+10   -0.173147307014118212E+03
    0.306090044527602023E+00    0.476918456153976322E+00    0.414372034990611362E+10   -0.173145005591048516E+03
    0.334694002140168423E+00    0.514004251247063948E+00    0.395704787627928400E+10   -0.173140658047900899E+03
    0.329705177064161969E+00    0.584741649018408083E+00    0.399225083578846312E+10   -0.173134845571110446E+03
    0.329705177064161969E+00    0.584741649018408083E+00    0.399225083578846312E+10   -0.173134845571110446E+03
    0.326249913870047870E+00    0.509934520012020442E+00    0.400512559348949480E+10   -0.173128370725927027E+03
    0.320514489558901938E+00    0.440173041080660354E+00    0.408476901416653585E+10   -0.173099636786248595E+03
    0.338667376597240721E+00    0.571836795364998096E+00    0.395407138532753658E+10   -0.173097981980959219E+03
    0.303721823830109761E+00    0.495792850790756745E+00    0.414391770518976784E+10   -0.173094453980685842E+03
    0.303721823830109761E+00    0.495792850790756745E+00    0.414391770518976784E+10   -0.173094453980685842E+03
    0.334388930319602040E+00    0.592314721816327605E+00    0.395934031200978994E+10   -0.173078194711688013E+03
    0.334388930319602040E+00    0.592314721816327605E+00    0.395934031200978994E+10   -0.173078194711688013E+03
    0.324815578974815389E+00    0.514003711864813084E+00    0.400050415853917933E+10   -0.173066054339929451E+03
    0.313508962454051077E+00    0.538464587690059560E+00    0.408086464843138647E+10   -0.173049134297728585E+03
    0.329993183409091340E+00    0.470318264613494463E+00    0.398981517051030111E+10   -0.173031372777768723E+03
    0.329993183409091340E+00    0.470318264613494463E+00    0.398981517051030111E+10   -0.173031372777768723E+03
    0.325507111975071539E+00    0.529172629413444895E+00    0.404836653234716797E+10   -0.173023977712333306E+03
    0.337544297979859076E+00    0.523512172810775667E+00    0.396412022997665501E+10   -0.173006733669952638E+03
    0.319113972997934370E+00    0.577208327256368392E+00    0.404961245174036741E+10   -0.173001587454604902E+03
    0.315941987382364675E+00    0.559878425077783959E+00    0.407614949085814476E+10   -0.172979085413628724E+03
    0.323442343485852324E+00    0.535534961332276183E+00    0.402741364960053492E+10   -0.172949114206014826E+03
    0.323442343485852324E+00    0.535534961332276183E+00    0.402741364960053492E+10   -0.172949114206014826E+03
    0.345731281023236692E+00    0.489449163631688222E+00    0.388797523658894825E+10   -0.172948000361121728E+03
    0.303532500818967543E+00    0.505239935557508346E+00    0.415124536533596325E+10   -0.172940545692775686E+03
    0.333327699089295826E+00    0.520726143833204702E+00    0.399482036114236212E+10   -0.172933561099292319E+03
    0.303559758401237889E+00    0.502139636950904134E+00    0.417528896849596167E+10   -0.172932917778066837E+03
    0.360154885787838164E+00    0.620692117600558646E+00    0.381989394881628656E+10   -0.172924323752976306E+03
    0.333101820404992643E+00    0.527332906412443236E+00    0.399723511877409887E+10   -0.172913541383288901E+03
    0.328554815894186780E+00    0.491666637493814562E+00    0.400636592690631104E+10   -0.172887326687251630E+03
    0.328554815894186780E+00    0.491666637493814562E+00    0.400636592690631104E+10   -0.172887326687251630E+03
    0.317221770186878416E+00    0.552095071875847054E+00    0.405905404060151958E+10   -0.172873901920991784E+03
    0.317221770186878416E+00    0.552095071875847054E+00    0.405905404060151958E+10   -0.172873901920991784E+03
    0.319693827668579678E+00    0.524032766970975672E+00    0.405762916893213511E+10   -0.172855321077991732E+03
    0.326130072548644623E+00    0.482507179962416544E+00    0.401378678425559855E+10   -0.172850458727286082E+03
    0.304474015358225991E+00    0.567638590465284310E+00    0.415112478054056501E+10   -0.172838597797234911E+03
    0.306192061412621785E+00    0.501682040735627055E+00    0.413781670158222675E+10   -0.172827720950549804E+03
    0.333546645305971723E+00    0.473167757478929474E+00    0.399253549802764320E+10   -0.172822164711855464E+03
    0.333546645305971723E+00    0.473167757478929474E+00    0.399253549802764320E+10   -0.172822164711855464E+03
    0.312673523491638017E+00    0.616724340621315648E+00    0.409751291773827887E+10   -0.172818575183606782E+03
    0.312673523491638017E+00    0.616724340621315648E+00    0.409751291773827887E+10   -0.172818575183606782E+03
    0.306840436036643627E+00    0.540517296748356912E+00    0.413192879605845404E+10   -0.172813036687378684E+03
    0.305677312061536255E+00    0.465773742254702583E+00    0.415397433027426624E+10   -0.172807795704489649E+03
    0.338427776460919594E+00    0.474129069382593471E+00    0.394338100107879734E+10   -0.172807346586273496E+03
    0.318403444077923592E+00    0.484016316409139336E+00    0.404356823374174118E+10   -0.172793484828931440E+03
    0.318405044900169132E+00    0.496157468711800220E+00    0.404485497306897831E+10   -0.172780204939550799E+03
    0.343829323527509723E+00    0.508051909749834607E+00    0.391341470533958626E+10   -0.172775840521136445E+03
    0.343829323527509723E+00    0.508051909749834607E+00    0.391341470533958626E+10   -0.172775840521136445E+03
    0.327250312407632249E+00    0.554131625046142773E+00    0.401424439472499990E+10   -0.172772503293642472E+03
    0.327250312407632249E+00    0.554131625046142773E+00    0.401424439472499990E+10   -0.172772503293642472E+03
    0.307314979142761457E+00    0.499754704651319770E+00    0.414100398684024429E+10   -0.172746623877474121E+03
    0.319592149808425041E+00    0.553907761679848676E+00    0.403832652871815586E+10   -0.172738611702224887E+03
    0.321055335833410060E+00    0.547023675770912376E+00    0.404730626662668324E+10   -0.172733248122135080E+03
    0.317365353937338335E+00    0.485468086319809089E+00    0.407653896085337448E+10   -0.172725612772088169E+03
    0.317365353937338335E+00    0.485468086319809089E+00    0.407653896085337448E+10   -0.172725612772088169E+03
    0.318396300230916196E+00    0.482996742541210722E+00    0.405523602381799412E+10   -0.172723567209300995E+03
    0.318396300230916196E+00    0.482996742541210722E+00    0.405523602381799412E+10   -0.172723567209300995E+03
    0.333576768662121714E+00    0.502106815092322023E+00    0.396924397174157524E+10   -0.172687319210554335E+03
    0.326944156349204262E+00    0.576067693184365126E+00    0.400342662680778837E+10   -0.172685310132130780E+03
    0.326944156349204262E+00    0.576067693184365126E+00    0.400342662680778837E+10   -0.172685310132130780E+03
    0.327637820653595868E+00    0.479916133136487844E+00    0.400532943430993176E+10   -0.172676770100100242E+03
    0.327637820653595868E+00    0.479916133136487844E+00    0.400532943430993176E+10   -0.172676770100100242E+03
    0.324613313973842188E+00    0.500138028430148651E+00    0.404459822162170362E+10   -0.172650831700783471E+03
    0.324613313973842188E+00    0.500138028430148651E+00    0.404459822162170362E+10   -0.172650831700783471E+03
    0.315383775536596966E+00    0.460736652312114359E+00    0.407093848696952581E+10   -0.172642167656284670E+03
    0.325413483539978954E+00    0.509437034588898996E+00    0.400509796701524448E+10   -0.172626533396868808E+03
    0.325413483539978954E+00    0.509437034588898996E+00    0.400509796701524448E+10   -0.172626533396868808E+03
    0.323768094298645059E+00    0.538995950162071580E+00    0.404130806564037848E+10   -0.172611511788629343E+03
    0.323768094298645059E+00    0.538995950162071580E+00    0.404130806564037848E+10   -0.172611511788629343E+03
    0.336403626728235150E+00    0.531982002598212489E+00    0.395728835719957113E+10   -0.172606487870436496E+03
    0.332557323695554630E+00    0.499212449649920842E+00    0.398465744334337091E+10   -0.172601624936960548E+03
    0.332557323695554630E+00    0.499212449649920842E+00    0.398465744334337091E+10   -0.172601624936960548E+03
    0.341560483513837165E+00    0.470794269672440535E+00    0.395768966838156271E+10   -0.172589971606040308E+03
    0.341560483513837165E+00    0.470794269672440535E+00    0.395768966838156271E+10   -0.172589971606040308E+03
    0.328017599607079435E+00    0.462558560372382743E+00    0.402165024643213415E+10   -0.172585687246461703E+03
    0.316417045122929674E+00    0.585639341260208113E+00    0.406884509579162693E+10   -0.172582162569724289E+03
    0.329025209287461207E+00    0.494798542343747982E+00    0.401223475756138897E+10   -0.172581750455077668E+03
    0.318096900574760200E+00    0.494668290371231834E+00    0.407393794203158522E+10   -0.172580470210485373E+03
    0.313132093970871828E+00    0.531578282124341328E+00    0.409073845240929461E+10   -0.172577036852860289E+03
    0.329870163342845746E+00    0.584025679236271245E+00    0.398696850790129280E+10   -0.172557128974783552E+03
    0.329870163342845746E+00    0.584025679236271245E+00    0.398696850790129280E+10   -0.172557128974783552E+03
    0.327294483224696564E+00    0.479564391458474404E+00    0.400946158002884197E+10   -0.172547040755292642E+03
    0.344366983254209225E+00    0.478844968115319958E+00    0.390235129270858622E+10   -0.172541348467870137E+03
    0.317791695343713154E+00    0.547291879181553753E+00    0.405383563482615328E+10   -0.172538142889408846E+03
    0.329545050128041583E+00    0.463318457226730374E+00    0.399431332654809761E+10   -0.172537226546799559E+03
    0.347306117806007064E+00    0.500720641522551801E+00    0.389326238645496130E+10   -0.172523062034375954E+03
    0.348792293687088084E+00    0.495477381972555975E+00    0.387365275442158270E+10   -0.172509452817508929E+03
    0.316164902351110944E+00    0.553970232264390461E+00    0.407194700512470675E+10   -0.172503655651816700E+03
    0.305801569354064162E+00    0.615816421601110164E+00    0.414700251603177881E+10   -0.172480394699860199E+03
    0.305801569354064162E+00    0.615816421601110164E+00    0.414700251603177881E+10   -0.172480394699860199E+03
    0.327140290937987854E+00    0.454065423824484782E+00    0.400234908236671734E+10   -0.172472016675536395E+03
    0.327140290937987854E+00    0.454065423824484782E+00    0.400234908236671734E+10   -0.172472016675536395E+03
    0.339558321087214732E+00    0.476481096123711367E+00    0.393712058135774565E+10   -0.172468839267791424E+03
    0.330089848511907979E+00    0.550767512919584590E+00    0.399051850661965990E+10   -0.172464011504222782E+03
    0.353160511041211767E+00    0.538444558456234290E+00    0.385652202958613777E+10   -0.172453515162403278E+03
    0.353160511041211767E+00    0.538444558456234290E+00    0.385652202958613777E+10   -0.172453515162403278E+03
    0.319196760131046864E+00    0.430397516769577493E+00    0.406508738406726885E+10   -0.172447788800444187E+03
    0.310328120268651919E+00    0.602529224821896747E+00    0.411346417254733086E+10   -0.172430987312253080E+03
    0.326669476885083021E+00    0.496174051952376516E+00    0.400670039926953697E+10   -0.172423883594937223E+03
    0.328381225405251220E+00    0.457368966179320324E+00    0.400439727951853657E+10   -0.172418210741464179E+03
    0.334094624692507725E+00    0.516405566408138839E+00    0.398961989565029240E+10   -0.172410864905060293E+03
    0.336537417083477119E+00    0.514022129999329280E+00    0.393990218235776663E+10   -0.172406408355876380E+03
    0.330379260009636355E+00    0.460388344666636584E+00    0.399462145809293413E+10   -0.172378144610679044E+03
    0.324785648388072334E+00    0.483522527242977063E+00    0.401379548683892298E+10   -0.172376647581933923E+03
    0.332122044026984087E+00    0.537736985470436579E+00    0.399078141467725182E+10   -0.172374641662335307E+03
    0.315578025318512811E+00    0.540826103813740744E+00    0.406776206747603989E+10   -0.172373019929016209E+03
    0.331430902603954414E+00    0.580789931511828783E+00    0.397632716277615881E+10   -0.172359711795947419E+03
    0.331430902603954414E+00    0.580789931511828783E+00    0.397632716277615881E+10   -0.172359711795947419E+03
    0.316341182870656823E+00    0.511551252440270332E+00    0.406416231074386358E+10   -0.172352325164076888E+03
    0.323245232484508038E+00    0.559701661418374741E+00    0.403837946563029289E+10   -0.172349705017740291E+03
    0.316834951871412585E+00    0.538188268752152865E+00    0.406344062062124395E+10   -0.172342638604975548E+03
    0.322507065066710730E+00    0.552816223709575283E+00    0.404865919950151539E+10   -0.172340317555441061E+03
    0.326898693664379292E+00    0.533317536912008450E+00    0.400091251804025793E+10   -0.172337225068636400E+03
    0.327699406082481381E+00    0.531306509480099720E+00    0.399204274090562487E+10   -0.172330740774356229E+03
    0.323277868230794185E+00    0.487396790439538208E+00    0.403890344174931765E+10   -0.172330504642615040E+03
    0.323277868230794185E+00    0.487396790439538208E+00    0.403890344174931765E+10   -0.172330504642615040E+03
    0.323425879076958023E+00    0.434693696174985433E+00    0.404803531962794924E+10   -0.172318094482623053E+03
    0.345712048506193581E+00    0.474473993445457154E+00    0.391698646306069517E+10   -0.172303847101376675E+03
    0.330674377193728553E+00    0.530556430954236546E+00    0.399192094478211927E+10   -0.172291945262294576E+03
    0.330674377193728553E+00    0.530556430954236546E+00    0.399192094478211927E+10   -0.172291945262294576E+03
    0.341134380033241869E+00    0.524043742312738203E+00    0.393539273783955717E+10   -0.172287596869921401E+03
    0.329839926405057160E+00    0.490629083083593542E+00    0.400869919713345051E+10   -0.172280746124474803E+03
    0.333156992309079691E+00    0.494666144454038559E+00    0.397173431632986689E+10   -0.172262890203254642E+03
    0.339476947456459399E+00    0.514841807694937259E+00    0.393956923275329351E+10   -0.172249063065306103E+03
    0.338611211270795298E+00    0.512711102070493752E+00    0.396208615631757927E+10   -0.172243835796153576E+03
    0.332259099353052034E+00    0.487627348122213533E+00    0.398151552631618643E+10   -0.172227730817704298E+03
    0.333501388192155912E+00    0.510077978264902754E+00    0.397189873912588835E+10   -0.172225045236168228E+03
    0.317305511229915516E+00    0.537071278906935845E+00    0.405988928079222250E+10   -0.172210431318732560E+03
    0.320412825052658612E+00    0.482055067416522931E+00    0.404536699883784342E+10   -0.172208609288986906E+03
    0.329251546217303737E+00    0.519030394201994483E+00    0.398880832932187986E+10   -0.172204994440918028E+03
    0.339557621956458444E+00    0.510379089232690930E+00    0.393102069153784275E+10   -0.172204270409285641E+03
    0.324735844604099544E+00    0.510994907973515211E+00    0.402364341579049206E+10   -0.172188813854830556E+03
    0.324735844604099544E+00    0.510994907973515211E+00    0.402364341579049206E+10   -0.172188813854830556E+03
    0.314405427974381535E+00    0.470168797855524900E+00    0.408541287737163639E+10   -0.172185561064790988E+03
    0.331074400057783214E+00    0.474483766657327166E+00    0.400614966944179773E+10   -0.172182151849676956E+03
    0.325741427265820727E+00    0.513918122364842134E+00    0.402105775831173277E+10   -0.172174424415642164E+03
    0.334255308228394832E+00    0.468881720891094034E+00    0.398766868131223774E+10   -0.172170691585744805E+03
    0.313190688476907730E+00    0.578328150452417589E+00    0.409083601441627026E+10   -0.172164614217245685E+03
    0.323482883868142501E+00    0.546780727846364556E+00    0.404057847669614267E+10   -0.172161973990096499E+03
    0.318762776471926801E+00    0.504358487478810957E+00    0.405758635263748980E+10   -0.172156124424087352E+03
    0.324711016062674551E+00    0.563533457864108911E+00    0.401766920137959480E+10   -0.172153208691075292E+03
    0.325719209901702278E+00    0.567553845318309769E+00    0.402447277044166851E+10   -0.172126724475027459E+03
    0.332313392196177781E+00    0.522187601117430233E+00    0.398508280605578518E+10   -0.172110028496462377E+03
    0.316444017749579087E+00    0.504384759001672123E+00    0.406861942202609205E+10   -0.172101493487801889E+03
    0.324743014788695938E+00    0.513566672249062606E+00    0.402082704482294989E+10   -0.172097640224412089E+03
    0.324743014788695938E+00    0.513566672249062606E+00    0.402082704482294989E+10   -0.172097640224412089E+03
    0.328607189056175919E+00    0.524130234826913011E+00    0.400096011667075682E+10   -0.172089615535117446E+03
    0.327381779929147465E+00    0.494854831781040616E+00    0.402031298560137033E+10   -0.172080899144878117E+03
    0.315372880069361650E+00    0.474631051393398451E+00    0.407676613927809191E+10   -0.172077760672499522E+03
    0.313751198534688802E+00    0.547702606515020562E+00    0.408899997275665903E+10   -0.172074652079641282E+03
    0.319870529388180835E+00    0.510744511872236018E+00    0.405906412642014837E+10   -0.172071440843852571E+03
    0.319870529388180835E+00    0.510744511872236018E+00    0.405906412642014837E+10   -0.172071440843852571E+03
    0.321115881374499368E+00    0.526239863919261808E+00    0.404774302076024342E+10   -0.172065392287008962E+03
    0.321115881374499368E+00    0.526239863919261808E+00    0.404774302076024342E+10   -0.172065392287008962E+03
    0.329670854930031176E+00    0.531492601927666897E+00    0.399988971722598314E+10   -0.172046973225313934E+03
    0.326200441816813458E+00    0.468838708562831386E+00    0.400854495797631168E+10   -0.172031150436830501E+03
    0.319375326348700361E+00    0.504213091571587668E+00    0.405419120168731117E+10   -0.172026287458706861E+03
    0.326108626894642262E+00    0.521540709405224234E+00    0.401686333842563534E+10   -0.172022193546367475E+03
    0.329068273036869197E+00    0.513924472285136602E+00    0.400592231862565470E+10   -0.172018118247606196E+03
    0.343288464704244789E+00    0.565083162371690761E+00    0.393028372479809761E+10   -0.172012402039865293E+03
    0.343288464704244789E+00    0.565083162371690761E+00    0.393028372479809761E+10   -0.172012402039865293E+03
    0.341492089575465174E+00    0.520352670083820357E+00    0.393598362112715101E+10   -0.171964642906780512E+03
    0.341492089575465174E+00    0.520352670083820357E+00    0.393598362112715101E+10   -0.171964642906780512E+03
    0.322123028743843687E+00    0.501397110455329198E+00    0.403905480123296022E+10   -0.171963814860069988E+03
    0.322123028743843687E+00    0.501397110455329198E+00    0.403905480123296022E+10   -0.171963814860069988E+03
    0.326666137985310689E+00    0.493483962251310970E+00    0.401591397284909296E+10   -0.171960522469828561E+03
    0.327039139141835800E+00    0.475742919632192951E+00    0.401889010756349802E+10   -0.171939183240770745E+03
    0.351039207292964173E+00    0.497663522327883356E+00    0.387335430269060326E+10   -0.171929977941484424E+03
    0.351039207292964173E+00    0.497663522327883356E+00    0.387335430269060326E+10   -0.171929977941484424E+03
    0.317502800285923426E+00    0.456378477750789102E+00    0.406888636842815876E+10   -0.171918698557902673E+03
    0.326703336413111001E+00    0.546528129278687658E+00    0.402897886984549141E+10   -0.171918570154064525E+03
    0.318082600522463566E+00    0.471493388232225641E+00    0.406686671174564600E+10   -0.171914786987651297E+03
    0.319489971840213216E+00    0.521229052462906850E+00    0.405025757951472855E+10   -0.171898277940748699E+03
    0.326752205345322955E+00    0.494728803570804843E+00    0.401900755961724186E+10   -0.171896533713436327E+03
    0.343558572690087161E+00    0.533493404759781242E+00    0.391640136678071499E+10   -0.171891116887635519E+03
    0.326665876107903597E+00    0.489280216436112525E+00    0.400565309111356974E+10   -0.171882796709021818E+03
    0.350280624160002385E+00    0.494085243137721619E+00    0.388032115222617292E+10   -0.171875272090046394E+03
    0.350280624160002385E+00    0.494085243137721619E+00    0.388032115222617292E+10   -0.171875272090046394E+03
    0.325328399692474401E+00    0.560279764698867311E+00    0.401263775494686270E+10   -0.171874369853551855E+03
    0.321869712653580442E+00    0.517815773224620912E+00    0.404257757211111403E+10   -0.171871044870792502E+03
    0.323638852633526541E+00    0.576842613229160861E+00    0.402412780488081741E+10   -0.171862875307957523E+03
    0.318032135678409489E+00    0.505555645340084681E+00    0.406069964808304310E+10   -0.171854183687306204E+03
    0.318032135678409489E+00    0.505555645340084681E+00    0.406069964808304310E+10   -0.171854183687306204E+03
    0.321529794155062887E+00    0.522389403715802558E+00    0.403623733254318094E+10   -0.171850618088387023E+03
    0.328036806301274797E+00    0.494148895004775213E+00    0.400015005829831457E+10   -0.171846152210653031E+03
    0.324098508208267633E+00    0.546150305343820364E+00    0.402527593112741423E+10   -0.171843636879106782E+03
    0.337760173814704578E+00    0.541164545071154635E+00    0.395503293105040169E+10   -0.171841732466563741E+03
    0.322893005815367395E+00    0.553298178843030897E+00    0.403499255182228279E+10   -0.171834044982086311E+03
    0.324071043986358720E+00    0.511569029015168653E+00    0.403058323610786390E+10   -0.171833350393961808E+03
    0.320701015223354424E+00    0.499097545783289576E+00    0.405647206785803461E+10   -0.171809526848918154E+03
    0.326024642849110313E+00    0.553614446631883084E+00    0.400976652255359316E+10   -0.171798415814347408E+03
    0.326760989330557194E+00    0.499677635511243778E+00    0.401284175171408987E+10   -0.171797941042921991E+03
    0.330017155709598664E+00    0.574745386876255537E+00    0.398943359992900229E+10   -0.171795802851622199E+03
    0.320927473402231433E+00    0.536677690806840246E+00    0.405791256992851114E+10   -0.171789324033052878E+03
    0.342781201765443522E+00    0.533079766016175682E+00    0.392866992230433846E+10   -0.171787203925765425E+03
    0.323902456226386193E+00    0.575183579529563005E+00    0.402677153691021824E+10   -0.171785672200479098E+03
    0.327483862831720818E+00    0.493258410702182459E+00    0.400733259817298937E+10   -0.171783878112660091E+03
    0.321687212035009940E+00    0.545820369375643821E+00    0.404393929435130215E+10   -0.171782466236504121E+03
    0.333482701462002262E+00    0.522855563906832188E+00    0.398152400162078667E+10   -0.171780494900196800E+03
    0.340296286605229814E+00    0.574558760376028488E+00    0.393792294193945217E+10   -0.171780347255218231E+03
    0.326195541107211495E+00    0.574074110298298024E+00    0.401591591603913832E+10   -0.171764698240668508E+03
    0.323142988722740720E+00    0.554515903341215477E+00    0.403622189265095282E+10   -0.171763431921792403E+03
    0.318645097459265836E+00    0.503708784547590938E+00    0.406512418931544590E+10   -0.171749202261663356E+03
    0.325736606854822142E+00    0.473669549612514729E+00    0.403745753639518404E+10   -0.171745866532003390E+03
    0.336602162539095584E+00    0.510159778173770562E+00    0.395638368809884167E+10   -0.171727761917958219E+03
    0.314839424004675572E+00    0.520141051141189692E+00    0.408777728155492258E+10   -0.171720635708552891E+03
    0.342754866004344905E+00    0.570414954058453105E+00    0.393142859486756802E+10   -0.171706135602973831E+03
    0.330670526487558736E+00    0.532264888170825401E+00    0.399899348603050804E+10   -0.171706036186416981E+03
    0.324919005965268515E+00    0.440145568487182004E+00    0.403826157150092173E+10   -0.171701918676997309E+03
    0.317081629581820901E+00    0.498505816969343485E+00    0.407887342067425442E+10   -0.171687107180681238E+03
    0.323846301051032681E+00    0.550356698060944893E+00    0.403116681623492956E+10   -0.171678348016582731E+03
    0.318712148942358942E+00    0.506873149881201357E+00    0.406531292424818563E+10   -0.171665180390944528E+03
    0.320996021910519402E+00    0.485318376236453020E+00    0.405645791691677570E+10   -0.171661637080971730E+03
    0.326637866107761188E+00    0.518478290591282587E+00    0.400716452495848942E+10   -0.171654628273444189E+03
    0.343817978594901208E+00    0.570302215124296907E+00    0.391633877202854681E+10   -0.171654619281538316E+03
    0.336815892818274287E+00    0.538251347689138626E+00    0.396359069277293491E+10   -0.171652779419432079E+03
    0.316608899848675684E+00    0.521921325759862498E+00    0.407865208172199106E+10   -0.171651187556806718E+03
    0.327316151754112661E+00    0.515952770097289459E+00    0.402448022203497648E+10   -0.171645759630263285E+03
    0.319629298941369711E+00    0.501390014165536968E+00    0.406167535358951902E+10   -0.171645746356740460E+03
    0.328717865381248697E+00    0.578887353769061974E+00    0.400003208411397028E+10   -0.171642390200360637E+03
    0.332267902018078543E+00    0.534793147797593349E+00    0.398487171158791399E+10   -0.171611213304965872E+03
    0.339280016385783978E+00    0.547441911032933604E+00    0.394322205661777449E+10   -0.171600524809452907E+03
    0.323034794331044650E+00    0.521393484359260029E+00    0.404761281024974775E+10   -0.171598121853481331E+03
    0.326971125557637465E+00    0.495840642961633549E+00    0.402170073556555080E+10   -0.171591278827088871E+03
    0.333448047429269590E+00    0.515164533094562671E+00    0.397852134419337797E+10   -0.171590498447523487E+03
    0.339044483093389137E+00    0.559740708565124478E+00    0.395050228600674057E+10   -0.171589844943497667E+03
    0.343926138955927996E+00    0.574580834979567356E+00    0.391457986477115202E+10   -0.171583927508721644E+03
    0.322982869255009630E+00    0.570095621871100633E+00    0.403208918731125307E+10   -0.171575393847420116E+03
    0.324095707074053940E+00    0.543836062902052220E+00    0.405289753317886543E+10   -0.171572288707449559E+03
    0.339203732399285196E+00    0.570108090006581136E+00    0.394807322503886557E+10   -0.171568913419327458E+03
    0.324985790302981636E+00    0.532160596857870871E+00    0.402521864497712660E+10   -0.171549534245537444E+03
    0.328387285499000425E+00    0.559509432022121445E+00    0.399957367604757881E+10   -0.171522847287590992E+03
    0.324269204935535293E+00    0.450771448070213410E+00    0.405867375719767666E+10   -0.171522195983945835E+03
    0.339916317855058603E+00    0.552526184180328173E+00    0.395544680589268684E+10   -0.171516379708574277E+03
    0.326352352562342185E+00    0.516108503498992732E+00    0.402520792381864786E+10   -0.171510171766866449E+03
    0.340586020893529795E+00    0.566492652325292667E+00    0.393285398260360003E+10   -0.171507672823170935E+03
    0.325299797085629394E+00    0.479741057562410589E+00    0.401686597345904350E+10   -0.171492149951654596E+03
    0.344349023232755069E+00    0.444939309763539015E+00    0.390511511592308283E+10   -0.171478313028874339E+03
    0.336156420034740167E+00    0.495708970841308272E+00    0.396165867374581671E+10   -0.171475238960093691E+03
    0.340654611566101106E+00    0.560000199902688678E+00    0.394831858228223896E+10   -0.171474680111454234E+03
    0.337963824638989330E+00    0.510532272139839094E+00    0.395882052053108406E+10   -0.171474461314819621E+03
    0.337372670380162942E+00    0.521380881746322800E+00    0.395565131081213951E+10   -0.171471671501865444E+03
    0.331653777605803779E+00    0.464577093475675440E+00    0.398608868427136230E+10   -0.171454349873584761E+03
    0.342154400823788007E+00    0.476616584752685313E+00    0.392333888051622820E+10   -0.171447766526503756E+03
    0.320182068899703576E+00    0.513719012195920754E+00    0.406120530801857948E+10   -0.171446962537480886E+03
    0.327033893326783787E+00    0.486399186129888861E+00    0.401695355960697556E+10   -0.171444107103449284E+03
    0.318751562711206415E+00    0.504479506603008332E+00    0.406974944741722822E+10   -0.171433697460794178E+03
    0.337372943301875949E+00    0.511352782688820895E+00    0.395252975948426580E+10   -0.171428540221058768E+03
    0.317275542340979932E+00    0.485562801011161227E+00    0.407502119053130817E+10   -0.171427430261158690E+03
    0.325801452619238263E+00    0.563699239792050832E+00    0.402644884314048576E+10   -0.171426156943226374E+03
    0.328454864287209269E+00    0.514498917119901478E+00    0.401285162219326591E+10   -0.171418939883416527E+03
    0.341534585833544346E+00    0.519605421772265430E+00    0.392900595009005642E+10   -0.171401785213873552E+03
    0.317189694538110356E+00    0.493668003087186946E+00    0.407599662548519945E+10   -0.171399102842432967E+03
    0.318329107861036853E+00    0.507149844201144617E+00    0.407075541164376497E+10   -0.171392853153154249E+03
    0.325622807499967692E+00    0.500761887102568082E+00    0.402040364630444860E+10   -0.171392737331190034E+03
    0.333535829507350612E+00    0.527060267079416889E+00    0.400389183663515377E+10   -0.171386923108294980E+03
    0.337420495040148039E+00    0.503153958900332654E+00    0.396304376454185629E+10   -0.171382638694514867E+03
    0.322204704717050816E+00    0.513105402098359420E+00    0.404724394133646202E+10   -0.171363367260062148E+03
    0.324461929214804601E+00    0.463064910868540736E+00    0.404486131979287529E+10   -0.171340777347497010E+03
    0.328063031653518411E+00    0.552498006624816185E+00    0.400281406087913513E+10   -0.171314691231834587E+03
    0.331687281112090337E+00    0.527748057146016691E+00    0.399513447938633776E+10   -0.171312341371969978E+03
    0.319254025959507026E+00    0.515662137434727441E+00    0.406436542580739021E+10   -0.171304350213312489E+03
    0.340364758915625620E+00    0.563521226573415746E+00    0.393889570396992588E+10   -0.171291399957962767E+03
    0.336508237456195847E+00    0.494143065874725451E+00    0.396729624192808247E+10   -0.171288468219100764E+03
    0.325402068300750469E+00    0.573198960944779401E+00    0.402555486200991583E+10   -0.171279564478478648E+03
    0.323946901162845080E+00    0.510944656214537218E+00    0.403693489296090555E+10   -0.171276747041066216E+03
    0.327912123640766051E+00    0.577468050191161097E+00    0.400223423503108692E+10   -0.171275714245299241E+03
    0.323856585087290594E+00    0.538316618854119966E+00    0.404641180328646946E+10   -0.171266451407821535E+03
    0.340542401073677281E+00    0.547052289370888900E+00    0.394743231055281067E+10   -0.171259569465453382E+03
    0.327488314170182926E+00    0.530863932999023902E+00    0.400710463687872934E+10   -0.171257379029540346E+03
    0.338079805132935396E+00    0.497952093352429515E+00    0.395976382628773022E+10   -0.171256058564187242E+03
    0.339703480498286858E+00    0.547312154007093099E+00    0.394862139070405245E+10   -0.171252875461473025E+03
    0.320806133832137852E+00    0.495812427668568034E+00    0.405629057078324795E+10   -0.171248242685334901E+03
    0.326741982857402580E+00    0.530247007837445494E+00    0.401544644087490702E+10   -0.171227740274368159E+03
    0.321838489794961102E+00    0.523013001173811887E+00    0.404956621285898447E+10   -0.171227425204758617E+03
    0.331000450125750079E+00    0.469272877340484840E+00    0.399032859803055620E+10   -0.171224214878010002E+03
    0.328948348725335848E+00    0.586996241316739997E+00    0.399879177318452263E+10   -0.171222674128035635E+03
    0.341983271268437750E+00    0.546604296997692529E+00    0.392399514460886383E+10   -0.171197042725197747E+03
    0.328013964694068350E+00    0.491775968596162016E+00    0.401470072505129766E+10   -0.171195751070405493E+03
    0.325222173150598204E+00    0.576574835419094711E+00    0.402704310681727648E+10   -0.171192342407058732E+03
    0.327802042091889789E+00    0.555315390632507899E+00    0.400807846386291981E+10   -0.171180156482774152E+03
    0.324950262609305818E+00    0.551260585314349072E+00    0.403717651455874968E+10   -0.171176949842120393E+03
    0.331300005698368705E+00    0.517427034629228899E+00    0.399744484694854784E+10   -0.171171705662380191E+03
    0.335939723669575863E+00    0.518524537615775216E+00    0.395553809434382534E+10   -0.171160406843717624E+03
    0.320932679017475908E+00    0.497731879008323830E+00    0.405332444498660469E+10   -0.171159391935004408E+03
    0.331003329046008821E+00    0.498962846437123630E+00    0.400109741158266306E+10   -0.171157430464136326E+03
    0.340392941630302870E+00    0.516946404028066908E+00    0.394938403779285049E+10   -0.171156289151223376E+03
    0.326592666189818304E+00    0.495399663086288911E+00    0.401612545744923687E+10   -0.171155179628847435E+03
    0.331317898825233881E+00    0.468904922821540282E+00    0.400501945934888220E+10   -0.171150463769356151E+03
    0.323111550543840054E+00    0.502056763961576280E+00    0.404713363237579393E+10   -0.171135854630146071E+03
    0.330819514885799248E+00    0.466608446057660942E+00    0.399784044736019182E+10   -0.171096909300717130E+03
    0.328207010896718887E+00    0.562191747744078540E+00    0.401127392844047356E+10   -0.171086275211066123E+03
    0.339587203130140236E+00    0.541479318062904724E+00    0.395038762357488012E+10   -0.171064361005047743E+03
    0.329357551026703388E+00    0.502523944740428163E+00    0.401172090343895197E+10   -0.171064345846694778E+03
    0.323524815865128323E+00    0.513298036799481494E+00    0.404280929303072119E+10   -0.171061341911449489E+03
    0.333296714836032404E+00    0.518866368194544236E+00    0.400494207101425409E+10   -0.171043963139767357E+03
    0.339550780308983502E+00    0.536019919668040856E+00    0.395127761919691849E+10   -0.171029051201741083E+03
    0.323243288369562232E+00    0.547422676717285839E+00    0.404679094056929970E+10   -0.171027208198433243E+03
    0.339925188645135212E+00    0.560558174188198421E+00    0.394775417870647812E+10   -0.171023332913530226E+03
    0.326420988774105247E+00    0.481075655184955764E+00    0.403176440672553968E+10   -0.171023032396189194E+03
    0.323566975572440685E+00    0.528563971922276110E+00    0.403976478321224070E+10   -0.171004039768245832E+03
    0.338114731662625456E+00    0.511320819013210581E+00    0.394573459213727903E+10   -0.170987866375660531E+03
    0.329026820564381151E+00    0.485885263468624373E+00    0.401530677308914709E+10   -0.170983113768475960E+03
    0.321099794430892316E+00    0.467416722883619684E+00    0.405961444184273338E+10   -0.170945689281167546E+03
    0.330996299353155055E+00    0.477450200460651786E+00    0.400941071708753538E+10   -0.170943089728207894E+03
    0.335409155617312937E+00    0.523425584906934915E+00    0.398980991365732384E+10   -0.170940860896813206E+03
    0.327203979298173464E+00    0.511174127012608892E+00    0.401933305538888550E+10   -0.170934064637066939E+03
    0.325146191664235085E+00    0.453152646669103376E+00    0.402706866803989649E+10   -0.170933627800330214E+03
    0.337486157581139812E+00    0.525295581820993007E+00    0.395533001919690037E+10   -0.170928213370402148E+03
    0.322507032498661972E+00    0.551998741810038496E+00    0.405390391001024485E+10   -0.170921955946795492E+03
    0.340295756790682746E+00    0.508028171814910223E+00    0.393870122047916174E+10   -0.170917972135156191E+03
    0.335595434001453030E+00    0.522372596206903239E+00    0.396181268693811989E+10   -0.170914463835122859E+03
    0.338023924030586842E+00    0.530953554464808519E+00    0.395121039017493629E+10   -0.170902374724414983E+03
    0.325311882823871190E+00    0.488249339242099012E+00    0.404370468072773409E+10   -0.170900032918091028E+03
    0.326213891258679611E+00    0.525135903670053139E+00    0.402500319872771692E+10   -0.170896534495258209E+03
    0.338916313672667002E+00    0.570910333500361133E+00    0.394575135581885481E+10   -0.170895793829605481E+03
    0.333250072133955966E+00    0.523070215173317976E+00    0.400477948630935478E+10   -0.170892448139585724E+03
    0.339889234095568593E+00    0.518695839808547277E+00    0.394708145437373114E+10   -0.170890338958199720E+03
    0.323551909042109620E+00    0.491935661544912861E+00    0.404492064234524155E+10   -0.170882821662643096E+03
    0.321606829938528849E+00    0.486630777310228524E+00    0.405433669980753374E+10   -0.170882195040157342E+03
    0.326099601727773858E+00    0.490125061591246691E+00    0.402243784983972263E+10   -0.170880697705185810E+03
    0.328604238931605952E+00    0.482918931428322651E+00    0.401724069033029938E+10   -0.170385360432940644E+03
    0.328688673033457446E+00    0.497339490475859236E+00    0.401058842701418877E+10   -0.170500631255669845E+03
    0.330174290451661856E+00    0.493981815366881349E+00    0.401192774804857874E+10   -0.170832309671975679E+03
    0.329278831418916784E+00    0.487429923509708374E+00    0.400904349840666342E+10   -0.170557965265051678E+03
    0.330579621097867815E+00    0.481252020986076445E+00    0.401351472485165596E+10   -0.170426676717758511E+03
    0.329262467830317596E+00    0.481080750824764536E+00    0.401449543820373821E+10   -0.170566939167915535E+03
    0.330946098642510678E+00    0.508597986718351436E+00    0.400282852087216139E+10   -0.170429393592458837E+03
    0.330362746445193978E+00    0.504675299644862463E+00    0.400521790071618462E+10   -0.170373599852967857E+03
    0.330013885746807678E+00    0.497977599523709458E+00    0.400925879205868244E+10   -0.170669128126965632E+03
    0.331480137727672819E+00    0.509469764856135043E+00    0.400656548356884384E+10   -0.169988546994000558E+03
    0.330301474799258921E+00    0.496847742913784529E+00    0.400955087285883856E+10   -0.170367924291673773E+03
    0.330512013945485406E+00    0.519981270283276231E+00    0.399603925256273508E+10   -0.170857310639397667E+03
    0.333024781996613395E+00    0.527233126970914512E+00    0.399462861864452267E+10   -0.170684419664136982E+03
    0.330857569577621191E+00    0.469668021449232143E+00    0.399587834749396276E+10   -0.170412947113371672E+03
    0.331051930093594071E+00    0.466315201919901057E+00    0.400552137397869492E+10   -0.170414866998200210E+03
    0.330740249109693074E+00    0.468932279711646416E+00    0.400204281164615917E+10   -0.170742935406949783E+03
    0.324146737491262327E+00    0.450229054648595195E+00    0.403923044537693310E+10   -0.170838201818165828E+03
    0.322052077956050009E+00    0.496714843374725490E+00    0.405130416153465462E+10   -0.170830758231202026E+03
    0.323034289249242101E+00    0.476612614897423015E+00    0.405059247984777498E+10   -0.170805799204045229E+03
    0.326670815215459154E+00    0.482766603911555237E+00    0.403942181881824541E+10   -0.170312687624347689E+03
    0.325953539763344236E+00    0.488278797993435987E+00    0.404195865172862911E+10   -0.170478660307069219E+03
    0.325675843349621519E+00    0.490138230835459154E+00    0.403966917728879547E+10   -0.170485533904184365E+03
    0.326745301188083925E+00    0.483553032132530092E+00    0.403018668561775684E+10   -0.170344825030332714E+03
    0.326604345532647333E+00    0.492628588374511622E+00    0.401894881505404711E+10   -0.170854401307520959E+03
    0.328252296370444008E+00    0.516814153842670265E+00    0.401918324292826319E+10   -0.170515688205571649E+03
    0.328172816521924315E+00    0.518341580891988229E+00    0.401958596946502399E+10   -0.170465732504470765E+03
    0.328436359853867488E+00    0.521865403727506560E+00    0.401260434008433104E+10   -0.170541835900395569E+03
    0.327884590875620829E+00    0.523135878160951862E+00    0.402394063743171120E+10   -0.170837371613946630E+03
    0.328986954212368843E+00    0.516395225519008960E+00    0.401432443555677795E+10   -0.170702372324258079E+03
    0.328406203393908414E+00    0.502987574034932550E+00    0.401412021532610369E+10   -0.170584050978575476E+03
    0.327396966946899681E+00    0.520610355961029114E+00    0.402222134106725025E+10   -0.170530079702717330E+03
    0.327274248943126234E+00    0.529501198118985883E+00    0.402245990602393579E+10   -0.170606408756626053E+03
    0.329015174848668934E+00    0.519351149087871278E+00    0.401821541964830446E+10   -0.170481712196247770E+03
    0.327554654159419201E+00    0.504549871444355702E+00    0.402039911592695618E+10   -0.170499151881919488E+03
    0.327392822344186762E+00    0.509104223736150274E+00    0.402659788895090914E+10   -0.170654947113081050E+03
    0.332587457215281268E+00    0.518779791033667337E+00    0.400523873330280018E+10   -0.170513354279129373E+03
    0.333020326055781579E+00    0.507287926832361791E+00    0.399662730011825991E+10   -0.170551031836572292E+03
    0.332981460695519593E+00    0.521412097745194814E+00    0.400652725448049545E+10   -0.169822653021659278E+03
    0.332981460695519593E+00    0.521412097745194814E+00    0.400652725448049545E+10   -0.169822653021659278E+03
    0.323532679844632354E+00    0.543619759678852787E+00    0.404774013061844683E+10   -0.170667243336726415E+03
    0.328789739789357605E+00    0.559885323469993423E+00    0.401166204670035219E+10   -0.170751358229449750E+03
    0.326875702475722396E+00    0.555843209397156812E+00    0.401796545323906136E+10   -0.170755558124856407E+03
    0.328241950872045718E+00    0.561900246233236089E+00    0.401689254035890627E+10   -0.170425500946856346E+03
    0.328927158705016487E+00    0.555846951019018931E+00    0.400983182035100603E+10   -0.170418797207597777E+03
    0.338502109189886269E+00    0.565633746969689710E+00    0.395600743645078850E+10   -0.170351716454467550E+03
    0.336831060850131814E+00    0.562019694180410312E+00    0.396181409846379662E+10   -0.170533118038570194E+03
    0.339121858287064259E+00    0.565253804423850426E+00    0.395488010953210402E+10   -0.170671741621958120E+03
    0.338450048909335388E+00    0.565060255085015228E+00    0.395488774052905083E+10   -0.170784633003921215E+03
    0.339799942219929207E+00    0.571262474646092144E+00    0.394762523281637764E+10   -0.170686659790235495E+03
    0.341479675129570226E+00    0.570950354851646580E+00    0.394371705836512327E+10   -0.169818398683437579E+03
    0.340934498491076599E+00    0.572768039412643759E+00    0.393893076723075914E+10   -0.170473278900524605E+03
    0.339919814295975842E+00    0.566761913431374609E+00    0.394971237273875475E+10   -0.170558467718727627E+03
    0.338609415281633908E+00    0.551625173859198625E+00    0.395067418032091808E+10   -0.170624540212607769E+03
    0.339733252985226608E+00    0.545549809595479829E+00    0.395383547590461826E+10   -0.169434262645575558E+03
    0.339733252985226608E+00    0.545549809595479829E+00    0.395383547590461826E+10   -0.169434262645575558E+03
    0.339733252985226608E+00    0.545549809595479829E+00    0.395383547590461826E+10   -0.169434262645575558E+03
    0.340777461338102994E+00    0.556189235745792487E+00    0.394314603042966223E+10   -0.170772279022571126E+03
    0.339501774557542602E+00    0.546826075275323120E+00    0.395255505194660902E+10   -0.170747296913179810E+03
    0.340818119987442603E+00    0.558745793496381538E+00    0.394072410705465651E+10   -0.170120590109041814E+03
    0.340818119987442603E+00    0.558745793496381538E+00    0.394072410705465651E+10   -0.170120590109041814E+03
    0.336619663068839003E+00    0.528650315501570489E+00    0.395623013948619652E+10   -0.170685674783730065E+03
    0.337079875815443686E+00    0.538602416905664683E+00    0.396022397789470482E+10   -0.170458180125908314E+03
    0.340508096112965342E+00    0.517150288628247523E+00    0.394150332172701406E+10   -0.170285640161617948E+03
    0.340378987252846099E+00    0.517366879480290365E+00    0.394524958174611139E+10   -0.170596551871150211E+03
    0.340357576814407869E+00    0.517947438115815117E+00    0.394455589381496239E+10   -0.170246514158654776E+03
    0.340091744286739106E+00    0.543646187935379999E+00    0.394886558642300415E+10   -0.170494108494165346E+03
    0.337897615748001923E+00    0.541538532840133868E+00    0.395513682693162870E+10   -0.170402966100936197E+03
    0.337651073820067926E+00    0.536516498362818339E+00    0.395240907774575996E+10   -0.170639575575994826E+03
    0.336350160359854655E+00    0.539939756804814763E+00    0.395851544714082336E+10   -0.170639370198611800E+03
    0.338712746869310855E+00    0.531390590444100752E+00    0.396988814694000816E+10   -0.170117872771338625E+03
    0.338712746869310855E+00    0.531390590444100752E+00    0.396988814694000816E+10   -0.170117872771338625E+03
    0.337866746155227604E+00    0.536275760213023034E+00    0.395646313489859772E+10   -0.170590895462170039E+03
    0.339855858229915042E+00    0.522052499198595754E+00    0.395698345560652828E+10   -0.170534626516854473E+03
    0.338521042258709437E+00    0.512759837560640364E+00    0.395214799289113474E+10   -0.170687213680975901E+03
    0.338242715863442123E+00    0.517397878912724707E+00    0.396279658314390373E+10   -0.170689547429078402E+03
    0.339665119573912655E+00    0.521247479446332207E+00    0.395573443666397667E+10   -0.169946837714894343E+03
    0.339665119573912655E+00    0.521247479446332207E+00    0.395573443666397667E+10   -0.169946837714894343E+03
    0.341802087695813106E+00    0.517054430861538350E+00    0.393401721892916775E+10   -0.170315508477974561E+03
    0.341756570156225736E+00    0.535847314889190685E+00    0.392497915003840780E+10   -0.170878132347617452E+03
    0.342295943947152015E+00    0.529028257683471281E+00    0.392965102760160971E+10   -0.170785703664290196E+03
    0.333214932381345696E+00    0.531656788138114678E+00    0.397978731188062382E+10   -0.170573482843932766E+03
    0.332985712480947660E+00    0.532860595960439554E+00    0.399041006778944254E+10   -0.170555623535674528E+03
    0.333837736549619679E+00    0.557484135091673494E+00    0.401380222565201044E+10   -0.169568045029581015E+03
    0.333837736549619679E+00    0.557484135091673494E+00    0.401380222565201044E+10   -0.169568045029581015E+03
    0.334358456885885613E+00    0.527073294842361761E+00    0.399289518289191961E+10   -0.170408461711850293E+03
    0.333995244576744676E+00    0.520767482184218977E+00    0.399508579036934710E+10   -0.170046578828780696E+03
    0.334865418619150257E+00    0.528301250701444403E+00    0.399396498412101698E+10   -0.169982790033759528E+03
    0.334865418619150257E+00    0.528301250701444403E+00    0.399396498412101698E+10   -0.169982790033759528E+03
    0.336171859359144953E+00    0.527279080871135619E+00    0.399271075117928362E+10   -0.170101983543936257E+03
    0.336171859359144953E+00    0.527279080871135619E+00    0.399271075117928362E+10   -0.170101983543936257E+03
    0.336121218135020994E+00    0.522278360537519859E+00    0.398872806882528257E+10   -0.170628003614243966E+03
    0.334658139865248949E+00    0.528233980028005590E+00    0.399042192984266853E+10   -0.169702981219975129E+03
    0.334658139865248949E+00    0.528233980028005590E+00    0.399042192984266853E+10   -0.169702981219975129E+03
    0.336380114654841855E+00    0.530332357406708255E+00    0.397582802674164200E+10   -0.170057318781920486E+03
    0.335648556265917608E+00    0.528894636403808960E+00    0.398411357080033493E+10   -0.170310500960627763E+03
    0.335648556265917608E+00    0.528894636403808960E+00    0.398411357080033493E+10   -0.170310500960627763E+03
