    0.705285412675528578E+00    0.794945919941446810E+00    0.201536300795217538E+10    0.325670686186379986E+06   -0.131437549530096135E+03
    0.703202107047612879E+00    0.772525230381061689E+00    0.200314216090117168E+10    0.373175548720240651E+06   -0.127536873647427456E+03
    0.673842162447255810E+00    0.721239734434659940E+00    0.200328408827409005E+10    0.357747110764272220E+06   -0.127235966678497135E+03
    0.723285601893954855E+00    0.761393277565537208E+00    0.199729000881109238E+10    0.340830071214872820E+06   -0.127230148112947305E+03
    0.647356611147729910E+00    0.787287016441844845E+00    0.203799150209838390E+10    0.388722153372081346E+06   -0.127215166750042357E+03
    0.711830214940418982E+00    0.787870032506434281E+00    0.199606824706526804E+10    0.376710176092731475E+06   -0.127171248638094937E+03
    0.706220251716302649E+00    0.718395588353050840E+00    0.199885627411468244E+10    0.373078480264439888E+06   -0.127067098317450046E+03
    0.708526708511415970E+00    0.749970267222978215E+00    0.201791166489107990E+10    0.343270903208479576E+06   -0.127063212128301174E+03
    0.709242403475501604E+00    0.786488858288094228E+00    0.197667484476205397E+10    0.355260219311194494E+06   -0.126913341415816163E+03
    0.688930624321442586E+00    0.745698472389292544E+00    0.200020903177369642E+10    0.349278592075442954E+06   -0.126815598567052405E+03
    0.749093620725073128E+00    0.805043022250328200E+00    0.196010119797710729E+10    0.353604636113806977E+06   -0.126710163119179157E+03
    0.744924297156381310E+00    0.759113113035998488E+00    0.197022915489453244E+10    0.351486455005506810E+06   -0.126464395359536525E+03
    0.625702344858188098E+00    0.759844538606874398E+00    0.203041565271860170E+10    0.358277640130962653E+06   -0.126296977191952323E+03
    0.729924512131630898E+00    0.770200293835927141E+00    0.204885641168191385E+10    0.338062099842906231E+06   -0.126260483103469795E+03
    0.746710058320686043E+00    0.743325508856391703E+00    0.196856882430667520E+10    0.363338794474599476E+06   -0.126178835845754890E+03
    0.646397883843265908E+00    0.762544145414232322E+00    0.200127121866216946E+10    0.385049738996261847E+06   -0.125892196701755154E+03
    0.652191125606380373E+00    0.794478538754654906E+00    0.205491709263627839E+10    0.352777909932971175E+06   -0.125853637755578561E+03
    0.639913899849705148E+00    0.779759687098408261E+00    0.198742714473626065E+10    0.392153313443552062E+06   -0.125820853287280016E+03
    0.614931845031629232E+00    0.758746516128677495E+00    0.202602046289798927E+10    0.372340142783701711E+06   -0.125784115054188675E+03
    0.648847846227819658E+00    0.750514392688980347E+00    0.202130531158535814E+10    0.365289226853000815E+06   -0.125725835514372903E+03
    0.727836533666707863E+00    0.768087707719134816E+00    0.198223077995943928E+10    0.367171906301109586E+06   -0.125719853206807130E+03
    0.703521402505973614E+00    0.742867992172312697E+00    0.197742982816728663E+10    0.337891248486069671E+06   -0.125631742805099577E+03
    0.701650080872425974E+00    0.775641234443057659E+00    0.198497007073962736E+10    0.334603697437168856E+06   -0.125602431494080207E+03
    0.747002173031868111E+00    0.747644057095201653E+00    0.194622372897636318E+10    0.346714261932794878E+06   -0.125551202286784644E+03
    0.736370704900949580E+00    0.759308109614273086E+00    0.195586269546951079E+10    0.357497527335721359E+06   -0.125542716131007950E+03
    0.650425047980606519E+00    0.746187138056963128E+00    0.204775999127380824E+10    0.387896171433664800E+06   -0.125542395237100493E+03
    0.644653034613798748E+00    0.754899700619234615E+00    0.205343815929450774E+10    0.339115081256492413E+06   -0.125525475829400705E+03
    0.653272557695646738E+00    0.804656296364778090E+00    0.202713619529022336E+10    0.379687498916580691E+06   -0.125507834987136860E+03
    0.636353714969005058E+00    0.730191067653088499E+00    0.204139878419680762E+10    0.351423124033506436E+06   -0.125502864319413348E+03
    0.619664075425931271E+00    0.765191032124989956E+00    0.200511742199039817E+10    0.376146027558294241E+06   -0.125465388737658600E+03
    0.671329854920145741E+00    0.776324170916682377E+00    0.198593774764891171E+10    0.360840875624878623E+06   -0.125446616952827227E+03
    0.710039844833121214E+00    0.759782203082535634E+00    0.195880455823141360E+10    0.364151196668111661E+06   -0.125228970716077455E+03
    0.722748547656348217E+00    0.743034815293838857E+00    0.196019298972120786E+10    0.366932792565090174E+06   -0.125213404771576251E+03
    0.712062544865627256E+00    0.719634931877970452E+00    0.199064889446240520E+10    0.376832287835365278E+06   -0.125067957634494690E+03
    0.739753110986241191E+00    0.757254281047640365E+00    0.194476705230951118E+10    0.348960122508300235E+06   -0.125062646128562093E+03
    0.733405790340359798E+00    0.763310297742811450E+00    0.198105350547657871E+10    0.371627678445500322E+06   -0.124995120582452870E+03
    0.728038815029797393E+00    0.738310602422823870E+00    0.197219870923328304E+10    0.338514912600031239E+06   -0.124959293543191762E+03
    0.615948685643250005E+00    0.764042327585592762E+00    0.199947557916422248E+10    0.391913594167921867E+06   -0.124952398118180867E+03
    0.727910751071384143E+00    0.776836435033832373E+00    0.199735637652445221E+10    0.359433792438965698E+06   -0.124935462867352314E+03
    0.635184792136238685E+00    0.753752169436251673E+00    0.206390450031883240E+10    0.357888377016857907E+06   -0.124924254096371271E+03
    0.715589905674778759E+00    0.702776052461879353E+00    0.198248238927998137E+10    0.352944811771271634E+06   -0.124896271628024621E+03
    0.721765849062710685E+00    0.793404538440454221E+00    0.198453102454733443E+10    0.342970844317590876E+06   -0.124891571733927705E+03
    0.650252032856558748E+00    0.739037144372681087E+00    0.204997021464670062E+10    0.368307722820399154E+06   -0.124857179161597145E+03
    0.634907991969029140E+00    0.737208871174818370E+00    0.204842413173273182E+10    0.359606184460250835E+06   -0.124754173951441601E+03
    0.729784456573356000E+00    0.737016490428604509E+00    0.195532674997643375E+10    0.358855605559350166E+06   -0.124714761107510100E+03
    0.688337639540925195E+00    0.759430706438814163E+00    0.200732144768788457E+10    0.360327347457311465E+06   -0.124706808085912826E+03
    0.630889692859683326E+00    0.735325761973138370E+00    0.203819583497171664E+10    0.391559960642283026E+06   -0.124642320317752620E+03
    0.663611942512071784E+00    0.753222380424845461E+00    0.201959116925507808E+10    0.347687370593158936E+06   -0.124634866495309609E+03
    0.709973642802811056E+00    0.771856390244826329E+00    0.199421083264560533E+10    0.345914982037816604E+06   -0.124579877107756971E+03
    0.706948256096815442E+00    0.729914759350407394E+00    0.197940106727971888E+10    0.356672573557208874E+06   -0.124557807346217032E+03
    0.710533599535182692E+00    0.799096034535135225E+00    0.196656462581450868E+10    0.371457575572128524E+06   -0.124526903959706971E+03
    0.644145780197035278E+00    0.753640148660248421E+00    0.204515329626813817E+10    0.350513660068391706E+06   -0.124498014949176877E+03
    0.674773610909467747E+00    0.784415038078704718E+00    0.199818287584722733E+10    0.373215142890909454E+06   -0.124482240588942929E+03
    0.628727076441655597E+00    0.721410289473262356E+00    0.205758790709441042E+10    0.349228408347203280E+06   -0.124479914751502037E+03
    0.670101010927536711E+00    0.767209112765975032E+00    0.197873624988341713E+10    0.375690872552807035E+06   -0.124478087885099228E+03
    0.713846796164028130E+00    0.769609315678202677E+00    0.199606396172364950E+10    0.331073907523606089E+06   -0.124470178540913167E+03
    0.689275760932353210E+00    0.775710588491943298E+00    0.200912307827548909E+10    0.357930298529455089E+06   -0.124409638359856032E+03
    0.719198840680212781E+00    0.759134273675825089E+00    0.197634273160879159E+10    0.363830846853626019E+06   -0.124373509337536234E+03
    0.643809326828350903E+00    0.784222339386219325E+00    0.199382801613509083E+10    0.368374885046463343E+06   -0.124353293455078557E+03
    0.714001103951235061E+00    0.765182882098305317E+00    0.199674379234803200E+10    0.360629216853844933E+06   -0.124352773291518716E+03
    0.690615218859368274E+00    0.772937483401809011E+00    0.199874425129795098E+10    0.386874553837767220E+06   -0.124346479198931263E+03
    0.641539148730526088E+00    0.757436030839014673E+00    0.205015734049030852E+10    0.380199806306419487E+06   -0.124302170992124417E+03
    0.701953956434750115E+00    0.738814727329652587E+00    0.198203298731347966E+10    0.358588714512107428E+06   -0.124180421414972102E+03
    0.650648808839605630E+00    0.775109349654191426E+00    0.201237121676324105E+10    0.385352117952653032E+06   -0.124173468150810351E+03
    0.644678941922578574E+00    0.753618692119826683E+00    0.204799481181691694E+10    0.352375298930834397E+06   -0.124167263314409709E+03
    0.711261244730336140E+00    0.790832273030618982E+00    0.197180989002326441E+10    0.345142391668316210E+06   -0.124164456570354531E+03
    0.711876453881038262E+00    0.751763775038463589E+00    0.201917795594446540E+10    0.341590278383635450E+06   -0.124157158244142863E+03
    0.676587174836660865E+00    0.747760088850943472E+00    0.197241821413316321E+10    0.370024545683947508E+06   -0.124149911316650829E+03
    0.663642747211268147E+00    0.756907230481020044E+00    0.197312535272371149E+10    0.370017319497973949E+06   -0.124088973683509579E+03
    0.690786689062466319E+00    0.734329831477564365E+00    0.199532551437073946E+10    0.358476265252856887E+06   -0.124085237732494221E+03
    0.717100600623701512E+00    0.804269375281034371E+00    0.197200270282884598E+10    0.369230803710415261E+06   -0.124068248850943263E+03
    0.636106734377490213E+00    0.765483934961207702E+00    0.202733115152794218E+10    0.378998157115236041E+06   -0.124059923110808541E+03
    0.632597202858444008E+00    0.750535662598294184E+00    0.202995420262587070E+10    0.367140050844447804E+06   -0.124050556778090240E+03
    0.643882718287951850E+00    0.759614592205156036E+00    0.203842461055482316E+10    0.350604936796362454E+06   -0.124049396332379445E+03
    0.670501205619691065E+00    0.764288950183057647E+00    0.198282492609737372E+10    0.384779952175537415E+06   -0.124032819627242702E+03
    0.693505180362487206E+00    0.757175629247606619E+00    0.198911094764074898E+10    0.385025070137380331E+06   -0.123971270624911313E+03
    0.627568322911293164E+00    0.751715657089523148E+00    0.205708983885634136E+10    0.351536543677587702E+06   -0.123956455995926135E+03
    0.657670320420464249E+00    0.772981317801985313E+00    0.198640565822648001E+10    0.383883754456690571E+06   -0.123939818445055494E+03
    0.654429280994388241E+00    0.796991564659935481E+00    0.203337016215665388E+10    0.359064211617336550E+06   -0.123937379303195968E+03
    0.660944424577915579E+00    0.773720520929398248E+00    0.198766155146573663E+10    0.367556114737247350E+06   -0.123934085508404664E+03
    0.685065732943535455E+00    0.766782660666415428E+00    0.199687308616272354E+10    0.382803612797242648E+06   -0.123918588059658887E+03
    0.684961443008698323E+00    0.769883881145594806E+00    0.203115189404220986E+10    0.374854867709183483E+06   -0.123895267144773157E+03
    0.646139598580928176E+00    0.747686296635133640E+00    0.204328115220135713E+10    0.368615406015759159E+06   -0.123873238612072242E+03
    0.675020741314238060E+00    0.745253248207995878E+00    0.200457357230384350E+10    0.375417233223111311E+06   -0.123871713134038984E+03
    0.661503139486750547E+00    0.698529403623303846E+00    0.200581978020057964E+10    0.372736803728447179E+06   -0.123853471493058478E+03
    0.607762865269153685E+00    0.771844559796342811E+00    0.204939026553940177E+10    0.376993926498746790E+06   -0.123842115273757301E+03
    0.633761035694916042E+00    0.764824686420703337E+00    0.204540792360303402E+10    0.357226469748265808E+06   -0.123808747901659402E+03
    0.704871909905352978E+00    0.788621487113921660E+00    0.199608352978949404E+10    0.368171207713858399E+06   -0.123798221373733625E+03
    0.727039715260793917E+00    0.743086472152953981E+00    0.198587005469755626E+10    0.369923372641844151E+06   -0.123766738903111801E+03
    0.660132499611312373E+00    0.803998392632898629E+00    0.201901330199817228E+10    0.352900162327405065E+06   -0.123739449635508521E+03
    0.654297427921487262E+00    0.797729533933764223E+00    0.204721787147367382E+10    0.381250491664079193E+06   -0.123738782479365753E+03
    0.667951725333300939E+00    0.756098930729087737E+00    0.201250127538944817E+10    0.369848206574376032E+06   -0.123726476029061672E+03
    0.651013294225174510E+00    0.746482362157518065E+00    0.200700609638496542E+10    0.366176561514463858E+06   -0.123715545244383947E+03
    0.739839558631793737E+00    0.802971067932851668E+00    0.194927313458746791E+10    0.364040653607030690E+06   -0.123712656462100796E+03
    0.628339813337093656E+00    0.782179959241240841E+00    0.203474665228103614E+10    0.373372335961986741E+06   -0.123686963096896832E+03
    0.665734002584631557E+00    0.764777462137776975E+00    0.199442952639913917E+10    0.381999071871393302E+06   -0.123686606209818336E+03
    0.716059197807385917E+00    0.760837060556266653E+00    0.198371319803311944E+10    0.348120631497625494E+06   -0.123679893876333438E+03
    0.660597744186913971E+00    0.810053012038391085E+00    0.204760971307430863E+10    0.379847243472265138E+06   -0.123664583041501785E+03
    0.677814482227883874E+00    0.759205658254243687E+00    0.200804000076002383E+10    0.367104524522243941E+06   -0.123655669915331742E+03
    0.667410116727537583E+00    0.735531120025930463E+00    0.200759819017738819E+10    0.377276657497530105E+06   -0.123653657827207724E+03
    0.731489535367380039E+00    0.745936594764798677E+00    0.196855925362240815E+10    0.352888194088066055E+06   -0.123636350647061803E+03
    0.720347948180793840E+00    0.792534735285702840E+00    0.198517347954480410E+10    0.360529924099641619E+06   -0.123632420658719894E+03
    0.720347948180793840E+00    0.792534735285702840E+00    0.198517347954480410E+10    0.360529924099641619E+06   -0.123632420658719894E+03
    0.671820550639014913E+00    0.705679266073683031E+00    0.200922587624103975E+10    0.357372179460787622E+06   -0.123624051747893276E+03
    0.699316703853176680E+00    0.754048912219893896E+00    0.198985115159910798E+10    0.374296631626446848E+06   -0.123604196968029854E+03
    0.718229624823212842E+00    0.741974782023755886E+00    0.197673306453432703E+10    0.356744365646249498E+06   -0.123582310691795016E+03
    0.635988153124883993E+00    0.753983534459560012E+00    0.204155120824287200E+10    0.345586698055354820E+06   -0.123560624828343151E+03
    0.697810642612410992E+00    0.748773158349813617E+00    0.196732584511302161E+10    0.370722031904806849E+06   -0.123559621624124759E+03
    0.672894259097131631E+00    0.788017057052945891E+00    0.202969212396054339E+10    0.374446436613779748E+06   -0.123551087255003665E+03
    0.700562413607816570E+00    0.796772956631679463E+00    0.197532837216186166E+10    0.362908555189032631E+06   -0.123546116688129132E+03
    0.652864881490357263E+00    0.808824744798131601E+00    0.202784576694779873E+10    0.358566211072079139E+06   -0.123530366990241788E+03
    0.664375040137214712E+00    0.789436012475691395E+00    0.202183351303558517E+10    0.377967088227030996E+06   -0.123519553166692987E+03
    0.664375040137214712E+00    0.789436012475691395E+00    0.202183351303558517E+10    0.377967088227030996E+06   -0.123519553166692987E+03
    0.650787858727451263E+00    0.793897752941164381E+00    0.202151188523905253E+10    0.371010936730817717E+06   -0.123502863835152652E+03
    0.690613938342135247E+00    0.738058278007698298E+00    0.200436930632630563E+10    0.350491211627277720E+06   -0.123472534198235337E+03
    0.732783740082746160E+00    0.752480290212280245E+00    0.199026190874706078E+10    0.364599015099500015E+06   -0.123461984501845777E+03
    0.732783740082746160E+00    0.752480290212280245E+00    0.199026190874706078E+10    0.364599015099500015E+06   -0.123461984501845777E+03
    0.659487166200042996E+00    0.768201965411703380E+00    0.203940860634552240E+10    0.375551547399465577E+06   -0.123434906103815081E+03
    0.627411746198214271E+00    0.787302436844794951E+00    0.204152903840118694E+10    0.373299409112876863E+06   -0.123425918676429362E+03
    0.655465941656759310E+00    0.778511260237737091E+00    0.200888994536177087E+10    0.380866355666893651E+06   -0.123420093807990298E+03
    0.624141297336400114E+00    0.749734115305983551E+00    0.209353542848667407E+10    0.353287289815815515E+06   -0.123414636555327974E+03
    0.663012247004518107E+00    0.779485757589494010E+00    0.201032939508523130E+10    0.369082044188082684E+06   -0.123405239376271638E+03
    0.677803181005334321E+00    0.801470700527445512E+00    0.201268500158449173E+10    0.362160349569498096E+06   -0.123372107850981322E+03
    0.658798143785944923E+00    0.688303398727817317E+00    0.201042502518869233E+10    0.366712150893758517E+06   -0.123364901577190508E+03
    0.643661836341326121E+00    0.742637971299118238E+00    0.203472506485714960E+10    0.355780118505886465E+06   -0.123363032394304511E+03
    0.685786132545146088E+00    0.736497296708102489E+00    0.200513908244423175E+10    0.363308431260953366E+06   -0.123360968153645800E+03
    0.614870462436542975E+00    0.756227024231789891E+00    0.206747412780285740E+10    0.369052574528968718E+06   -0.123330883985038824E+03
    0.614870462436542975E+00    0.756227024231789891E+00    0.206747412780285740E+10    0.369052574528968718E+06   -0.123330883985038824E+03
    0.735225105873475671E+00    0.774700495057766059E+00    0.196818000954058909E+10    0.345936340902480471E+06   -0.123327551367849139E+03
    0.735225105873475671E+00    0.774700495057766059E+00    0.196818000954058909E+10    0.345936340902480471E+06   -0.123327551367849139E+03
    0.657376406065185104E+00    0.746776982715599225E+00    0.201413676899590850E+10    0.359376120578923146E+06   -0.123322349546751397E+03
    0.621024041673763572E+00    0.757318668749282331E+00    0.202518912816758823E+10    0.378659275505132449E+06   -0.123314766377275177E+03
    0.707179260413182131E+00    0.755036620669958580E+00    0.199456928570981169E+10    0.370176342598951014E+06   -0.123279708614760082E+03
    0.707179260413182131E+00    0.755036620669958580E+00    0.199456928570981169E+10    0.370176342598951014E+06   -0.123279708614760082E+03
    0.662444256285608102E+00    0.775365484419605622E+00    0.201013118507915449E+10    0.368269901151449594E+06   -0.123277154441880441E+03
    0.611537203484669001E+00    0.752984524371607122E+00    0.203214367970984888E+10    0.372317294096443162E+06   -0.123238068458597894E+03
    0.704908410874428015E+00    0.764897787724792444E+00    0.197146035357496595E+10    0.366956916128330107E+06   -0.123233088302588897E+03
    0.650433456930727849E+00    0.780982680187603417E+00    0.209529348970052552E+10    0.352360352069754677E+06   -0.123223772765905181E+03
    0.711870254714291439E+00    0.769093291853053529E+00    0.197161676591307425E+10    0.360298259946536273E+06   -0.123217263185501281E+03
    0.711870254714291439E+00    0.769093291853053529E+00    0.197161676591307425E+10    0.360298259946536273E+06   -0.123217263185501281E+03
    0.651499551615247863E+00    0.761887787754522261E+00    0.202794609901368546E+10    0.350597948686477263E+06   -0.123211014129302143E+03
    0.651499551615247863E+00    0.761887787754522261E+00    0.202794609901368546E+10    0.350597948686477263E+06   -0.123211014129302143E+03
    0.665332046432546731E+00    0.775575053339729870E+00    0.200124391868611503E+10    0.356282482471772586E+06   -0.123207451322799713E+03
    0.620580225176981637E+00    0.758501740292748750E+00    0.206007034193421125E+10    0.360597634422213770E+06   -0.123195996435087608E+03
    0.706211584636741274E+00    0.800078006393346364E+00    0.198534458055447388E+10    0.366841466327459784E+06   -0.123193151691032767E+03
    0.721061334687496780E+00    0.774930102279454136E+00    0.199916427043520498E+10    0.368901879558709334E+06   -0.123163992679398902E+03
    0.646684235561709841E+00    0.751245417370861812E+00    0.202116957574219275E+10    0.375431759077246650E+06   -0.123161519501120040E+03
    0.693512866735812139E+00    0.791225984942265370E+00    0.200052362363092732E+10    0.363533504892289522E+06   -0.123135527301908354E+03
    0.658311984795457383E+00    0.684463445583845420E+00    0.198592777596368957E+10    0.370424276727031451E+06   -0.123124284755264540E+03
    0.657553350030398831E+00    0.761315881875429756E+00    0.201829281218097019E+10    0.379631817747617082E+06   -0.123122348958036525E+03
    0.656142980851737834E+00    0.766011590295917255E+00    0.204344439265811133E+10    0.353422908788094297E+06   -0.123117052125791957E+03
    0.661997824870875551E+00    0.728625826509481378E+00    0.200509812042527604E+10    0.376167055840930494E+06   -0.123097494911833337E+03
    0.663719221916861390E+00    0.766204932983455489E+00    0.201806668443275476E+10    0.364796963539865625E+06   -0.123077567037819037E+03
    0.617091764227058359E+00    0.765987826602367861E+00    0.205008274410161662E+10    0.378748112130158290E+06   -0.123050416447935376E+03
    0.638143172280165816E+00    0.809076639185446034E+00    0.204510348859922242E+10    0.363225094500116422E+06   -0.123045221534537433E+03
    0.638143172280165816E+00    0.809076639185446034E+00    0.204510348859922242E+10    0.363225094500116422E+06   -0.123045221534537433E+03
    0.651083044543126488E+00    0.764369118049033958E+00    0.202586812702807403E+10    0.365641376550843532E+06   -0.123016718285305870E+03
    0.663711967048765894E+00    0.742692576169523111E+00    0.202135041639607334E+10    0.367996268247983651E+06   -0.123014402927464644E+03
    0.648465051933024506E+00    0.738787569236595498E+00    0.201100761520232534E+10    0.365802448944368109E+06   -0.123009802886006781E+03
    0.648465051933024506E+00    0.738787569236595498E+00    0.201100761520232534E+10    0.365802448944368109E+06   -0.123009802886006781E+03
    0.620490646040741445E+00    0.755080717583778149E+00    0.205015841973605633E+10    0.362284442503987870E+06   -0.123003526228820405E+03
    0.658572899587823390E+00    0.742740545711127798E+00    0.202506014412123609E+10    0.377936055463857308E+06   -0.122999903813500993E+03
    0.662465589543991595E+00    0.756353418778585418E+00    0.201771427845877671E+10    0.374323378327354905E+06   -0.122994555986208368E+03
    0.647066721122702249E+00    0.745495774346415896E+00    0.203388900088590693E+10    0.377756847227804712E+06   -0.122965313106752347E+03
    0.694877316314167270E+00    0.732738457441017843E+00    0.200348393857967997E+10    0.353937145647935220E+06   -0.122956464577106090E+03
    0.663521243219036383E+00    0.741003123821472709E+00    0.201592006490358496E+10    0.375615570267253264E+06   -0.122955419858405122E+03
    0.628453238658758129E+00    0.737282961149141158E+00    0.208573237426136875E+10    0.342950778743833827E+06   -0.122933985853732594E+03
    0.676294615829442058E+00    0.714440906086247107E+00    0.201920137972392774E+10    0.364110094217570615E+06   -0.122923844402370946E+03
    0.728968252488545021E+00    0.749193847364893806E+00    0.198138008970718908E+10    0.373335857866373670E+06   -0.122918454829461297E+03
    0.728968252488545021E+00    0.749193847364893806E+00    0.198138008970718908E+10    0.373335857866373670E+06   -0.122918454829461297E+03
    0.646644998021421058E+00    0.781866160581008884E+00    0.200591380909420586E+10    0.366764339627032285E+06   -0.122905782898587461E+03
    0.626226040472089407E+00    0.755434418948590647E+00    0.207643020749138117E+10    0.350240036126594932E+06   -0.122868893875488226E+03
    0.626226040472089407E+00    0.755434418948590647E+00    0.207643020749138117E+10    0.350240036126594932E+06   -0.122868893875488226E+03
    0.675966797432829947E+00    0.748940712444163825E+00    0.199866128951260114E+10    0.354577285337121401E+06   -0.122848852942977757E+03
    0.675966797432829947E+00    0.748940712444163825E+00    0.199866128951260114E+10    0.354577285337121401E+06   -0.122848852942977757E+03
    0.673119272544492664E+00    0.768250388685762342E+00    0.198720221030976868E+10    0.369481899639688432E+06   -0.122848117111860859E+03
    0.640539850291692914E+00    0.770056629816963323E+00    0.202556404517305803E+10    0.368400676836705126E+06   -0.122834055537802811E+03
    0.661084991133690458E+00    0.782040736925525337E+00    0.203923410573831415E+10    0.380554534716568771E+06   -0.122832586122457130E+03
    0.723894109972279431E+00    0.760476891401104638E+00    0.198126465471064210E+10    0.362342433308188803E+06   -0.122823809256294041E+03
    0.692477181715767331E+00    0.713058949825476684E+00    0.200201669343243146E+10    0.357342155195318162E+06   -0.122814710831852651E+03
    0.695339501758909129E+00    0.772089692306057174E+00    0.201962069910059714E+10    0.379858400673846772E+06   -0.122810361518934641E+03
    0.671040116990806901E+00    0.720132945806996272E+00    0.199751143622783756E+10    0.374224064851265051E+06   -0.122800750202563094E+03
    0.626754224702542828E+00    0.773682098393025708E+00    0.201739581167838097E+10    0.378002049549582473E+06   -0.122799563101500738E+03
    0.710248464731767726E+00    0.784972841436980762E+00    0.197278326021852803E+10    0.352499445698996482E+06   -0.122772450530080789E+03
    0.688235923050821929E+00    0.760348781710430188E+00    0.200529803610109234E+10    0.377848786699935736E+06   -0.122764414961828976E+03
    0.648739116941605021E+00    0.792671356064648336E+00    0.201779269895525384E+10    0.357831520784775959E+06   -0.122758966070702627E+03
    0.648739116941605021E+00    0.792671356064648336E+00    0.201779269895525384E+10    0.357831520784775959E+06   -0.122758966070702627E+03
    0.678602063410438494E+00    0.782149708883783656E+00    0.200361167638634396E+10    0.356670023232730280E+06   -0.122755974124718435E+03
    0.710682061223628758E+00    0.729840800726890837E+00    0.198933938013522243E+10    0.359190137149618648E+06   -0.122749194731264083E+03
    0.676062880107047848E+00    0.722045828566341807E+00    0.199754694845221329E+10    0.363654440892598941E+06   -0.122740939778116527E+03
    0.663581748073295730E+00    0.804825968561353022E+00    0.203136842128825474E+10    0.365316429406810901E+06   -0.122736468553449356E+03
    0.663581748073295730E+00    0.804825968561353022E+00    0.203136842128825474E+10    0.365316429406810901E+06   -0.122736468553449356E+03
    0.628558954674878434E+00    0.760490828061810120E+00    0.205359257387712598E+10    0.378673934440441430E+06   -0.122698685698718293E+03
    0.649630008846532769E+00    0.767657586675933867E+00    0.205097192300570345E+10    0.375680234597992676E+06   -0.122695260082344845E+03
    0.631723297204011214E+00    0.771744498385668276E+00    0.204488987802229023E+10    0.353588218038103718E+06   -0.122690463616394823E+03
    0.631723297204011214E+00    0.771744498385668276E+00    0.204488987802229023E+10    0.353588218038103718E+06   -0.122690463616394823E+03
    0.684675562479020616E+00    0.745723657837187748E+00    0.198952274614703870E+10    0.357784657746906043E+06   -0.122686967198728013E+03
    0.684675562479020616E+00    0.745723657837187748E+00    0.198952274614703870E+10    0.357784657746906043E+06   -0.122686967198728013E+03
    0.672334715302979502E+00    0.709518199991650000E+00    0.201590525249933290E+10    0.355533585948973778E+06   -0.122656780918245261E+03
    0.662489675825486013E+00    0.742072077295234500E+00    0.200516742797910595E+10    0.371067430984614301E+06   -0.122650812156429723E+03
    0.694985990343226168E+00    0.731638526102030173E+00    0.200608495799924207E+10    0.353437449274983082E+06   -0.122643454037441245E+03
    0.694985990343226168E+00    0.731638526102030173E+00    0.200608495799924207E+10    0.353437449274983082E+06   -0.122643454037441245E+03
    0.631075482470432991E+00    0.751317554309880453E+00    0.205980393931482291E+10    0.346959448678643093E+06   -0.122612637397701562E+03
    0.716381074681740504E+00    0.787814222619037441E+00    0.198717280343763041E+10    0.350351723930937995E+06   -0.122596075671706757E+03
    0.665209518122446108E+00    0.728704776372859353E+00    0.200583227644337082E+10    0.365686221362209239E+06   -0.122588873283734330E+03
    0.622345233776577911E+00    0.766963421858956718E+00    0.201032883960123348E+10    0.382778853455705685E+06   -0.122548834337365633E+03
    0.622345233776577911E+00    0.766963421858956718E+00    0.201032883960123348E+10    0.382778853455705685E+06   -0.122548834337365633E+03
    0.639638647200144295E+00    0.741672494557167550E+00    0.200239724746832371E+10    0.377086615867695888E+06   -0.122546025919614820E+03
    0.673645148802468174E+00    0.744512156465602093E+00    0.203450685371688342E+10    0.348490892343507498E+06   -0.122536709170190051E+03
    0.653700508991939766E+00    0.754052134306314237E+00    0.203640317923182869E+10    0.378177645544380357E+06   -0.122532696011392062E+03
    0.648250450986883942E+00    0.777312138192024715E+00    0.203562841957437015E+10    0.370239205232963082E+06   -0.122532337069991229E+03
    0.648250450986883942E+00    0.777312138192024715E+00    0.203562841957437015E+10    0.370239205232963082E+06   -0.122532337069991229E+03
    0.680190145889610687E+00    0.746842677574633740E+00    0.198886341143104243E+10    0.366884633747870161E+06   -0.122528312165116105E+03
    0.638808474781252911E+00    0.769496706652938567E+00    0.203017557996946621E+10    0.373263172969560721E+06   -0.122523681815000103E+03
    0.638808474781252911E+00    0.769496706652938567E+00    0.203017557996946621E+10    0.373263172969560721E+06   -0.122523681815000103E+03
    0.607127387019523290E+00    0.745783053793276807E+00    0.206659703566684127E+10    0.362574393120745139E+06   -0.122508386103063046E+03
    0.607127387019523290E+00    0.745783053793276807E+00    0.206659703566684127E+10    0.362574393120745139E+06   -0.122508386103063046E+03
    0.638461608009632253E+00    0.744060224066902531E+00    0.201867436079340696E+10    0.350937258584085852E+06   -0.122501721058057484E+03
    0.638461608009632253E+00    0.744060224066902531E+00    0.201867436079340696E+10    0.350937258584085852E+06   -0.122501721058057484E+03
    0.655154938556284483E+00    0.774194065982348079E+00    0.201191671959205317E+10    0.379069227958501608E+06   -0.122500109281184550E+03
    0.663020993509269130E+00    0.765231192017892248E+00    0.199732242808387828E+10    0.370307841518268338E+06   -0.122495806630018976E+03
    0.662755668904402628E+00    0.733124739204960019E+00    0.200207326685960317E+10    0.367698843498479167E+06   -0.122487067980423248E+03
    0.615992699926559362E+00    0.744737754712664124E+00    0.203643012485236597E+10    0.373244379804111784E+06   -0.122466974115128508E+03
    0.679600455192703179E+00    0.741767653327507936E+00    0.202310619814641070E+10    0.352578932036685757E+06   -0.122461225711715500E+03
    0.679600455192703179E+00    0.741767653327507936E+00    0.202310619814641070E+10    0.352578932036685757E+06   -0.122461225711715500E+03
    0.642086087471399503E+00    0.805455442864666082E+00    0.203668318937729621E+10    0.360566413663952844E+06   -0.122444156879981662E+03
    0.699387859758874963E+00    0.780566831389837734E+00    0.198639687360926962E+10    0.347270982598572911E+06   -0.122438677723287213E+03
    0.713686596045410848E+00    0.714635865712378138E+00    0.198776448951806235E+10    0.359391459647419746E+06   -0.122413973422342508E+03
    0.713686596045410848E+00    0.714635865712378138E+00    0.198776448951806235E+10    0.359391459647419746E+06   -0.122413973422342508E+03
    0.718824977620995731E+00    0.784518991338842842E+00    0.201559772984931993E+10    0.355133267864137946E+06   -0.122411385443088847E+03
    0.718824977620995731E+00    0.784518991338842842E+00    0.201559772984931993E+10    0.355133267864137946E+06   -0.122411385443088847E+03
    0.721470804757594286E+00    0.788216043708751091E+00    0.197542129958985543E+10    0.361568887784314400E+06   -0.122411089491990168E+03
    0.658165553377389689E+00    0.798700799003785100E+00    0.202972373443741012E+10    0.366699149317123578E+06   -0.122410189201569608E+03
    0.675503624772721301E+00    0.742965711202181911E+00    0.203722559635016656E+10    0.375610240482892666E+06   -0.122390891497997814E+03
    0.611464884051542312E+00    0.740351403250936180E+00    0.203922880480990911E+10    0.375535571628386271E+06   -0.122390750357022796E+03
    0.657675748088038192E+00    0.747005710833449132E+00    0.202630612590637541E+10    0.353084604439015442E+06   -0.122382933440165658E+03
    0.716193032676352259E+00    0.762581824875563363E+00    0.199109012286703801E+10    0.365857290524009790E+06   -0.122380749650784395E+03
    0.625737974770895211E+00    0.756184914965722044E+00    0.204546983062344050E+10    0.366059299216831452E+06   -0.122377802197919848E+03
    0.697170489522902170E+00    0.756303958398222065E+00    0.197071636599865270E+10    0.365947399312242225E+06   -0.122357873758324331E+03
    0.654264598727755886E+00    0.783660818530802050E+00    0.203140935860866976E+10    0.373827679123422422E+06   -0.122356014787939088E+03
    0.699708923632684665E+00    0.741277479741459633E+00    0.197839760459670115E+10    0.367291516353233252E+06   -0.122351139140830696E+03
    0.681465400116286646E+00    0.749019874059646096E+00    0.200192723314573216E+10    0.359717688999266946E+06   -0.122330280583688335E+03
    0.681465400116286646E+00    0.749019874059646096E+00    0.200192723314573216E+10    0.359717688999266946E+06   -0.122330280583688335E+03
    0.634169233948571276E+00    0.745027511246082685E+00    0.205576227816172266E+10    0.375062132863635954E+06   -0.122327855906829029E+03
    0.634169233948571276E+00    0.745027511246082685E+00    0.205576227816172266E+10    0.375062132863635954E+06   -0.122327855906829029E+03
    0.652781742456027825E+00    0.753252212434378787E+00    0.202336601007348084E+10    0.376074123221842514E+06   -0.122303693735648025E+03
    0.652781742456027825E+00    0.753252212434378787E+00    0.202336601007348084E+10    0.376074123221842514E+06   -0.122303693735648025E+03
    0.683309817642432371E+00    0.781032403804581943E+00    0.199874185119780254E+10    0.349391306409408164E+06   -0.122300807596461766E+03
    0.707497721033699012E+00    0.728800720480476727E+00    0.196767077892811799E+10    0.366292669113859360E+06   -0.122297595886059838E+03
    0.652144033856386418E+00    0.776904337251105304E+00    0.200897591312035203E+10    0.379724717149134958E+06   -0.122291922216243734E+03
    0.701437812536438665E+00    0.738841697560479904E+00    0.201028359663295579E+10    0.351061765122792043E+06   -0.122277061511368657E+03
    0.657642936586568139E+00    0.730834074116473609E+00    0.202247123281247234E+10    0.370912221727929078E+06   -0.122253236600938294E+03
    0.631297189876732667E+00    0.737334915900576426E+00    0.204933258674762559E+10    0.371566571632307023E+06   -0.122233211402132866E+03
    0.683980482862809769E+00    0.741868637442693490E+00    0.200819473268785572E+10    0.374741083091676643E+06   -0.122223364081598589E+03
    0.683980482862809769E+00    0.741868637442693490E+00    0.200819473268785572E+10    0.374741083091676643E+06   -0.122223364081598589E+03
    0.660828249138456170E+00    0.774743776450566912E+00    0.200857147139690065E+10    0.364673954966455291E+06   -0.122222824699118434E+03
    0.645998894062429607E+00    0.782042555790917415E+00    0.200906917973486543E+10    0.358431936113667849E+06   -0.122219361450446200E+03
    0.689868698500034960E+00    0.743445420309205574E+00    0.200401184628261018E+10    0.352535180599783722E+06   -0.122214861349228372E+03
    0.636792697335728741E+00    0.738585997781147086E+00    0.205530308338622022E+10    0.372490618090826378E+06   -0.122214074343398991E+03
    0.655903641852848551E+00    0.748884762431192286E+00    0.202809902178049159E+10    0.364746751828113105E+06   -0.122213166488477242E+03
    0.668027199719489539E+00    0.797126774680740446E+00    0.201379413703223681E+10    0.364431822565069830E+06   -0.122206262135461287E+03
    0.668027199719489539E+00    0.797126774680740446E+00    0.201379413703223681E+10    0.364431822565069830E+06   -0.122206262135461287E+03
    0.656549087000909859E+00    0.756174408324238101E+00    0.200814614853737211E+10    0.357302970884259266E+06   -0.122194167295961051E+03
    0.613160140378440688E+00    0.744498129088392968E+00    0.204191595247084594E+10    0.362230111042026896E+06   -0.122187696376890472E+03
    0.687150134015225622E+00    0.756777949751311407E+00    0.201057069721407318E+10    0.370197692949352495E+06   -0.122177450218760697E+03
    0.621772550435469307E+00    0.733998462819283048E+00    0.207133982788723040E+10    0.372245007121074130E+06   -0.122175428417513928E+03
    0.681459797167163428E+00    0.789261384240552033E+00    0.200869826247514415E+10    0.351881901693015534E+06   -0.122170208271667448E+03
    0.624910270730572481E+00    0.744329821772024669E+00    0.203540873360285068E+10    0.365549253615094000E+06   -0.122165646024206609E+03
    0.624910270730572481E+00    0.744329821772024669E+00    0.203540873360285068E+10    0.365549253615094000E+06   -0.122165646024206609E+03
    0.686941511302028962E+00    0.762277471767982995E+00    0.199233661212410665E+10    0.366434393924824486E+06   -0.122149336873460811E+03
    0.664527926838664351E+00    0.763477756134139263E+00    0.203340830082336879E+10    0.372865046417660313E+06   -0.122132501647266906E+03
    0.664527926838664351E+00    0.763477756134139263E+00    0.203340830082336879E+10    0.372865046417660313E+06   -0.122132501647266906E+03
    0.670336923020185438E+00    0.789826718260944194E+00    0.199757397765300155E+10    0.354224451329618460E+06   -0.122130697688021527E+03
    0.655172161505129358E+00    0.750829434836682186E+00    0.202485892312978435E+10    0.370725877651320072E+06   -0.122125399040255473E+03
    0.655172161505129358E+00    0.750829434836682186E+00    0.202485892312978435E+10    0.370725877651320072E+06   -0.122125399040255473E+03
    0.630137779223181482E+00    0.724061451486718077E+00    0.203903985751655650E+10    0.360107909186179982E+06   -0.122111986282634092E+03
    0.630137779223181482E+00    0.724061451486718077E+00    0.203903985751655650E+10    0.360107909186179982E+06   -0.122111986282634092E+03
    0.677026052850431825E+00    0.750523426177477138E+00    0.199803842464917493E+10    0.361825500683303049E+06   -0.122100923663904013E+03
    0.703418613360984213E+00    0.797597978118202100E+00    0.199999680590170407E+10    0.363063666755878192E+06   -0.122091406653619998E+03
    0.703418613360984213E+00    0.797597978118202100E+00    0.199999680590170407E+10    0.363063666755878192E+06   -0.122091406653619998E+03
    0.694762193784405069E+00    0.767652118664816641E+00    0.200985922879357409E+10    0.369086720238368667E+06   -0.122088469227377828E+03
    0.652446416631664583E+00    0.746172199256633917E+00    0.201574522423141694E+10    0.366492337869634852E+06   -0.122080594804423527E+03
    0.679529021337011652E+00    0.742359198137251930E+00    0.201096643419387269E+10    0.351983492775718041E+06   -0.122075807494237935E+03
    0.668535413550224167E+00    0.764300965766384621E+00    0.202420619931154132E+10    0.369508717798459518E+06   -0.122073195809159984E+03
    0.637649783993695873E+00    0.745250777262854047E+00    0.206084439648728895E+10    0.365016746911478462E+06   -0.122070516328265626E+03
    0.656897907538042780E+00    0.808771744985280261E+00    0.202772612737195587E+10    0.371727314365080965E+06   -0.122044569755061502E+03
    0.653005947490898686E+00    0.751445462486762139E+00    0.201623771909768295E+10    0.360812800950023986E+06   -0.122026493292908839E+03
    0.653005947490898686E+00    0.751445462486762139E+00    0.201623771909768295E+10    0.360812800950023986E+06   -0.122026493292908839E+03
    0.673213077184303677E+00    0.782185643931072150E+00    0.200728741081130409E+10    0.363859835826143622E+06   -0.122025899387222125E+03
    0.673213077184303677E+00    0.782185643931072150E+00    0.200728741081130409E+10    0.363859835826143622E+06   -0.122025899387222125E+03
    0.675436772243125594E+00    0.779111456170046957E+00    0.202075527410186672E+10    0.372221874871728942E+06   -0.122009726590798437E+03
    0.675436772243125594E+00    0.779111456170046957E+00    0.202075527410186672E+10    0.372221874871728942E+06   -0.122009726590798437E+03
    0.647772906184961639E+00    0.774187589648565044E+00    0.203044050452109718E+10    0.377611529022658826E+06   -0.121999986313561621E+03
    0.716214072930573376E+00    0.760813058821430133E+00    0.200509122102003288E+10    0.363622775732377951E+06   -0.121995666673107451E+03
    0.716214072930573376E+00    0.760813058821430133E+00    0.200509122102003288E+10    0.363622775732377951E+06   -0.121995666673107451E+03
    0.687780818307789699E+00    0.738601681106773711E+00    0.201983067684253407E+10    0.352035135187857843E+06   -0.121987840007076983E+03
    0.655179163696110956E+00    0.785876838645465092E+00    0.200652537065634322E+10    0.369134651926394901E+06   -0.121980843321536639E+03
    0.655179163696110956E+00    0.785876838645465092E+00    0.200652537065634322E+10    0.369134651926394901E+06   -0.121980843321536639E+03
    0.670147165646865495E+00    0.800887682300751802E+00    0.201143092304804182E+10    0.380266215001829783E+06   -0.121966397842783778E+03
    0.662716660794374524E+00    0.786696521097373758E+00    0.202711207581461263E+10    0.362201168602460297E+06   -0.121953739400093184E+03
    0.662716660794374524E+00    0.786696521097373758E+00    0.202711207581461263E+10    0.362201168602460297E+06   -0.121953739400093184E+03
    0.666807949280186163E+00    0.778638297247172595E+00    0.202162779944435740E+10    0.359392902363902074E+06   -0.121946436012702094E+03
    0.643787551386379109E+00    0.737610168215203643E+00    0.206134059846860719E+10    0.373480546887581993E+06   -0.121942966948745976E+03
    0.709847545316886652E+00    0.745036520687469839E+00    0.198441880752753735E+10    0.363346090712189791E+06   -0.121941457238997671E+03
    0.672580367355125275E+00    0.762353571020514487E+00    0.198899925050573802E+10    0.368251239037217456E+06   -0.121933247059316642E+03
    0.672580367355125275E+00    0.762353571020514487E+00    0.198899925050573802E+10    0.368251239037217456E+06   -0.121933247059316642E+03
    0.663602629542975442E+00    0.743743926926462073E+00    0.203687224469615245E+10    0.351317855792595015E+06   -0.121930182196024717E+03
    0.648791977574107559E+00    0.787274512573216789E+00    0.203807190702778864E+10    0.355319191096165159E+06   -0.121919617765590672E+03
    0.669618202932467987E+00    0.744866397155123039E+00    0.200973707385565090E+10    0.357062558716773754E+06   -0.121917722376204381E+03
    0.695044275568269865E+00    0.706479904575735507E+00    0.201602489175590181E+10    0.352244340720777749E+06   -0.121903203981478896E+03
    0.688370769217248824E+00    0.794970057730250534E+00    0.200541616922320724E+10    0.358887405746086675E+06   -0.121896453044142504E+03
    0.689740959932660491E+00    0.733577179157166803E+00    0.198140344494453740E+10    0.367731528694534034E+06   -0.121896139677204445E+03
    0.682101754021104623E+00    0.731856966083225036E+00    0.200668608741781545E+10    0.358483290254747320E+06   -0.121892426648497008E+03
    0.681046615398972710E+00    0.793634308474931771E+00    0.200800349745400691E+10    0.366243862043789239E+06   -0.121888247623905301E+03
    0.643850328431993857E+00    0.791137349341388685E+00    0.202524358239769149E+10    0.369645264211552101E+06   -0.121885010244557236E+03
    0.696459711594134889E+00    0.747265323807040360E+00    0.199148467652089596E+10    0.357633254968550347E+06   -0.121879952115397472E+03
    0.696409834651729120E+00    0.753512157468749777E+00    0.197712520600878358E+10    0.367495324460241827E+06   -0.121878547242060250E+03
    0.692344454857621416E+00    0.711595617871988217E+00    0.201460849173683357E+10    0.352897341238661669E+06   -0.121869486130092724E+03
    0.689475432138274447E+00    0.742686937303738581E+00    0.198205562988057089E+10    0.366956662766825641E+06   -0.121857207861646046E+03
    0.715040572318337064E+00    0.785896399227489884E+00    0.198435812768745208E+10    0.368734591886519920E+06   -0.121856884180452411E+03
    0.650232411669180888E+00    0.751197637234938043E+00    0.205597211308219981E+10    0.370278683939893148E+06   -0.121851452311628591E+03
    0.650232411669180888E+00    0.751197637234938043E+00    0.205597211308219981E+10    0.370278683939893148E+06   -0.121851452311628591E+03
    0.681273701791603736E+00    0.737640078625603213E+00    0.201965001824521804E+10    0.349981175183576881E+06   -0.121846436554494119E+03
    0.674405300738749824E+00    0.760846070967283072E+00    0.199641919500956917E+10    0.368508933163779846E+06   -0.121844554121069194E+03
    0.635805661724702542E+00    0.728312149405017983E+00    0.205023621114470863E+10    0.369130086934259220E+06   -0.121839218282753848E+03
    0.667684185482455339E+00    0.775377892670504831E+00    0.202277138076366663E+10    0.371589300328633690E+06   -0.121837271587977540E+03
    0.690990586396469930E+00    0.753526579491067494E+00    0.198484225486811471E+10    0.359918678449585568E+06   -0.121836923389970906E+03
    0.682214271198821609E+00    0.786388977658544430E+00    0.200121340477820277E+10    0.352268754780220799E+06   -0.121827479727557730E+03
    0.662661184680163884E+00    0.760110172432843179E+00    0.200474077497884226E+10    0.365592432497403061E+06   -0.121825601696942130E+03
    0.622694112733450766E+00    0.746614334438449934E+00    0.204810761571487379E+10    0.365921887250607018E+06   -0.121823758177085111E+03
    0.713853193286391741E+00    0.770269690738976109E+00    0.196983685988665152E+10    0.370160232010642183E+06   -0.121821091118657733E+03
    0.670256150481775892E+00    0.763631760100726087E+00    0.200661931164484525E+10    0.363368687569137837E+06   -0.121813899851543482E+03
    0.661900395724448587E+00    0.731738443711602127E+00    0.201522516713048792E+10    0.356153172792400292E+06   -0.121811175567698484E+03
    0.657541820475528893E+00    0.753689361004854952E+00    0.200697668669505262E+10    0.369038918657963222E+06   -0.121806044008354675E+03
    0.711845064760556423E+00    0.801668347912954715E+00    0.200173563939003658E+10    0.360840219456473831E+06   -0.121801073739903245E+03
    0.695606736517348945E+00    0.742705928397213277E+00    0.200670210405153513E+10    0.373626945868044859E+06   -0.121798691942542888E+03
    0.663391581738414726E+00    0.766741055915864944E+00    0.201111930177535200E+10    0.366257860570265446E+06   -0.121791938412879958E+03
    0.690815567532361841E+00    0.766921635479446362E+00    0.198979137499982047E+10    0.363062399821743544E+06   -0.121791215684273311E+03
    0.693460347379085462E+00    0.797802159922130993E+00    0.198816871601402164E+10    0.362272029608547396E+06   -0.121785679201014858E+03
    0.690521221823330644E+00    0.727147405820093962E+00    0.200833680270113301E+10    0.354420190441812039E+06   -0.121783890247016828E+03
    0.649443447975467270E+00    0.773455785421488073E+00    0.201189827404354191E+10    0.367921367437530251E+06   -0.121781770370600597E+03
    0.636369023059815686E+00    0.728300696531356095E+00    0.202285743834186339E+10    0.355039216579365428E+06   -0.121774716172264036E+03
    0.701061200589898625E+00    0.770221677112881586E+00    0.199531805077921963E+10    0.366285642658190860E+06   -0.121764868156730998E+03
    0.655009430951480787E+00    0.772521053739952279E+00    0.202367208949327350E+10    0.362019952340089134E+06   -0.121759623266446738E+03
    0.631232014634406480E+00    0.753114003426577749E+00    0.204482023103987312E+10    0.362199910752517171E+06   -0.121758428033255527E+03
    0.674691211919253964E+00    0.749224091894749478E+00    0.201056546291309333E+10    0.361808351866830664E+06   -0.121752859188194634E+03
    0.704022898941495834E+00    0.745551770709271810E+00    0.198800922647145581E+10    0.357887309069039475E+06   -0.121746405858692015E+03
    0.708806270092865232E+00    0.790871482797341319E+00    0.198515156301880741E+10    0.368804308717433363E+06   -0.121734212896455148E+03
    0.666811855321326585E+00    0.792566580571456125E+00    0.202491189842046905E+10    0.362757929420158791E+06   -0.121733851689093058E+03
    0.708116834133827977E+00    0.768226605648807848E+00    0.199002461585817337E+10    0.367475902615123603E+06   -0.121730992463128587E+03
    0.681454465603913651E+00    0.740677468627793267E+00    0.201028999410844398E+10    0.358063404676990700E+06   -0.121727753548110954E+03
    0.676541973678240871E+00    0.776139675838323662E+00    0.200099992757418132E+10    0.368064101852260530E+06   -0.121727723332987850E+03
    0.673554198687379535E+00    0.758690580614186594E+00    0.200430587318176031E+10    0.351110544363902183E+06   -0.121725800428267149E+03
    0.664192136555553092E+00    0.764377420744100089E+00    0.200849989884940767E+10    0.367053667117703124E+06   -0.121724649468164174E+03
    0.632747027756398572E+00    0.742986153841929120E+00    0.204071264216869354E+10    0.365768004377112840E+06   -0.121709973773742476E+03
    0.640795164408095141E+00    0.731219121760127599E+00    0.203820325719221449E+10    0.371766277456237818E+06   -0.121669778123013614E+03
    0.712460944915803029E+00    0.786567889022823596E+00    0.201936557114844990E+10    0.355364840635524539E+06   -0.121669501219706305E+03
    0.738551612097798182E+00    0.757590528417455555E+00    0.199206030311711216E+10    0.374839275057422637E+06   -0.121662885338386445E+03
    0.683908444029881712E+00    0.747583899388384321E+00    0.201820766686677670E+10    0.361910645824127423E+06   -0.121654905965512455E+03
    0.700777904252654849E+00    0.746849514060726083E+00    0.199411849724359345E+10    0.364912085267427552E+06   -0.121649601444907148E+03
    0.687670818615614521E+00    0.744572190179332960E+00    0.200173959489749074E+10    0.364345085565732268E+06   -0.121646093802986883E+03
    0.675115734426937508E+00    0.750111802725268451E+00    0.202809208558698320E+10    0.362030584208582004E+06   -0.121630026373073179E+03
    0.701400394679617123E+00    0.798223318563264339E+00    0.198056665712636256E+10    0.365367170208398020E+06   -0.121618412036383106E+03
    0.640373689929374823E+00    0.788532124612676188E+00    0.201117251967238331E+10    0.368759902711914561E+06   -0.121610677199878467E+03
    0.650762975150680600E+00    0.773009052282964682E+00    0.205048745939137101E+10    0.349864092933911947E+06   -0.121597807174426151E+03
    0.695592582056042352E+00    0.788238598154357817E+00    0.200630626443648028E+10    0.363301088896998554E+06   -0.121594915641960498E+03
    0.673404979904277945E+00    0.797633158835745704E+00    0.198892959443885994E+10    0.356170755965718185E+06   -0.121586517565271947E+03
    0.700698201263209586E+00    0.776373640592760150E+00    0.197795174891283560E+10    0.367218274455807696E+06   -0.121585743494180889E+03
    0.683374167536467847E+00    0.780155209696436369E+00    0.201753297042303276E+10    0.356555528749595745E+06   -0.121579755398414633E+03
    0.654214881675482252E+00    0.736046072523592887E+00    0.204616142233125615E+10    0.371926876775076555E+06   -0.121576912629869369E+03
    0.666609362798011307E+00    0.779071145401276866E+00    0.201121603033993411E+10    0.367223326830391714E+06   -0.121575535560554556E+03
    0.668384415909366814E+00    0.753420417571677437E+00    0.201108542981150198E+10    0.357018026746549353E+06   -0.121574547219193533E+03
    0.669415302306531568E+00    0.775739714098405475E+00    0.201634657346182513E+10    0.363191894259072084E+06   -0.121573277188573144E+03
    0.676867493720300639E+00    0.748656151741780906E+00    0.202313034021233392E+10    0.349742278465372277E+06   -0.121570666382744562E+03
    0.637836570550114335E+00    0.769133615573875495E+00    0.201587079114215589E+10    0.364707522458598425E+06   -0.121569598455932720E+03
    0.679674659347076271E+00    0.740598852333913538E+00    0.200452243911307979E+10    0.365241997102347610E+06   -0.121450999993332076E+03
    0.700060621734088784E+00    0.759692116877680235E+00    0.198297085371458101E+10    0.356756790648917726E+06   -0.121524546605662636E+03
    0.708900544175190328E+00    0.760850098139379316E+00    0.199875036244911695E+10    0.358580764612753235E+06   -0.121463542281712662E+03
    0.686983364589071943E+00    0.762902126773945088E+00    0.199189207671866989E+10    0.361034560633975896E+06   -0.121222739981340055E+03
    0.685084105639618635E+00    0.756811654878615681E+00    0.198564975361793447E+10    0.361223686849069723E+06   -0.121418247067096758E+03
    0.684347524136820318E+00    0.752192264291309254E+00    0.199542812807209826E+10    0.357156241335630766E+06   -0.121470825856629858E+03
    0.683760527330949164E+00    0.756928102503215516E+00    0.199101656740563059E+10    0.367544868617412925E+06   -0.121315167912422808E+03
    0.708486922590246149E+00    0.766067168802683884E+00    0.198859333679504752E+10    0.363245499745977402E+06   -0.121536607016887842E+03
    0.715814182081666028E+00    0.773213959020362385E+00    0.199702283615417886E+10    0.366662577025389008E+06   -0.121419135816619445E+03
    0.714825840353190634E+00    0.777885699156012134E+00    0.199995218875405169E+10    0.369393274727515935E+06   -0.121207547961220797E+03
    0.694222223262875748E+00    0.773280739314264220E+00    0.199978751667315531E+10    0.366037490267657384E+06   -0.121459339936591448E+03
    0.688304206006240649E+00    0.758061699484783080E+00    0.198889727167101526E+10    0.363998532533058780E+06   -0.121232953659212839E+03
    0.705321796230182430E+00    0.772049461107387813E+00    0.199442831429246759E+10    0.365915014993192221E+06   -0.121150983537595579E+03
    0.705321796230182430E+00    0.772049461107387813E+00    0.199442831429246759E+10    0.365915014993192221E+06   -0.121150983537595579E+03
    0.665179578030789087E+00    0.798548840049053243E+00    0.200884399094421840E+10    0.372971626994655933E+06   -0.121489987627343709E+03
    0.657041108090076653E+00    0.785855591624398553E+00    0.200450432424982953E+10    0.374015419652695884E+06   -0.121316708416492261E+03
    0.674393513461472027E+00    0.793968571504722664E+00    0.200386434024025488E+10    0.371524084723107691E+06   -0.121152857990571320E+03
    0.659942199340700530E+00    0.770190400222721117E+00    0.200859269349966431E+10    0.370504031721370760E+06   -0.121499351229873469E+03
    0.675776709043921064E+00    0.739680335824610236E+00    0.201521652351343417E+10    0.364543441907687869E+06   -0.121195854977960636E+03
    0.659882653231688265E+00    0.748092191445664856E+00    0.202629527417967963E+10    0.362872944968300173E+06   -0.121543671649328516E+03
    0.665266660533548215E+00    0.737280354475827515E+00    0.202216801677648044E+10    0.364832742766959593E+06   -0.121074876344729489E+03
    0.665266660533548215E+00    0.737280354475827515E+00    0.202216801677648044E+10    0.364832742766959593E+06   -0.121074876344729489E+03
    0.655185502044574375E+00    0.751795149463211576E+00    0.202833152469388223E+10    0.366551652048350836E+06   -0.121277116757187997E+03
    0.673815663596228465E+00    0.729663697964339608E+00    0.201921175396324158E+10    0.365126860014057369E+06   -0.121355802947567668E+03
    0.715903998270927544E+00    0.796781440886202397E+00    0.200785607345343137E+10    0.357675933524090680E+06   -0.121436923918359341E+03
    0.694390082381158402E+00    0.780444844965717976E+00    0.202532014428288531E+10    0.356459797149607621E+06   -0.120848163482433492E+03
    0.694390082381158402E+00    0.780444844965717976E+00    0.202532014428288531E+10    0.356459797149607621E+06   -0.120848163482433492E+03
    0.670757954877267415E+00    0.766033246248277511E+00    0.200848133055973983E+10    0.360428420886258711E+06   -0.121537340792007626E+03
    0.684905681964060986E+00    0.801624012782673478E+00    0.199527994930181861E+10    0.362162381714980991E+06   -0.121080079917306449E+03
    0.687430980088922006E+00    0.789527362999856930E+00    0.199231635847716093E+10    0.360468875714065391E+06   -0.121281340208967094E+03
    0.679718848459531455E+00    0.766797206730791991E+00    0.199962990133081722E+10    0.358076436136250908E+06   -0.121163699488036627E+03
    0.683330393938178848E+00    0.776832436754431477E+00    0.201168901007850122E+10    0.360118696291782428E+06   -0.121095339834969508E+03
    0.673147763306549463E+00    0.774062227840751849E+00    0.200766019747307611E+10    0.360853215870715852E+06   -0.121096047210527345E+03
    0.673147763306549463E+00    0.774062227840751849E+00    0.200766019747307611E+10    0.360853215870715852E+06   -0.121096047210527345E+03
    0.684111114118004626E+00    0.773366037120383876E+00    0.200533659240494013E+10    0.357718255619708041E+06   -0.121092291303502378E+03
    0.684111114118004626E+00    0.773366037120383876E+00    0.200533659240494013E+10    0.357718255619708041E+06   -0.121092291303502378E+03
    0.667848137075220838E+00    0.767227966065382461E+00    0.199765669479100657E+10    0.359807335526032897E+06   -0.121368744708169402E+03
    0.677134755342069461E+00    0.762620187281772388E+00    0.200662471961468172E+10    0.362117171767578169E+06   -0.121096122788015379E+03
    0.677134755342069461E+00    0.762620187281772388E+00    0.200662471961468172E+10    0.362117171767578169E+06   -0.121096122788015379E+03
    0.676551099261224476E+00    0.746095159531315222E+00    0.201713347332079315E+10    0.361376457406326954E+06   -0.121397605022254908E+03
    0.679150040453687764E+00    0.761062830526550993E+00    0.201813448416220784E+10    0.360527922880834085E+06   -0.121414705515843238E+03
    0.676163367370113955E+00    0.756586004072365537E+00    0.201607709487015867E+10    0.361779459573609231E+06   -0.121189529710207751E+03
    0.676163367370113955E+00    0.756586004072365537E+00    0.201607709487015867E+10    0.361779459573609231E+06   -0.121189529710207751E+03
    0.686916578093806351E+00    0.751175044039979589E+00    0.201506915114285374E+10    0.357170854395129543E+06   -0.121410442307718824E+03
    0.670551762693328168E+00    0.750956501952597666E+00    0.201468083742525768E+10    0.353143237358719867E+06   -0.121325593026365638E+03
    0.672511288866473822E+00    0.754539122635923487E+00    0.202071826307811451E+10    0.357157493656736740E+06   -0.121164647307537479E+03
    0.676988645635251518E+00    0.774359652048044911E+00    0.199668768861982274E+10    0.355865343907115457E+06   -0.121444854021528144E+03
    0.681118245062129035E+00    0.776830081467268396E+00    0.201165280909167719E+10    0.361804508333852049E+06   -0.121230927066169215E+03
    0.678580075278628403E+00    0.772802205553915211E+00    0.199582046977605128E+10    0.363504735389281705E+06   -0.121023589646715692E+03
    0.659491467856021529E+00    0.777710214574106828E+00    0.200970830759781313E+10    0.361575404841469310E+06   -0.121168447372319747E+03
    0.659491467856021529E+00    0.777710214574106828E+00    0.200970830759781313E+10    0.361575404841469310E+06   -0.121168447372319747E+03
    0.663504056170043377E+00    0.785730738860082045E+00    0.201865800286647558E+10    0.364771583312877745E+06   -0.121565422149474060E+03
    0.656593093875366351E+00    0.768226446167746602E+00    0.201534130100210619E+10    0.363484357279734046E+06   -0.121544931651182154E+03
    0.663204071755166602E+00    0.783018956550253886E+00    0.202014806392799401E+10    0.359464012184938765E+06   -0.121254852701405426E+03
    0.659136483534027873E+00    0.773057822913798987E+00    0.201958401808329201E+10    0.366092603419826366E+06   -0.120789563550905086E+03
    0.659136483534027873E+00    0.773057822913798987E+00    0.201958401808329201E+10    0.366092603419826366E+06   -0.120789563550905086E+03
    0.678150455456590029E+00    0.759703089446126079E+00    0.201924676875681376E+10    0.363597360904808680E+06   -0.121146681801559367E+03
    0.666893528802766200E+00    0.762464021906905209E+00    0.201338413877883601E+10    0.362381060570137750E+06   -0.121484573795010562E+03
    0.649482123301722836E+00    0.773367220195895211E+00    0.200620356656306791E+10    0.367268108155713358E+06   -0.121375985658583716E+03
    0.646151641037131963E+00    0.768989018850674722E+00    0.200761491114694762E+10    0.367733686997900193E+06   -0.121292908250381814E+03
    0.640652737778989456E+00    0.759821986607278621E+00    0.202562971480585384E+10    0.361711913539414003E+06   -0.121525724786002087E+03
    0.635043204050844912E+00    0.773015103108958712E+00    0.201993917089854193E+10    0.361316768888205814E+06   -0.120824458003689259E+03
    0.635043204050844912E+00    0.773015103108958712E+00    0.201993917089854193E+10    0.361316768888205814E+06   -0.120824458003689259E+03
    0.644357327883731013E+00    0.778425315678901164E+00    0.201904842747692299E+10    0.361210756292436214E+06   -0.121329397364552761E+03
    0.639049564795537206E+00    0.774488018407161416E+00    0.201946594454769588E+10    0.368461024832871743E+06   -0.121556893824462151E+03
    0.647140107154090649E+00    0.792841023055638416E+00    0.202400430587882710E+10    0.367079915583026886E+06   -0.120930961538482578E+03
    0.640920376797943447E+00    0.790266611724974588E+00    0.202397292165020204E+10    0.369184906114629877E+06   -0.121316681963853995E+03
    0.638510595871337405E+00    0.759777540248877781E+00    0.201388030054551697E+10    0.365112748394063092E+06   -0.121400109091817257E+03
    0.631108507037935973E+00    0.791648154325397702E+00    0.202345217384876370E+10    0.368464826424004568E+06   -0.121214361952182003E+03
    0.635234628371763144E+00    0.765901050296319497E+00    0.202273631511436343E+10    0.362864368954640813E+06   -0.120921022770758441E+03
    0.649487687125810620E+00    0.789902276464176101E+00    0.201585875541603899E+10    0.361919786325348367E+06   -0.121393621202985003E+03
    0.642153528419680208E+00    0.756696527367330507E+00    0.201458546302021980E+10    0.365115006553529180E+06   -0.121209509172065808E+03
    0.640980430180768335E+00    0.778704860368780505E+00    0.200693426843995738E+10    0.368780808301490964E+06   -0.121534978850497311E+03
    0.645198779108188125E+00    0.771347426745257359E+00    0.201938599729531240E+10    0.364084245459273516E+06   -0.121105438208374636E+03
    0.634584432214429284E+00    0.786051995976241091E+00    0.202977959166414380E+10    0.360635776694208675E+06   -0.121449743621684433E+03
    0.645954663502301685E+00    0.757936512273322371E+00    0.202757655742569304E+10    0.367285451593397767E+06   -0.121214791466706799E+03
    0.651599535341302660E+00    0.739689867673812174E+00    0.203275822203547311E+10    0.373348601793888200E+06   -0.121536623935798787E+03
    0.632851565666391225E+00    0.753311941761876991E+00    0.204236739467240715E+10    0.364320231648301473E+06   -0.120977183870004311E+03
    0.632851565666391225E+00    0.753311941761876991E+00    0.204236739467240715E+10    0.364320231648301473E+06   -0.120977183870004311E+03
    0.647356811941710908E+00    0.727213573690422166E+00    0.204790429399785805E+10    0.364869542304439296E+06   -0.121027416108090065E+03
    0.647356811941710908E+00    0.727213573690422166E+00    0.204790429399785805E+10    0.364869542304439296E+06   -0.121027416108090065E+03
    0.646252750944082188E+00    0.735083865046536111E+00    0.204708395625708127E+10    0.363654660654618754E+06   -0.120873347737921918E+03
    0.662751196132104758E+00    0.759108025204730641E+00    0.202131533153096032E+10    0.358296383665689384E+06   -0.121191744872210549E+03
    0.662751196132104758E+00    0.759108025204730641E+00    0.202131533153096032E+10    0.358296383665689384E+06   -0.121191744872210549E+03
    0.655321857132329821E+00    0.782113395598011518E+00    0.203094194457250333E+10    0.354258626202259737E+06   -0.121452889217822388E+03
    0.667566594513460454E+00    0.755626568629500284E+00    0.202257603769943571E+10    0.355272370268489292E+06   -0.121208166991624154E+03
    0.672155185801444288E+00    0.786562930385357628E+00    0.202172786386043477E+10    0.357610656836298760E+06   -0.121461908809100237E+03
    0.653979950717650804E+00    0.786578703943326740E+00    0.200954521230600071E+10    0.354534993664681388E+06   -0.121556005610475637E+03
    0.662338403998571357E+00    0.775219766536538568E+00    0.203415230887777352E+10    0.355512573692020087E+06   -0.121447687707450001E+03
    0.646777646757328628E+00    0.771858016497918520E+00    0.204913540225334644E+10    0.350765084520555218E+06   -0.121361493854324408E+03
    0.660535219476905522E+00    0.775850262121487777E+00    0.204833055924564719E+10    0.356621983681602811E+06   -0.121082092784836334E+03
    0.660535219476905522E+00    0.775850262121487777E+00    0.204833055924564719E+10    0.356621983681602811E+06   -0.121082092784836334E+03
    0.655207685888710811E+00    0.778462181258943176E+00    0.205186333998692560E+10    0.355799786015498627E+06   -0.121520020296290326E+03
    0.670961031872999492E+00    0.748055652220907419E+00    0.203346233455960250E+10    0.350489849612664606E+06   -0.121101286307278230E+03
    0.654613803336043465E+00    0.743326199670813814E+00    0.202360029768865657E+10    0.354834331488766242E+06   -0.120878499183495535E+03
    0.654613803336043465E+00    0.743326199670813814E+00    0.202360029768865657E+10    0.354834331488766242E+06   -0.120878499183495535E+03
    0.639108314952083201E+00    0.740917832086454453E+00    0.203191635659184146E+10    0.355939003493331780E+06   -0.121113981428477388E+03
    0.643935634085028963E+00    0.757037156004959577E+00    0.203606626944277740E+10    0.353941747027337959E+06   -0.120838536151979611E+03
    0.643935634085028963E+00    0.757037156004959577E+00    0.203606626944277740E+10    0.353941747027337959E+06   -0.120838536151979611E+03
    0.651404011929317850E+00    0.754223843864845644E+00    0.203476341953146052E+10    0.356309587516467902E+06   -0.120992060685599128E+03
    0.651404011929317850E+00    0.754223843864845644E+00    0.203476341953146052E+10    0.356309587516467902E+06   -0.120992060685599128E+03
    0.652065104941662033E+00    0.742235047779078894E+00    0.203686838944659209E+10    0.352063785351577564E+06   -0.121066922894989119E+03
    0.652065104941662033E+00    0.742235047779078894E+00    0.203686838944659209E+10    0.352063785351577564E+06   -0.121066922894989119E+03
    0.620129885086768917E+00    0.733455223116560973E+00    0.203486674753991032E+10    0.354611129791098705E+06   -0.120772969331059358E+03
    0.620129885086768917E+00    0.733455223116560973E+00    0.203486674753991032E+10    0.354611129791098705E+06   -0.120772969331059358E+03
    0.655747886090010446E+00    0.738069877672787644E+00    0.202704290544368076E+10    0.352492275299921981E+06   -0.121081025334855752E+03
    0.655747886090010446E+00    0.738069877672787644E+00    0.202704290544368076E+10    0.352492275299921981E+06   -0.121081025334855752E+03
    0.681110212702997542E+00    0.734706605767535770E+00    0.201058326722904801E+10    0.355805146777102782E+06   -0.121560296206216080E+03
    0.680176454490314719E+00    0.736052090051683816E+00    0.200955298240965843E+10    0.354453565663829795E+06   -0.121215307734072894E+03
    0.692277166389097642E+00    0.709163960923672843E+00    0.200784276974146509E+10    0.359518563249685219E+06   -0.121498753714236670E+03
    0.679684651613624902E+00    0.727713966104085674E+00    0.201208809903595138E+10    0.361043556571063527E+06   -0.121089972776023458E+03
    0.679684651613624902E+00    0.727713966104085674E+00    0.201208809903595138E+10    0.361043556571063527E+06   -0.121089972776023458E+03
    0.693315444293346905E+00    0.712832221699828406E+00    0.201977537935907149E+10    0.351586991991383547E+06   -0.121474828407382532E+03
    0.690288949158314624E+00    0.741723790062073007E+00    0.201673588041207623E+10    0.354717455260789837E+06   -0.121186959246286449E+03
    0.690288949158314624E+00    0.741723790062073007E+00    0.201673588041207623E+10    0.354717455260789837E+06   -0.121186959246286449E+03
    0.687870836698477595E+00    0.739183091041396345E+00    0.200965938030100846E+10    0.359895031586695171E+06   -0.121412974154633460E+03
    0.679930586664905356E+00    0.730793576792122312E+00    0.201772335494716883E+10    0.353291537741465960E+06   -0.121103897991481929E+03
    0.679930586664905356E+00    0.730793576792122312E+00    0.201772335494716883E+10    0.353291537741465960E+06   -0.121103897991481929E+03
