    0.679127509059036405E+00    0.766994076652366630E+00    0.181141989861692834E+10    0.367765590700897214E+06   -0.155882085403128144E+03
    0.848839876614404965E+00    0.796454030717090866E+00    0.170335791483017564E+10    0.339797915355255478E+06   -0.155326227978445019E+03
    0.744815082907865578E+00    0.742174872660382068E+00    0.175441921659694028E+10    0.347161561053653422E+06   -0.155228275814003069E+03
    0.867806989259335970E+00    0.804696588195198181E+00    0.171395100394208646E+10    0.310662608604865731E+06   -0.154625777019378745E+03
    0.746563115743037575E+00    0.807933982085381697E+00    0.181781733110686398E+10    0.317805461875442532E+06   -0.154446043925540380E+03
    0.710843830323743653E+00    0.783352436033392330E+00    0.177627350220441628E+10    0.349841817882004252E+06   -0.153793051386531999E+03
    0.810031151375298575E+00    0.687657462773697326E+00    0.174633582410387349E+10    0.313737354670510860E+06   -0.153259874551294729E+03
    0.696842577107619099E+00    0.748357969164579639E+00    0.180021482129370117E+10    0.347277780628782755E+06   -0.153179586427482405E+03
    0.692303690920611170E+00    0.740204299263368171E+00    0.179572626852174330E+10    0.345772512369891512E+06   -0.153163016366919436E+03
    0.700399616083630661E+00    0.665276624775718251E+00    0.180394509823187613E+10    0.325738287359515554E+06   -0.153148110443406154E+03
    0.721363759996661136E+00    0.713405820730546925E+00    0.178250672343639970E+10    0.348408656451311486E+06   -0.152942008750649052E+03
    0.748039291300154674E+00    0.773151939566333546E+00    0.179192255422528052E+10    0.348606996093229624E+06   -0.152737693005693075E+03
    0.822383828007127948E+00    0.752042377649784655E+00    0.171651542746008682E+10    0.336689590508382593E+06   -0.152726130112565954E+03
    0.735576664422927906E+00    0.802081582288325379E+00    0.180514698149700141E+10    0.340618429916221357E+06   -0.152693297341398250E+03
    0.742724833006351615E+00    0.793453413566784338E+00    0.176323033536350632E+10    0.345896173692992947E+06   -0.152519783964931065E+03
    0.772121157240906353E+00    0.785508544779732976E+00    0.174432948262397933E+10    0.335528454184940027E+06   -0.152409823162108523E+03
    0.711928209329772299E+00    0.737179070673074310E+00    0.180232021528899240E+10    0.340346493538725364E+06   -0.152382057663679120E+03
    0.692159025311516740E+00    0.730472696078378281E+00    0.177726602282697821E+10    0.349841861902781529E+06   -0.152335842195010713E+03
    0.776346276410398883E+00    0.742212902043712486E+00    0.172671505958466411E+10    0.319230516896882444E+06   -0.152230503341202223E+03
    0.729726353118520632E+00    0.737509521861272610E+00    0.176623995248648310E+10    0.345340631798414688E+06   -0.152145136253487692E+03
    0.703683678219015118E+00    0.703506069118721822E+00    0.182316985192962193E+10    0.335057989825678291E+06   -0.152132834202517870E+03
    0.805686465056088985E+00    0.753108404154618327E+00    0.171205961499404645E+10    0.330702446904648386E+06   -0.152114209734235487E+03
    0.769693755511682842E+00    0.806760110622631643E+00    0.179258376950535297E+10    0.334124290664997068E+06   -0.152067313876623359E+03
    0.642944431164553354E+00    0.691065809146038212E+00    0.180306742993489146E+10    0.354314445737235947E+06   -0.152052599766837858E+03
    0.776494768566564186E+00    0.721502523802258988E+00    0.173848865192106652E+10    0.329437457101824752E+06   -0.152029998501920488E+03
    0.718758083662927594E+00    0.758856694916749230E+00    0.176635177794019675E+10    0.332903528743747855E+06   -0.152000879656224811E+03
    0.776732874988397493E+00    0.769230577608260191E+00    0.176975683330713344E+10    0.342446924395243230E+06   -0.151786459957864622E+03
    0.691503818518567570E+00    0.767469703802213132E+00    0.179519155328453636E+10    0.365846760424401786E+06   -0.151761245474091368E+03
    0.717403681635686130E+00    0.776950997507572350E+00    0.178519765276753974E+10    0.323022175123922352E+06   -0.151750867287238833E+03
    0.791623825621914801E+00    0.802424691243623478E+00    0.176454866794844985E+10    0.323998342332252651E+06   -0.151720207812616991E+03
    0.784203479929381331E+00    0.781407586455990177E+00    0.171415085989936543E+10    0.333359598912812304E+06   -0.151706404643214086E+03
    0.676993210466318995E+00    0.757934018034728041E+00    0.177512259611852980E+10    0.352922682807368750E+06   -0.151679426933173545E+03
    0.789127625756862350E+00    0.755709370126137259E+00    0.172585122950476885E+10    0.348918530893372314E+06   -0.151584343490239689E+03
    0.718488266286588462E+00    0.725106148002007789E+00    0.179047825755842400E+10    0.349966527466257859E+06   -0.151576897387682493E+03
    0.742525789582646256E+00    0.787144438228009058E+00    0.178568567520093966E+10    0.333854771497611655E+06   -0.151535034032857965E+03
    0.689069458521509470E+00    0.792113338631059261E+00    0.180083531839399028E+10    0.336096577081345662E+06   -0.151530358378489751E+03
    0.766067698979462808E+00    0.789343467240798624E+00    0.173824707218344212E+10    0.330611105377284228E+06   -0.151519484333883042E+03
    0.705188456825896703E+00    0.775194271945820024E+00    0.181532379596282792E+10    0.340916654666713963E+06   -0.151488732852469070E+03
    0.760358456008779826E+00    0.708660038707270790E+00    0.173389774149294829E+10    0.342964364960107137E+06   -0.151480671926462435E+03
    0.799513606857102266E+00    0.740058020500429237E+00    0.175765063408209324E+10    0.337821055799762660E+06   -0.151479980811533181E+03
    0.716042768698660237E+00    0.729063345494565418E+00    0.179181904541409540E+10    0.324124150200763135E+06   -0.151454363902600363E+03
    0.757056601229239789E+00    0.722862617766825366E+00    0.177893035600222659E+10    0.335759422904818377E+06   -0.151412355741589579E+03
    0.720853442127526556E+00    0.727922009067934805E+00    0.179976874254130054E+10    0.340998837300613872E+06   -0.151391049719462899E+03
    0.709588356527914299E+00    0.709540396619406266E+00    0.174752461553545070E+10    0.362253986999815388E+06   -0.151389008079882387E+03
    0.756560192019890554E+00    0.711100998812312479E+00    0.177052855820408940E+10    0.328540535712124722E+06   -0.151386110580426958E+03
    0.709423341478276237E+00    0.742311805304604277E+00    0.179060035151167679E+10    0.328790604524863069E+06   -0.151379967747288163E+03
    0.707664974130302160E+00    0.752918642694643925E+00    0.180307052424894214E+10    0.344821140070120397E+06   -0.151378390907045628E+03
    0.799525294033695433E+00    0.804151660457846695E+00    0.173569630453616071E+10    0.318884977745455108E+06   -0.151372013784564786E+03
    0.698020353416075046E+00    0.730700829540109620E+00    0.175582390472012711E+10    0.357140153239312815E+06   -0.151333369714167304E+03
    0.716415977861972086E+00    0.797399121479406947E+00    0.175023280850065041E+10    0.346830129328417534E+06   -0.151310182579868325E+03
    0.735912351168173884E+00    0.766316403107035082E+00    0.174721167449531889E+10    0.356691452433054626E+06   -0.151274123402234693E+03
    0.708524665669203135E+00    0.760589254492516353E+00    0.180331536671239352E+10    0.347512172909816029E+06   -0.151272937337120993E+03
    0.799261760690842982E+00    0.737759337707994955E+00    0.174342517612097239E+10    0.325656226209747547E+06   -0.151250992611144511E+03
    0.792567325665147981E+00    0.735012423822561267E+00    0.172540874412412500E+10    0.326845814843135362E+06   -0.151195067162970872E+03
    0.728738324407516180E+00    0.725147019561535267E+00    0.177225207612349272E+10    0.344864437985579367E+06   -0.151182264104239152E+03
    0.747717101516669924E+00    0.736940272004137142E+00    0.178807884607586408E+10    0.338027389027717873E+06   -0.151161805663968948E+03
    0.706773340605205691E+00    0.771984989463701865E+00    0.179989833980093265E+10    0.355491094509211660E+06   -0.151159026866275838E+03
    0.768957318153203229E+00    0.717553891325638293E+00    0.174291939424475074E+10    0.341709760501423094E+06   -0.151140300932244088E+03
    0.698762212876920419E+00    0.740401154697507113E+00    0.176670908153227735E+10    0.333451806139164662E+06   -0.151135598157331174E+03
    0.800235472521044877E+00    0.804321557125499353E+00    0.172146785332357979E+10    0.355007541698744579E+06   -0.151109069170322073E+03
    0.703039499287706704E+00    0.732187892576206423E+00    0.180215736466905141E+10    0.352709867398685252E+06   -0.151092591689814242E+03
    0.770338966181607021E+00    0.808040249638280361E+00    0.176458554653932905E+10    0.338671059954209195E+06   -0.151070380709052301E+03
    0.752017360422464587E+00    0.743856877817433038E+00    0.172655345235641861E+10    0.339278567262763332E+06   -0.151047901678698111E+03
    0.817251927040534842E+00    0.769406817030830137E+00    0.177176098413010716E+10    0.318328339662460960E+06   -0.151010241429263260E+03
    0.716342441882055092E+00    0.830517305434593123E+00    0.176016168596572757E+10    0.355021796323554590E+06   -0.150973179546621282E+03
    0.785894017897638797E+00    0.707620208977043141E+00    0.176304442171650100E+10    0.327880090103835159E+06   -0.150947913454319917E+03
    0.807392094320479869E+00    0.712439124475951591E+00    0.176558592358289218E+10    0.329620338507252687E+06   -0.150917425945269429E+03
    0.676874872361204138E+00    0.754312140125497521E+00    0.181268376293156672E+10    0.362118262539152347E+06   -0.150909492509393601E+03
    0.737119275704343879E+00    0.778436086999371835E+00    0.178863343301850104E+10    0.352579776461425936E+06   -0.150907444676092325E+03
    0.808958888621106431E+00    0.757822997365197093E+00    0.172506649938003039E+10    0.332599908842377423E+06   -0.150890309905388904E+03
    0.786675254769234056E+00    0.705336320108378434E+00    0.175731134033445644E+10    0.318035793916065246E+06   -0.150872977550745674E+03
    0.803107572858950514E+00    0.775166335883878510E+00    0.174899618009125400E+10    0.337784529200882534E+06   -0.150817064078279941E+03
    0.766377323821044065E+00    0.696449657920132470E+00    0.175801651695510960E+10    0.337459416005913808E+06   -0.150794968577064822E+03
    0.704389764500334192E+00    0.689523876473963959E+00    0.182280674833400536E+10    0.331012728171303461E+06   -0.150760881945253942E+03
    0.705906046360273765E+00    0.744940067672603679E+00    0.176186577431868148E+10    0.355170804375683190E+06   -0.150735805826003713E+03
    0.760629098035807472E+00    0.783389069441396302E+00    0.172750109532183313E+10    0.327037943313456664E+06   -0.150695447888050722E+03
    0.831757091342517074E+00    0.756783046772727008E+00    0.173919255590410781E+10    0.320752656061415037E+06   -0.150685424956894167E+03
    0.788286772422378657E+00    0.757514685438374080E+00    0.172644249037184715E+10    0.321283070093488321E+06   -0.150681337388817894E+03
    0.737934899376576636E+00    0.754990205610337028E+00    0.174604264204697537E+10    0.343979845146986598E+06   -0.150612846622751022E+03
    0.721187304567886600E+00    0.730656112046577100E+00    0.176233540663970423E+10    0.354148110290893412E+06   -0.150601169251839849E+03
    0.776238283358316572E+00    0.757868763158432213E+00    0.174027807235122156E+10    0.328381353943480121E+06   -0.150584435048494612E+03
    0.793189727237841868E+00    0.714594074774854704E+00    0.171815168383976030E+10    0.344310604145065183E+06   -0.150584199409845496E+03
    0.797701445641919471E+00    0.749277035628495458E+00    0.173335965956743574E+10    0.344134290614691272E+06   -0.150544070823008013E+03
    0.794100987648423740E+00    0.798372296201079301E+00    0.173000890097038865E+10    0.323352632150682446E+06   -0.150502967874821024E+03
    0.754077561449699174E+00    0.703512427193143441E+00    0.176994395667587256E+10    0.328278713616188616E+06   -0.150472640420279106E+03
    0.715342728847375930E+00    0.769676621097552083E+00    0.176832333040798831E+10    0.345003489466198720E+06   -0.150471706474620078E+03
    0.717584953971649897E+00    0.716243629774381052E+00    0.177450270789891720E+10    0.347665886152215768E+06   -0.150457444421608898E+03
    0.705947505413351606E+00    0.780900059599907159E+00    0.177081801963076973E+10    0.354932310799166851E+06   -0.150432888537826017E+03
    0.753081771093667585E+00    0.806497857797921380E+00    0.176974282783222771E+10    0.328029175565090904E+06   -0.150415172817506800E+03
    0.730872327233698105E+00    0.795691841187456728E+00    0.178015278138932371E+10    0.346647337903739710E+06   -0.150391540094131699E+03
    0.707312183620331214E+00    0.775472947946220348E+00    0.179370820596960378E+10    0.348165553758469527E+06   -0.150387203567045702E+03
    0.721469382870385534E+00    0.778827029854605613E+00    0.180082094412777710E+10    0.337397809771492495E+06   -0.150377377558602632E+03
    0.773329408993809420E+00    0.747264507778101272E+00    0.175781165727949691E+10    0.336995092587742489E+06   -0.150373730301179705E+03
    0.711421109084157566E+00    0.723392034554963814E+00    0.179948127071213627E+10    0.338782810090692539E+06   -0.150332724214254853E+03
    0.711282563096494180E+00    0.698873374844549922E+00    0.181586097476242352E+10    0.337905930963420775E+06   -0.150325669801477289E+03
    0.826455417294517103E+00    0.754945593134562554E+00    0.174632265782918286E+10    0.316752288475421781E+06   -0.150294598510933696E+03
    0.761590468025173939E+00    0.704423559681494282E+00    0.176594948029646087E+10    0.353497698852945585E+06   -0.150292859988682466E+03
    0.740436622474757056E+00    0.784837354577597512E+00    0.178819295331041503E+10    0.344656631020241766E+06   -0.150275625823839817E+03
    0.803829950300720797E+00    0.776982272504870952E+00    0.172640641461956048E+10    0.332569203199085372E+06   -0.150268054930318812E+03
    0.737017662862982426E+00    0.835511656272802217E+00    0.177612862930366230E+10    0.335522792597984546E+06   -0.150256068067614535E+03
    0.767060186981496250E+00    0.765142610000127732E+00    0.176541857170612168E+10    0.339749488836570177E+06   -0.150255649567374064E+03
    0.723153737040819311E+00    0.732497918053696573E+00    0.178104431498906350E+10    0.338984336773904914E+06   -0.150243054372614068E+03
    0.707215414002402509E+00    0.719455725223862252E+00    0.177855668574179864E+10    0.342300172056819138E+06   -0.150238650436579007E+03
    0.722107242843754382E+00    0.763433902682209897E+00    0.179768480126433396E+10    0.341402751940500108E+06   -0.150217820653692684E+03
    0.798951400355151664E+00    0.750569033026988741E+00    0.175112114305333161E+10    0.320195422358443262E+06   -0.150204917267342722E+03
    0.823022855394365038E+00    0.797012962580608164E+00    0.171587535285451174E+10    0.339573909178826143E+06   -0.150184078880495377E+03
    0.731116935038328974E+00    0.763069126451024538E+00    0.178663682883790302E+10    0.343138570810407458E+06   -0.150161787786011814E+03
    0.721117671836249974E+00    0.784666301693468515E+00    0.176948155305588150E+10    0.357902453081063170E+06   -0.150160855826379873E+03
    0.816741580329484407E+00    0.763360614491272127E+00    0.171984652454222965E+10    0.340076306504336768E+06   -0.150156903230493356E+03
    0.816741580329484407E+00    0.763360614491272127E+00    0.171984652454222965E+10    0.340076306504336768E+06   -0.150156903230493356E+03
    0.830573386034884842E+00    0.778646089222074789E+00    0.173260391640456033E+10    0.319547283977423969E+06   -0.150143575467974131E+03
    0.768359865843771361E+00    0.763287695439251568E+00    0.178430654032575035E+10    0.330710649114397878E+06   -0.150132997121256210E+03
    0.770836444351654770E+00    0.734501020690907502E+00    0.177384213583607793E+10    0.348901470762363053E+06   -0.150096147446223341E+03
    0.709593934642067214E+00    0.743988012405096377E+00    0.179511328172894144E+10    0.330749582134553930E+06   -0.150024653457728931E+03
    0.750935728556394455E+00    0.713619960471067571E+00    0.174108621183824801E+10    0.336666886934825859E+06   -0.150024416646763143E+03
    0.803579394096393673E+00    0.699882872297992620E+00    0.174946000118352270E+10    0.322231812709419639E+06   -0.150022330337629370E+03
    0.784725422293475305E+00    0.757762709067459905E+00    0.175121098174592829E+10    0.326899656370451732E+06   -0.150002188055385830E+03
    0.724981491788324939E+00    0.750004956864475769E+00    0.179883245576355958E+10    0.347608762355457409E+06   -0.149992620022867072E+03
    0.682909152867512081E+00    0.757232272311600951E+00    0.178932133728597164E+10    0.335551547221499612E+06   -0.149990821860731728E+03
    0.682909152867512081E+00    0.757232272311600951E+00    0.178932133728597164E+10    0.335551547221499612E+06   -0.149990821860731728E+03
    0.759510928093437343E+00    0.712728943560271500E+00    0.174078801054691815E+10    0.337201909597561287E+06   -0.149990576342263779E+03
    0.694440853619208265E+00    0.774199375126547906E+00    0.176959968491598868E+10    0.329983851488716202E+06   -0.149946095644383661E+03
    0.785870469010001349E+00    0.763444756201447028E+00    0.175105547311558175E+10    0.351398602931554895E+06   -0.149920474555267162E+03
    0.707656628488443351E+00    0.757212553222028628E+00    0.180475265727067089E+10    0.342377350954011665E+06   -0.149917739017931382E+03
    0.746748489435957952E+00    0.779405326053066450E+00    0.175865047652476621E+10    0.355314158174184384E+06   -0.149917393910755095E+03
    0.726523889102736020E+00    0.764398865778870285E+00    0.178146110251289511E+10    0.347705464666678105E+06   -0.149916744849228593E+03
    0.756278817875382314E+00    0.691455679698657733E+00    0.173385259173444700E+10    0.337339449860586028E+06   -0.149910391803311597E+03
    0.748942582347883912E+00    0.727457556267958161E+00    0.175527095851882505E+10    0.336975930018444837E+06   -0.149874754065177001E+03
    0.774884210275168961E+00    0.742018597018178294E+00    0.175968603802283287E+10    0.347407610760892043E+06   -0.149850221797664318E+03
    0.740155207985897068E+00    0.716124754682187614E+00    0.178349113816536760E+10    0.332234332759227254E+06   -0.149845581606468954E+03
    0.733865160230881997E+00    0.733008358316165953E+00    0.177021874124077296E+10    0.346501998245646071E+06   -0.149826604727689357E+03
    0.787819652532541603E+00    0.726104373800241287E+00    0.173978131870016551E+10    0.337193477651869063E+06   -0.149817265112381449E+03
    0.787819652532541603E+00    0.726104373800241287E+00    0.173978131870016551E+10    0.337193477651869063E+06   -0.149817265112381449E+03
    0.718763227365011859E+00    0.770345323260608339E+00    0.176900413820477200E+10    0.343914220257550129E+06   -0.149806801619572127E+03
    0.718763227365011859E+00    0.770345323260608339E+00    0.176900413820477200E+10    0.343914220257550129E+06   -0.149806801619572127E+03
    0.803687604248118803E+00    0.763735955577434122E+00    0.174364046288471603E+10    0.326800234338072070E+06   -0.149804245476200322E+03
    0.754110022305568228E+00    0.766748681125859921E+00    0.176294360817931962E+10    0.341475988267543959E+06   -0.149785094665362806E+03
    0.754110022305568228E+00    0.766748681125859921E+00    0.176294360817931962E+10    0.341475988267543959E+06   -0.149785094665362806E+03
    0.726703481561954634E+00    0.719627236708413331E+00    0.173367084768283534E+10    0.333755164761246881E+06   -0.149779158886291839E+03
    0.790943444587818068E+00    0.742193551689323883E+00    0.174433273958406329E+10    0.338142019434737042E+06   -0.149773646532083660E+03
    0.790943444587818068E+00    0.742193551689323883E+00    0.174433273958406329E+10    0.338142019434737042E+06   -0.149773646532083660E+03
    0.734291719893744643E+00    0.713953367904163194E+00    0.176540279373005581E+10    0.348496890793941740E+06   -0.149755679025590780E+03
    0.751664073010061662E+00    0.749715123116682314E+00    0.175058839307597375E+10    0.329247081217582105E+06   -0.149747072177419824E+03
    0.751664073010061662E+00    0.749715123116682314E+00    0.175058839307597375E+10    0.329247081217582105E+06   -0.149747072177419824E+03
    0.749661729641694641E+00    0.745470308534604609E+00    0.177978097312528038E+10    0.347851407262777677E+06   -0.149745294849652282E+03
    0.813617448250701036E+00    0.775744131810298221E+00    0.174492449939312673E+10    0.334307663036055572E+06   -0.149740331615288085E+03
    0.788702674177749863E+00    0.709460509486508517E+00    0.174188447382912445E+10    0.338360184171389847E+06   -0.149732147902133306E+03
    0.691353261093076155E+00    0.730251544090293248E+00    0.179865925617205024E+10    0.334994218190903310E+06   -0.149729530831443583E+03
    0.728348372349531759E+00    0.760455659623580527E+00    0.176863007347992587E+10    0.339318465633812302E+06   -0.149685436212333173E+03
    0.760035800579611509E+00    0.771060787312460860E+00    0.176560999109220386E+10    0.338950469074751658E+06   -0.149670287963532530E+03
    0.760035800579611509E+00    0.771060787312460860E+00    0.176560999109220386E+10    0.338950469074751658E+06   -0.149670287963532530E+03
    0.704769523064527115E+00    0.771340801840226575E+00    0.177353748070693064E+10    0.327681257781282708E+06   -0.149658017629170445E+03
    0.704769523064527115E+00    0.771340801840226575E+00    0.177353748070693064E+10    0.327681257781282708E+06   -0.149658017629170445E+03
    0.750701019641739631E+00    0.740726062536899654E+00    0.174611105687777829E+10    0.334864739151219255E+06   -0.149652906769491295E+03
    0.779138810582700403E+00    0.763550974778351321E+00    0.172816215776412511E+10    0.326269910927008314E+06   -0.149644651371768873E+03
    0.772870620731005320E+00    0.748404629669717103E+00    0.174586255185117674E+10    0.336666641910527309E+06   -0.149635172262676178E+03
    0.728965986497241536E+00    0.795870973309151797E+00    0.177046217758915591E+10    0.347164233642620558E+06   -0.149610248804750597E+03
    0.741499929262210644E+00    0.798330145799411639E+00    0.180267006791157866E+10    0.327082852390795248E+06   -0.149605739574182564E+03
    0.764072821503041011E+00    0.700351485086059267E+00    0.175033612307314944E+10    0.340601112033800106E+06   -0.149603538130681699E+03
    0.766790247816012016E+00    0.742631563622126123E+00    0.176524625290712619E+10    0.350015883988872170E+06   -0.149586943241647731E+03
    0.792027712159571462E+00    0.761999740504637924E+00    0.174444446000242615E+10    0.330549050585721910E+06   -0.149567990199615650E+03
    0.773717123634018011E+00    0.684532620497172228E+00    0.173464974031976104E+10    0.327166064561807201E+06   -0.149547737697260459E+03
    0.773717123634018011E+00    0.684532620497172228E+00    0.173464974031976104E+10    0.327166064561807201E+06   -0.149547737697260459E+03
    0.724410174058457090E+00    0.745734166473143834E+00    0.177864030955687547E+10    0.351724994013471296E+06   -0.149541614689782136E+03
    0.801695007604571352E+00    0.728474520689782246E+00    0.174960559928884935E+10    0.328925749257057614E+06   -0.149536929958656572E+03
    0.703846178419760826E+00    0.761355793666560032E+00    0.180368202409430480E+10    0.346861832464438747E+06   -0.149524618014973697E+03
    0.703846178419760826E+00    0.761355793666560032E+00    0.180368202409430480E+10    0.346861832464438747E+06   -0.149524618014973697E+03
    0.701221601983708309E+00    0.764685155029386276E+00    0.179631263793423271E+10    0.333417817597691028E+06   -0.149523374065393512E+03
    0.764204977981657985E+00    0.716392189454610584E+00    0.176504986014470148E+10    0.327191395977250941E+06   -0.149494212578006596E+03
    0.748228053544907845E+00    0.731861896328350081E+00    0.176818232617323351E+10    0.332427374090668629E+06   -0.149482703153973034E+03
    0.746681476956933321E+00    0.710927667758826765E+00    0.177156212023857665E+10    0.345396706051900459E+06   -0.149470294172061358E+03
    0.784279032788374519E+00    0.785816059399480960E+00    0.175753670331531906E+10    0.343723686424235115E+06   -0.149458259975123127E+03
    0.784279032788374519E+00    0.785816059399480960E+00    0.175753670331531906E+10    0.343723686424235115E+06   -0.149458259975123127E+03
    0.809994417710847792E+00    0.743930703607142085E+00    0.173409266549880481E+10    0.348189368252900604E+06   -0.149455951290740984E+03
    0.747764222599886064E+00    0.783030770239465213E+00    0.175526610427037573E+10    0.349709291487113398E+06   -0.149455134309141272E+03
    0.703523438925761191E+00    0.745992020270594747E+00    0.179177955398836899E+10    0.331910994435669738E+06   -0.149434820374659637E+03
    0.714637385860355967E+00    0.715841657177652024E+00    0.177521869464153481E+10    0.333885202780929743E+06   -0.149420586816621267E+03
    0.715668637436286170E+00    0.760848720862243866E+00    0.181242319790218401E+10    0.345881604638933961E+06   -0.149419064639583922E+03
    0.797554080403785171E+00    0.764744609492551852E+00    0.173920503142038846E+10    0.334638296984810906E+06   -0.149418432437825658E+03
    0.801398668697125727E+00    0.757416976955797683E+00    0.172514721311540723E+10    0.338358633459429839E+06   -0.149398096422500430E+03
    0.721867366784530340E+00    0.772602928098843567E+00    0.180236340095676017E+10    0.340528586652843514E+06   -0.149376729623052910E+03
    0.815098768291256603E+00    0.726298405808364134E+00    0.173611685973212433E+10    0.332156709235233197E+06   -0.149352047697941970E+03
    0.760982133957678331E+00    0.732153076581033346E+00    0.173892914712792587E+10    0.331547677311118459E+06   -0.149327364680478581E+03
    0.708089504648122814E+00    0.735506149456941039E+00    0.180246847083170295E+10    0.345780314678724331E+06   -0.149324120300530979E+03
    0.708089504648122814E+00    0.735506149456941039E+00    0.180246847083170295E+10    0.345780314678724331E+06   -0.149324120300530979E+03
    0.760440968704214515E+00    0.783985257737957131E+00    0.175688507106533313E+10    0.350542031990642427E+06   -0.149288476475514528E+03
    0.756711745000525848E+00    0.750572293593509521E+00    0.178396044239156175E+10    0.344835742514570476E+06   -0.149284649414512330E+03
    0.703526110417530659E+00    0.747023238818368629E+00    0.177316453803174615E+10    0.342018403609720699E+06   -0.149258093122090088E+03
    0.719039250288222243E+00    0.736180050041382206E+00    0.177996859556668496E+10    0.341225368225178681E+06   -0.149245435183373019E+03
    0.716749581306872496E+00    0.702430216872877544E+00    0.178602619393483090E+10    0.330575512007140147E+06   -0.149245346145976725E+03
    0.722967143763400544E+00    0.715438363978155856E+00    0.176700302213679528E+10    0.351400161656204495E+06   -0.149185914744596062E+03
    0.763217948673077351E+00    0.749558217106986557E+00    0.177552593987176514E+10    0.336841668341266573E+06   -0.149169267543023153E+03
    0.762646517098175436E+00    0.756057023918380366E+00    0.176575854551802135E+10    0.339824142639049853E+06   -0.149163445450741506E+03
    0.725879791455930179E+00    0.756917651459829255E+00    0.175164550060885644E+10    0.352043034018625214E+06   -0.149161114146603836E+03
    0.725879791455930179E+00    0.756917651459829255E+00    0.175164550060885644E+10    0.352043034018625214E+06   -0.149161114146603836E+03
    0.730370476460762696E+00    0.747750919412217385E+00    0.180303416514486098E+10    0.342563919976626406E+06   -0.149156513731669918E+03
    0.730370476460762696E+00    0.747750919412217385E+00    0.180303416514486098E+10    0.342563919976626406E+06   -0.149156513731669918E+03
    0.756537491968207965E+00    0.747633316887865274E+00    0.173570726504912376E+10    0.331472815900468035E+06   -0.149140528245633789E+03
    0.755145439104980554E+00    0.784288550054250244E+00    0.175404248941260767E+10    0.350042269044362358E+06   -0.149130556450141398E+03
    0.777697967912333921E+00    0.760529635331050891E+00    0.173840209163761258E+10    0.328024983067362162E+06   -0.149122025289056893E+03
    0.777697967912333921E+00    0.760529635331050891E+00    0.173840209163761258E+10    0.328024983067362162E+06   -0.149122025289056893E+03
    0.784952786817343373E+00    0.773642934568102625E+00    0.176052771294883728E+10    0.343938939875118143E+06   -0.149117487209888822E+03
    0.772122722197815414E+00    0.772775877731089800E+00    0.176614389294675517E+10    0.340550199620530126E+06   -0.149117206783371444E+03
    0.772122722197815414E+00    0.772775877731089800E+00    0.176614389294675517E+10    0.340550199620530126E+06   -0.149117206783371444E+03
    0.726216090064250919E+00    0.693265483382360159E+00    0.178917001677915716E+10    0.329090084085460461E+06   -0.149113694509888546E+03
    0.726216090064250919E+00    0.693265483382360159E+00    0.178917001677915716E+10    0.329090084085460461E+06   -0.149113694509888546E+03
    0.710578710581639350E+00    0.800775064016237437E+00    0.177592128309757972E+10    0.333480658317141701E+06   -0.149096255676748854E+03
    0.710578710581639350E+00    0.800775064016237437E+00    0.177592128309757972E+10    0.333480658317141701E+06   -0.149096255676748854E+03
    0.809187202726881827E+00    0.745039166456908930E+00    0.173710708079445529E+10    0.328051110902719432E+06   -0.149092795058918739E+03
    0.740335896303029983E+00    0.772016860304141517E+00    0.175665162161477637E+10    0.356144263287748909E+06   -0.149085802856832061E+03
    0.726729782327784624E+00    0.718886959426426220E+00    0.180997962316511035E+10    0.346105802814169670E+06   -0.149085574668777923E+03
    0.729978123926593114E+00    0.735366572800108198E+00    0.177284557729098582E+10    0.351111151190391509E+06   -0.149082306342731698E+03
    0.790423038136767953E+00    0.764965217660327657E+00    0.176435541780747437E+10    0.347980620379337342E+06   -0.149080748266321052E+03
    0.790423038136767953E+00    0.764965217660327657E+00    0.176435541780747437E+10    0.347980620379337342E+06   -0.149080748266321052E+03
    0.769952648612242774E+00    0.761737131447797644E+00    0.176777848022889900E+10    0.337312400427965040E+06   -0.149074469835029589E+03
    0.749012562406839888E+00    0.796492092276546160E+00    0.177034670469074774E+10    0.350652719005977095E+06   -0.149071791136070061E+03
    0.782511223957763291E+00    0.706093088558878090E+00    0.175518302741653061E+10    0.335562778770431585E+06   -0.149070066918107813E+03
    0.735344623075964710E+00    0.811673090797635055E+00    0.178414570702194595E+10    0.330180495419794635E+06   -0.149061171453764246E+03
    0.756990296802424356E+00    0.796128267356880137E+00    0.175971376930555153E+10    0.356636925546591403E+06   -0.149060453359618236E+03
    0.795530479449259031E+00    0.782973263016884857E+00    0.173939392311685681E+10    0.340125853014808672E+06   -0.149048792858612188E+03
    0.747563800279569035E+00    0.738932242653498772E+00    0.175314298663958192E+10    0.346074032785036252E+06   -0.149047852373364947E+03
    0.747563800279569035E+00    0.738932242653498772E+00    0.175314298663958192E+10    0.346074032785036252E+06   -0.149047852373364947E+03
    0.752790259819292928E+00    0.696939014934367052E+00    0.176486674766263652E+10    0.332854243175348907E+06   -0.149034861185848285E+03
    0.752790259819292928E+00    0.696939014934367052E+00    0.176486674766263652E+10    0.332854243175348907E+06   -0.149034861185848285E+03
    0.751676962524666537E+00    0.768490326164876780E+00    0.176628140312965965E+10    0.344804421839621500E+06   -0.149032531147183221E+03
    0.751676962524666537E+00    0.768490326164876780E+00    0.176628140312965965E+10    0.344804421839621500E+06   -0.149032531147183221E+03
    0.729420069971222551E+00    0.706726752512392142E+00    0.179660417642064571E+10    0.339374005210792879E+06   -0.149026047384495030E+03
    0.778795224728152657E+00    0.747958223209801876E+00    0.175241364084903932E+10    0.351346694876868976E+06   -0.149023163227692038E+03
    0.762195153957598404E+00    0.736920666772650890E+00    0.176986327960929918E+10    0.330665856072740979E+06   -0.149020274949194430E+03
    0.701992984764876038E+00    0.758015994942385696E+00    0.178055800168237448E+10    0.355603026359719806E+06   -0.148997635747662002E+03
    0.753798470427531897E+00    0.746470166220192244E+00    0.178051246816734338E+10    0.338157090165879345E+06   -0.148993690957705354E+03
    0.772127129181181981E+00    0.748961072252125160E+00    0.177133192883644271E+10    0.341627528181875881E+06   -0.148993603878407498E+03
    0.720637228151893683E+00    0.823206019847129600E+00    0.179975900887287998E+10    0.338371411214054446E+06   -0.148987170603559264E+03
    0.711531557721737151E+00    0.771779621329368393E+00    0.177018010825529552E+10    0.335766861499722989E+06   -0.148982841549969777E+03
    0.783207562963374793E+00    0.749246074367420967E+00    0.175161045921000600E+10    0.350489725503059279E+06   -0.148958287374930535E+03
    0.697560076590790112E+00    0.756543021441197894E+00    0.177888112810454416E+10    0.344001315242008131E+06   -0.148952446623024571E+03
    0.743855098132563786E+00    0.720867914392592013E+00    0.178490219778057671E+10    0.345387590360171511E+06   -0.148951365927648226E+03
    0.768166914251232846E+00    0.813342548852348024E+00    0.176942357517299128E+10    0.346847558608018910E+06   -0.148939479620072746E+03
    0.749994744645990030E+00    0.810976513714364522E+00    0.176005678339510083E+10    0.349086404833832115E+06   -0.148937987049865910E+03
    0.713732278880503945E+00    0.761626352651793237E+00    0.181179655889908004E+10    0.342345956001284067E+06   -0.148937884112449638E+03
    0.706270621566121526E+00    0.744695061894848465E+00    0.175879801545272064E+10    0.335019726821007964E+06   -0.148930060617374266E+03
    0.718118372998872934E+00    0.766656307039339513E+00    0.178608599539973736E+10    0.341063278934946575E+06   -0.148917192488381460E+03
    0.762304435628459398E+00    0.717131362615368140E+00    0.177210610276610494E+10    0.331736302954424464E+06   -0.148909428564774316E+03
    0.762304435628459398E+00    0.717131362615368140E+00    0.177210610276610494E+10    0.331736302954424464E+06   -0.148909428564774316E+03
    0.732849452537529422E+00    0.749126053670814862E+00    0.176039439491372991E+10    0.329542977773783670E+06   -0.148906770887658126E+03
    0.732849452537529422E+00    0.749126053670814862E+00    0.176039439491372991E+10    0.329542977773783670E+06   -0.148906770887658126E+03
    0.772566290860787097E+00    0.701845243100437610E+00    0.175523944757441616E+10    0.328587346003131766E+06   -0.148904599512998601E+03
    0.770515790737940631E+00    0.766661957806010097E+00    0.177282730017633176E+10    0.343245775103091320E+06   -0.148887050065682246E+03
    0.750822698011782808E+00    0.710091100088816152E+00    0.177648130469030619E+10    0.336471374233324837E+06   -0.148855936442878999E+03
    0.712908530991053002E+00    0.748911270389913675E+00    0.178950834276868939E+10    0.353755127370876377E+06   -0.148846498095385641E+03
    0.760901825324600267E+00    0.723184341702474143E+00    0.176742075632761669E+10    0.350551543805008347E+06   -0.148837429612504025E+03
    0.779821396258763455E+00    0.726315021850517439E+00    0.174857966006187057E+10    0.337211391074471874E+06   -0.148832315933648601E+03
    0.727463031209127031E+00    0.732814040015036028E+00    0.178471280443633032E+10    0.337263513636678515E+06   -0.148829095805538827E+03
    0.753204809365996097E+00    0.751304549503871044E+00    0.177353346981277609E+10    0.334365897242007719E+06   -0.148824013767623768E+03
    0.722897921341375649E+00    0.753442047190927333E+00    0.179443571690021396E+10    0.343236163468888146E+06   -0.148806730934709691E+03
    0.704612977296681153E+00    0.765679434517472224E+00    0.178828978515809584E+10    0.356443888834175537E+06   -0.148803874174693959E+03
    0.791197022997316091E+00    0.722048858659589232E+00    0.174880914709969115E+10    0.338753811758007039E+06   -0.148752927024269525E+03
    0.791197022997316091E+00    0.722048858659589232E+00    0.174880914709969115E+10    0.338753811758007039E+06   -0.148752927024269525E+03
    0.694642448433264614E+00    0.758416603175972259E+00    0.178689696470622063E+10    0.351829693908395595E+06   -0.148749225952631946E+03
    0.729975179025090459E+00    0.765504023497975528E+00    0.176550644888675857E+10    0.341622377544747142E+06   -0.148748833661880042E+03
    0.725774289312679510E+00    0.734129500728663231E+00    0.179761489129047251E+10    0.342463997985428956E+06   -0.148745623802989712E+03
    0.725774289312679510E+00    0.734129500728663231E+00    0.179761489129047251E+10    0.342463997985428956E+06   -0.148745623802989712E+03
    0.772238754223455670E+00    0.753145758030254520E+00    0.176968224395901823E+10    0.328803636609971290E+06   -0.148741134190645198E+03
    0.738472748994011274E+00    0.724286427377426989E+00    0.176614545648457360E+10    0.337986538816093409E+06   -0.148732854646050839E+03
    0.771633226657478244E+00    0.704631918316756867E+00    0.175658345909615350E+10    0.338485812166566728E+06   -0.148703846587127771E+03
    0.714953000084992629E+00    0.813892189668513399E+00    0.181170681438897896E+10    0.340626507939335250E+06   -0.148693170371333707E+03
    0.736473437349021709E+00    0.750550158713986892E+00    0.175266436426634550E+10    0.332957464181764983E+06   -0.148658970233304018E+03
    0.713353687365906763E+00    0.766810170083596976E+00    0.177502303203674912E+10    0.332861232235336502E+06   -0.148657458215528976E+03
    0.713353687365906763E+00    0.766810170083596976E+00    0.177502303203674912E+10    0.332861232235336502E+06   -0.148657458215528976E+03
    0.744311164817009985E+00    0.762977082827152930E+00    0.176851015318033099E+10    0.350280144935712044E+06   -0.148654889754708790E+03
    0.744311164817009985E+00    0.762977082827152930E+00    0.176851015318033099E+10    0.350280144935712044E+06   -0.148654889754708790E+03
    0.738373139129434031E+00    0.745406580373796590E+00    0.177005882365819144E+10    0.335465985585859104E+06   -0.148643263491839377E+03
    0.738373139129434031E+00    0.745406580373796590E+00    0.177005882365819144E+10    0.335465985585859104E+06   -0.148643263491839377E+03
    0.714195121793645193E+00    0.773974834747611418E+00    0.175900690137566876E+10    0.345574051734643464E+06   -0.148629885671817306E+03
    0.706714767819678791E+00    0.763989741403888534E+00    0.181806057140783477E+10    0.349429950074534107E+06   -0.148625770456679902E+03
    0.789456766810948674E+00    0.762095348245677151E+00    0.174864658930070424E+10    0.329479399806490343E+06   -0.148607898591822391E+03
    0.760499376786208381E+00    0.739301871911674180E+00    0.176295522923683524E+10    0.339037840438063373E+06   -0.148599866452581068E+03
    0.710645808256158973E+00    0.775213693621715993E+00    0.175455068356963110E+10    0.348831062131122628E+06   -0.148580481440392248E+03
    0.701016813674397277E+00    0.735889503939722189E+00    0.178249476939972019E+10    0.345558203140430618E+06   -0.148579052423136318E+03
    0.701016813674397277E+00    0.735889503939722189E+00    0.178249476939972019E+10    0.345558203140430618E+06   -0.148579052423136318E+03
    0.713161346739194957E+00    0.810296417537980318E+00    0.181175919286453772E+10    0.339520492352434318E+06   -0.148578163122654644E+03
    0.765526289820142924E+00    0.746918825185276969E+00    0.175139305978899336E+10    0.354445891414706362E+06   -0.148574219703230312E+03
    0.763551398171579798E+00    0.740872468541136531E+00    0.176106703934491420E+10    0.329467861246876419E+06   -0.148545168160807577E+03
    0.763551398171579798E+00    0.740872468541136531E+00    0.176106703934491420E+10    0.329467861246876419E+06   -0.148545168160807577E+03
    0.717145597810421198E+00    0.773830955172998713E+00    0.178884274093324685E+10    0.344860528455691878E+06   -0.148544056320536356E+03
    0.747924081864858703E+00    0.725318869380455755E+00    0.176212225722870469E+10    0.338397433042209945E+06   -0.148537835044128258E+03
    0.731457244544839735E+00    0.748330008758668175E+00    0.177594641489205074E+10    0.333158788843719230E+06   -0.148535342699828220E+03
    0.741947841271729636E+00    0.823042231032807159E+00    0.177463546684958363E+10    0.339672770854617702E+06   -0.148529059570533263E+03
    0.741947841271729636E+00    0.823042231032807159E+00    0.177463546684958363E+10    0.339672770854617702E+06   -0.148529059570533263E+03
    0.718128516567355657E+00    0.735806428102652621E+00    0.177671769033443618E+10    0.353566936240170849E+06   -0.148525679066492387E+03
    0.728659184048717323E+00    0.799097048872202897E+00    0.177679205132044888E+10    0.351075796449170099E+06   -0.148524409275670479E+03
    0.728659184048717323E+00    0.799097048872202897E+00    0.177679205132044888E+10    0.351075796449170099E+06   -0.148524409275670479E+03
    0.733101317983482104E+00    0.847145858642340155E+00    0.177490004153574729E+10    0.348242792930004885E+06   -0.148523017507600315E+03
    0.727435393126740215E+00    0.834262115567415030E+00    0.177052364669596982E+10    0.349211764197320736E+06   -0.148517239996639944E+03
    0.735628149540617837E+00    0.729572732183802142E+00    0.174600174898774219E+10    0.330097486615900125E+06   -0.148515557404621461E+03
    0.776464952628764138E+00    0.743400159920459380E+00    0.176429950523633623E+10    0.335281941296443925E+06   -0.148510010888539540E+03
    0.772899393744087670E+00    0.732075211868074227E+00    0.176701109657468677E+10    0.343387839840462315E+06   -0.148508067414495088E+03
    0.730453739825278614E+00    0.806168565364324685E+00    0.176118810775914121E+10    0.346225804710036784E+06   -0.148506269020032477E+03
    0.742928321905756639E+00    0.734382204863253563E+00    0.178685210222638083E+10    0.333200826644702465E+06   -0.148503163514532559E+03
    0.760452553839530365E+00    0.741605400449238950E+00    0.176892072332924533E+10    0.349036413929580653E+06   -0.148499011612829918E+03
    0.774338766467840833E+00    0.755971418965960762E+00    0.176683190192405391E+10    0.335981675770921458E+06   -0.148498720653314706E+03
    0.746087641132024970E+00    0.718388553158677112E+00    0.174617913941673613E+10    0.327322228793572052E+06   -0.148492480560375554E+03
    0.784391738440949560E+00    0.717555463641912361E+00    0.175097263423100829E+10    0.331491350820443069E+06   -0.148469503722633021E+03
    0.723635296957373275E+00    0.794302583968363507E+00    0.175405983560019207E+10    0.346139076975088741E+06   -0.148463187813641639E+03
    0.792075688848016268E+00    0.709316179488860055E+00    0.175430602802769518E+10    0.337809864628273121E+06   -0.148460412809859690E+03
    0.792075688848016268E+00    0.709316179488860055E+00    0.175430602802769518E+10    0.337809864628273121E+06   -0.148460412809859690E+03
    0.726971337593784184E+00    0.801532001797728100E+00    0.177260464888654160E+10    0.338237557964688574E+06   -0.148458611771016280E+03
    0.693681187088145856E+00    0.754431477353127100E+00    0.179073564018133020E+10    0.352526573848866567E+06   -0.148456451165095643E+03
    0.711427751187608703E+00    0.777296806831691001E+00    0.177398596088436127E+10    0.352301080851402658E+06   -0.148442108337457285E+03
    0.745376795731808595E+00    0.718062435035942581E+00    0.178171251818535566E+10    0.333496044721556711E+06   -0.148424494914013906E+03
    0.730513440900886546E+00    0.750741362095079801E+00    0.178999732222712660E+10    0.348177612485221878E+06   -0.148417632192432961E+03
    0.714401654752047199E+00    0.710279259015964559E+00    0.179152527097737408E+10    0.345364244356626063E+06   -0.148415736087270233E+03
    0.777801874636674717E+00    0.754330823822692231E+00    0.175722768863887286E+10    0.329333710784421419E+06   -0.148394343188122832E+03
    0.777924835817422888E+00    0.701529859125752608E+00    0.173752407048113084E+10    0.334311324022680346E+06   -0.148388726805306021E+03
    0.728337132626317163E+00    0.762748168364370649E+00    0.179346233638642788E+10    0.341533760856937850E+06   -0.148386493564611186E+03
    0.741692045481946227E+00    0.809042839986169771E+00    0.177192599743290281E+10    0.348184574037930637E+06   -0.148382489821714245E+03
    0.758487036367610612E+00    0.791748476647280430E+00    0.175999995844969869E+10    0.350744782855310943E+06   -0.148373326581136780E+03
    0.736030101925591373E+00    0.725200613854206200E+00    0.177811079774328041E+10    0.346016285446422931E+06   -0.148343077025979483E+03
    0.735297270120417124E+00    0.755826914987192122E+00    0.176831807380025578E+10    0.328717728773047391E+06   -0.148340657314123661E+03
    0.730193248209107915E+00    0.775456444179447146E+00    0.178794689937250781E+10    0.348811785159937222E+06   -0.148338728035776455E+03
    0.745521827986190377E+00    0.752958869689653643E+00    0.177534504505865955E+10    0.345413316580059880E+06   -0.148338276398980923E+03
    0.743843229572043296E+00    0.814544071568484629E+00    0.178675328080380583E+10    0.340789406695628248E+06   -0.148337906605791318E+03
    0.743843229572043296E+00    0.814544071568484629E+00    0.178675328080380583E+10    0.340789406695628248E+06   -0.148337906605791318E+03
    0.758948192206865380E+00    0.716695661608775847E+00    0.174596350230703044E+10    0.333002397778890445E+06   -0.148329274769760104E+03
    0.752230767064158257E+00    0.733345240006077592E+00    0.175926653031601977E+10    0.343594515037632897E+06   -0.148318012788397198E+03
    0.737214895724151775E+00    0.785358545114567708E+00    0.175386459404143023E+10    0.347285240987578174E+06   -0.148310056105351009E+03
    0.788397331791511946E+00    0.718126732796164458E+00    0.173439874291173458E+10    0.341482525543921452E+06   -0.148304170012145988E+03
    0.732043171411308924E+00    0.731611500033071849E+00    0.178627860005233002E+10    0.335142438466655847E+06   -0.148297261042573069E+03
    0.730976799485364537E+00    0.778263854266408650E+00    0.176740981818277431E+10    0.349244651496513397E+06   -0.148294033727481292E+03
    0.718562060950448389E+00    0.771687379196728696E+00    0.178683250933074880E+10    0.353681274350084772E+06   -0.148283028015547956E+03
    0.768373841403192426E+00    0.757708098518611095E+00    0.175975033917106867E+10    0.345993030313739146E+06   -0.148273024548681889E+03
    0.719519069032357517E+00    0.746847437124759317E+00    0.177705812132262278E+10    0.346023293326677871E+06   -0.148263701728023506E+03
    0.731106209413968422E+00    0.740938195673821909E+00    0.176978296576643252E+10    0.335834680129608256E+06   -0.148261816340901902E+03
    0.747571521237566650E+00    0.760011620020315970E+00    0.176669442428463793E+10    0.341388216823255760E+06   -0.148258139519546944E+03
    0.771222011783560202E+00    0.739406940342726138E+00    0.175700670235015798E+10    0.352492464916676981E+06   -0.148251619444590261E+03
    0.762487044259277491E+00    0.731084962052872989E+00    0.176830134195637608E+10    0.344735713003911893E+06   -0.148249425656034418E+03
    0.750844090635195638E+00    0.733538712966937734E+00    0.177414318314131737E+10    0.350624768881409895E+06   -0.148239888149325338E+03
    0.794125582948489450E+00    0.779574092740353386E+00    0.176730644758986807E+10    0.340605548121774686E+06   -0.148225280074209394E+03
    0.714823254203113878E+00    0.750874719796616130E+00    0.176762522707060170E+10    0.339203608934720920E+06   -0.148224562448994703E+03
    0.770091432996945935E+00    0.771147178629124852E+00    0.176706645040004516E+10    0.340040896615592239E+06   -0.148217860385403014E+03
    0.726088779411012020E+00    0.761417631009932538E+00    0.175463044863469076E+10    0.328627621726190846E+06   -0.148212485890426819E+03
    0.686296854498107289E+00    0.775560541315047924E+00    0.177989726917166495E+10    0.350134756580890331E+06   -0.148205609356193889E+03
    0.753986919525895360E+00    0.756283915513091376E+00    0.177212066076952147E+10    0.339687134707219957E+06   -0.148204730159412009E+03
    0.763625285598077186E+00    0.703990833791058090E+00    0.175821405713852715E+10    0.336584950436838670E+06   -0.148196744247145432E+03
    0.763625285598077186E+00    0.703990833791058090E+00    0.175821405713852715E+10    0.336584950436838670E+06   -0.148196744247145432E+03
    0.746463076357920308E+00    0.743396970521272404E+00    0.176583738230232906E+10    0.335479969151708647E+06   -0.148189584564391538E+03
    0.756847260714681336E+00    0.707791710079767267E+00    0.177582089323243380E+10    0.330777791683376476E+06   -0.148181362393826134E+03
    0.737043092423834700E+00    0.735641492852452838E+00    0.177606056039895415E+10    0.348540318160248746E+06   -0.148154343389599575E+03
    0.699527351131328246E+00    0.750361660903756444E+00    0.178526740425527167E+10    0.335121985636780504E+06   -0.148143737911040120E+03
    0.697981050706993900E+00    0.724788084578657621E+00    0.178235836160425782E+10    0.329214176613957621E+06   -0.148123921195172016E+03
    0.755129371258795090E+00    0.720220599564856290E+00    0.175319372019248033E+10    0.340851973511713266E+06   -0.148122693755163198E+03
    0.725270020953039940E+00    0.768264459342778760E+00    0.178042615032700253E+10    0.348400402057511499E+06   -0.148114040222515257E+03
    0.742497767127620500E+00    0.696546097143635912E+00    0.178114228974903798E+10    0.339916383538278460E+06   -0.148111665345206063E+03
    0.729326718895358717E+00    0.776452701179727089E+00    0.177340762536818004E+10    0.349917363798603008E+06   -0.148086014993758567E+03
    0.775002939555518355E+00    0.764032275253034410E+00    0.176106528280125856E+10    0.336083140968722932E+06   -0.148084623648754928E+03
    0.713279766325908837E+00    0.738820970066115912E+00    0.177560534136072755E+10    0.339090202161105059E+06   -0.148082329377237727E+03
    0.729921312635483654E+00    0.740339567557827039E+00    0.177230204281437826E+10    0.330947917116699216E+06   -0.148071924935524464E+03
    0.793552506956727410E+00    0.731199640185706379E+00    0.174198365775746751E+10    0.340305866931719240E+06   -0.148069424125587062E+03
    0.710922715310294273E+00    0.734503427431233646E+00    0.178256400088876414E+10    0.331157501381773560E+06   -0.148046002476165597E+03
    0.761205241183320003E+00    0.748696149379579179E+00    0.177280657341879940E+10    0.342602242091526452E+06   -0.148035000889476919E+03
    0.761205241183320003E+00    0.748696149379579179E+00    0.177280657341879940E+10    0.342602242091526452E+06   -0.148035000889476919E+03
    0.721999382206916063E+00    0.691750411372561214E+00    0.178809675444991660E+10    0.331888842708571756E+06   -0.148033257625400097E+03
    0.724886669705975040E+00    0.801266174110539353E+00    0.177244791974342680E+10    0.340957316519799293E+06   -0.148020462459990824E+03
    0.757628004484537820E+00    0.765971060199903686E+00    0.176507817749562669E+10    0.345846730869629537E+06   -0.148016801534723101E+03
    0.747692689238362629E+00    0.729334167811776179E+00    0.176959474616824961E+10    0.346796583849403367E+06   -0.148007782351824403E+03
    0.762421492463049022E+00    0.752482971433424019E+00    0.177639792791494465E+10    0.337937302517224161E+06   -0.148001055791864616E+03
    0.763155715320923189E+00    0.775763621888458932E+00    0.176100949418467498E+10    0.339382381438426441E+06   -0.147997981446652034E+03
    0.758834463362594414E+00    0.724637764452892075E+00    0.176170347096387172E+10    0.340828009075061011E+06   -0.147996172119613988E+03
    0.723198217487093897E+00    0.804315781528003537E+00    0.177861471794532251E+10    0.343432977464795578E+06   -0.147988794691725531E+03
    0.761130457282132911E+00    0.735188832195888153E+00    0.177445398853883910E+10    0.332915860753620917E+06   -0.147984046539972070E+03
    0.735489590630034606E+00    0.752245692127183840E+00    0.178501038851415277E+10    0.330446566289549985E+06   -0.147978652237955600E+03
    0.778536652395679818E+00    0.775471516728304611E+00    0.175540266459517264E+10    0.346875838544096390E+06   -0.147975691417239375E+03
    0.747941216016359989E+00    0.834093466770597480E+00    0.178418764508762288E+10    0.339873849505020131E+06   -0.147964554732048072E+03
    0.723643669398203238E+00    0.737594056797050257E+00    0.177829336861924243E+10    0.350939969809362257E+06   -0.147953121782487301E+03
    0.734367818091232527E+00    0.784430310815373844E+00    0.177970343051914811E+10    0.351088461239074066E+06   -0.147951756105360573E+03
    0.724978244280377493E+00    0.733972511745903056E+00    0.176121702134539104E+10    0.347086904326589603E+06   -0.147940017495473171E+03
    0.737729543403922938E+00    0.759548694721762896E+00    0.176725493560981560E+10    0.332783209475297888E+06   -0.147931056614670467E+03
    0.704731658857566168E+00    0.780196562234565683E+00    0.176305196807487607E+10    0.344361546582484210E+06   -0.147915036930759527E+03
    0.701775749629191870E+00    0.713102263947076320E+00    0.178261940076387739E+10    0.330146953767024446E+06   -0.147914212183897348E+03
    0.725348208560769869E+00    0.743828212601279404E+00    0.178223210186236215E+10    0.336304321854485315E+06   -0.147905458581902906E+03
    0.734886896990931460E+00    0.755223414400752802E+00    0.176114636849593735E+10    0.333195427653950755E+06   -0.147904017633181269E+03
    0.732479456065521561E+00    0.795486270872466594E+00    0.178479381060181880E+10    0.339029615073867899E+06   -0.147879268701685589E+03
    0.744255331363065431E+00    0.794664054241655204E+00    0.177802697660762477E+10    0.345142692512732348E+06   -0.147878834904166411E+03
    0.726884814351443254E+00    0.705340748616933855E+00    0.177052900820899487E+10    0.343370881401179649E+06   -0.147872811338775136E+03
    0.772405609074365951E+00    0.793094669140884889E+00    0.177009517031897712E+10    0.340414242562222469E+06   -0.147871831798870971E+03
    0.764625456715339991E+00    0.787647857198249035E+00    0.176786153788008881E+10    0.340768166756013874E+06   -0.147867926547329546E+03
    0.715547379424431473E+00    0.772022021450421203E+00    0.179196626376871133E+10    0.334818142674855946E+06   -0.147853323461720265E+03
    0.727377572818395324E+00    0.814316430260809021E+00    0.177097897530287814E+10    0.339476960970532382E+06   -0.147851693622510254E+03
    0.727114494229109232E+00    0.744733677853514742E+00    0.178731412709016323E+10    0.336160221668270067E+06   -0.147849231465996638E+03
    0.724346877834346259E+00    0.754747882036070017E+00    0.179292322851950669E+10    0.334367886181823967E+06   -0.147831682601406669E+03
    0.723175871470095655E+00    0.773318911303804146E+00    0.176841545977612162E+10    0.347962374504287378E+06   -0.147825237558979637E+03
    0.729536119783562587E+00    0.739313656715177459E+00    0.177166210397253776E+10    0.337248038866112765E+06   -0.147824009413580825E+03
    0.724408339993164785E+00    0.727168911301214305E+00    0.178264097932364297E+10    0.331614414499755017E+06   -0.147819930943300221E+03
    0.731371197902344505E+00    0.757475430669003025E+00    0.177287017836472034E+10    0.338411100581900449E+06   -0.147814568892817533E+03
    0.702782313892091559E+00    0.736995831839811100E+00    0.178974995567953563E+10    0.329674885506702354E+06   -0.147810837389501557E+03
    0.726220666107030399E+00    0.745228586456443409E+00    0.176500553007243204E+10    0.346424809899642714E+06   -0.147805275605514794E+03
    0.766716122142629408E+00    0.754425964887856182E+00    0.175673177803424048E+10    0.339810438439635735E+06   -0.147801636339414472E+03
    0.726307917933866398E+00    0.786596691847008422E+00    0.179065471393959999E+10    0.346070464192220767E+06   -0.147794093175975121E+03
    0.730356176704645588E+00    0.696987618692708644E+00    0.178277085247906733E+10    0.342744658029640908E+06   -0.147791182056368996E+03
    0.717555340200179304E+00    0.720647195269158658E+00    0.177304664813536978E+10    0.347524920155124506E+06   -0.147772700819291515E+03
    0.745247192592879748E+00    0.742080221644421556E+00    0.177110430350807357E+10    0.341339299029718444E+06   -0.147766555671343212E+03
    0.758006232652109202E+00    0.725759297319156005E+00    0.175352177564012742E+10    0.339109281616541499E+06   -0.147765105426051349E+03
    0.733114083881379441E+00    0.736485699005576144E+00    0.177747135846366954E+10    0.347236140969366534E+06   -0.147761124572189658E+03
    0.733001046334686546E+00    0.749234613880914058E+00    0.178409748763187408E+10    0.336696680635413446E+06   -0.147749944425473018E+03
    0.763396015270094708E+00    0.726023970351731496E+00    0.176549159680961251E+10    0.336074229766936798E+06   -0.147739390982527510E+03
    0.733519699294964522E+00    0.737830789383098651E+00    0.179219983391362500E+10    0.346942790449695254E+06   -0.147735087008396846E+03
    0.699719610944250836E+00    0.729668876447631121E+00    0.177875199289000058E+10    0.348905511688160768E+06   -0.147719260589996395E+03
    0.736780067802644267E+00    0.756003797068467431E+00    0.177359324000026178E+10    0.333621916412476741E+06   -0.147714294117448304E+03
    0.738443172349149024E+00    0.799884300439305918E+00    0.178248595194075608E+10    0.342469157557345054E+06   -0.147707903939390008E+03
    0.724328615010952359E+00    0.717253660704925800E+00    0.177672003704491496E+10    0.339189143247815664E+06   -0.147703797459054272E+03
    0.722052165924307765E+00    0.707913623251684054E+00    0.177415264183712959E+10    0.346864751918784808E+06   -0.147691355477365164E+03
    0.732066425648987940E+00    0.727290396692184871E+00    0.178870142084479928E+10    0.340323230294178182E+06   -0.147689125946040122E+03
    0.760150423723634061E+00    0.744475750291084371E+00    0.175470105111460114E+10    0.349642805038785329E+06   -0.147687018370865871E+03
    0.720728068137613587E+00    0.746862336886690681E+00    0.178643276119888067E+10    0.335822136816013139E+06   -0.147684538755188925E+03
    0.709723522574860266E+00    0.736997282187765279E+00    0.178360550507454062E+10    0.347540602378432115E+06   -0.147682067601749338E+03
    0.769818154860681059E+00    0.733806701828617847E+00    0.176803662997786856E+10    0.344380261003255553E+06   -0.147669055964494191E+03
    0.704877598248953574E+00    0.748122496501728129E+00    0.178126204675698948E+10    0.347418834533360379E+06   -0.147666758957385241E+03
    0.730008404516500509E+00    0.727972011621935255E+00    0.178044415557763195E+10    0.338918808814075950E+06   -0.147659152524037836E+03
    0.724347552426206187E+00    0.804304705557050692E+00    0.177634664519077063E+10    0.338852173202977341E+06   -0.147348871744126257E+03
    0.724347552426206187E+00    0.804304705557050692E+00    0.177634664519077063E+10    0.338852173202977341E+06   -0.147348871744126257E+03
    0.711759291537752303E+00    0.788402366054347770E+00    0.177778570674519372E+10    0.340701859195075813E+06   -0.147594019628571857E+03
    0.698320002708324838E+00    0.753810943629551033E+00    0.178500996628269982E+10    0.338252347579346737E+06   -0.147112950498905178E+03
    0.717861821468660732E+00    0.760506149203695525E+00    0.179474791988182855E+10    0.340995327142196184E+06   -0.147458310197394781E+03
    0.718956202772176645E+00    0.759512145471120892E+00    0.178079273940944982E+10    0.338522211736150552E+06   -0.147163003420200425E+03
    0.718956202772176645E+00    0.759512145471120892E+00    0.178079273940944982E+10    0.338522211736150552E+06   -0.147163003420200425E+03
    0.700466079428310073E+00    0.772200447324650430E+00    0.178526684918365502E+10    0.337878892253206926E+06   -0.147646540762572386E+03
    0.731050792745082778E+00    0.785228680224544728E+00    0.178152737116401672E+10    0.334287204581413185E+06   -0.146921535818540576E+03
    0.731050792745082778E+00    0.785228680224544728E+00    0.178152737116401672E+10    0.334287204581413185E+06   -0.146921535818540576E+03
    0.727101953985792360E+00    0.806050096604500776E+00    0.178232501349952626E+10    0.335114192664947710E+06   -0.147027573851492548E+03
    0.723881349746583247E+00    0.760640381045886382E+00    0.179604620574504232E+10    0.339468286734025751E+06   -0.147171641310276328E+03
    0.713736756164361275E+00    0.760365234507258236E+00    0.178406185492201495E+10    0.336890893698194821E+06   -0.147200603048801639E+03
    0.713736756164361275E+00    0.760365234507258236E+00    0.178406185492201495E+10    0.336890893698194821E+06   -0.147200603048801639E+03
    0.715610860959599027E+00    0.752998794201044763E+00    0.178943605317676353E+10    0.337678049903191160E+06   -0.147288495416878391E+03
    0.725381647863023282E+00    0.688536790166953683E+00    0.178654156007221007E+10    0.332661347736966505E+06   -0.147191913006228191E+03
    0.725381647863023282E+00    0.688536790166953683E+00    0.178654156007221007E+10    0.332661347736966505E+06   -0.147191913006228191E+03
    0.725878414051525422E+00    0.718559794449432410E+00    0.178639938051163149E+10    0.335742949243267882E+06   -0.147461040283284262E+03
    0.719845282769627781E+00    0.750490924881244581E+00    0.178985594006886673E+10    0.346938003053747700E+06   -0.147550868100835999E+03
    0.693349715263469446E+00    0.752543245698610086E+00    0.179205834725011849E+10    0.346836545666431601E+06   -0.147489458727069206E+03
    0.703382916263623481E+00    0.740421073350092662E+00    0.177558788990772462E+10    0.345067744803021487E+06   -0.147551310912089150E+03
    0.694709527050557774E+00    0.750140126315476774E+00    0.177554605189097881E+10    0.345193532176803856E+06   -0.147551094096494126E+03
    0.727331106206566935E+00    0.747657049380702432E+00    0.177970924491146159E+10    0.331963563035036728E+06   -0.147439926006721578E+03
    0.732568925226896761E+00    0.719670930140992482E+00    0.177459544547948456E+10    0.338248923175610835E+06   -0.147221408407069760E+03
    0.740022601203911612E+00    0.739251731663241873E+00    0.177926990631123090E+10    0.337204666210159019E+06   -0.147390833059280908E+03
    0.722918490808972081E+00    0.739223759933175018E+00    0.177811030793508267E+10    0.338407508651161392E+06   -0.147430536461670329E+03
    0.715140278302132670E+00    0.728331888340925993E+00    0.177856411069534087E+10    0.336485726061045309E+06   -0.147247215497610682E+03
    0.718700623824358953E+00    0.727245923159304475E+00    0.177691996742340374E+10    0.333938269660434045E+06   -0.146758408980550996E+03
    0.718700623824358953E+00    0.727245923159304475E+00    0.177691996742340374E+10    0.333938269660434045E+06   -0.146758408980550996E+03
    0.705911952513539220E+00    0.727340012133214753E+00    0.178046573503546524E+10    0.335630612116892182E+06   -0.147479666215838023E+03
    0.732505694290726983E+00    0.743769507998789603E+00    0.176966614225709820E+10    0.339952366756591073E+06   -0.147583645615373428E+03
    0.722618598532804302E+00    0.727352025877374686E+00    0.177528213449671173E+10    0.341467280053289258E+06   -0.146783525049013008E+03
    0.722618598532804302E+00    0.727352025877374686E+00    0.177528213449671173E+10    0.341467280053289258E+06   -0.146783525049013008E+03
    0.737026258848040405E+00    0.738677586524641328E+00    0.177518058108852363E+10    0.343770251365097647E+06   -0.147643071002432123E+03
    0.721895386282537133E+00    0.722235679476749937E+00    0.176971193476985168E+10    0.344654331112263724E+06   -0.147536885697582505E+03
    0.733190888887571779E+00    0.747568887597277243E+00    0.176983907713889170E+10    0.342867248554196151E+06   -0.147212989086157449E+03
    0.737221200837392621E+00    0.765875446932956283E+00    0.176910442853741336E+10    0.339362162939805072E+06   -0.147159986286526305E+03
    0.737221200837392621E+00    0.765875446932956283E+00    0.176910442853741336E+10    0.339362162939805072E+06   -0.147159986286526305E+03
    0.736056270170129756E+00    0.726273460140404392E+00    0.176714418745404577E+10    0.341866960988604231E+06   -0.147486034312956633E+03
    0.752993127466389134E+00    0.733655965611087701E+00    0.176545810490391374E+10    0.341526455142466992E+06   -0.146960193084662762E+03
    0.754031930847361420E+00    0.755663746392744695E+00    0.177160842534594178E+10    0.340650829825351539E+06   -0.147607496505698123E+03
    0.752948086114182402E+00    0.729420693657047980E+00    0.177329715060941815E+10    0.340016772627854079E+06   -0.147484549928115939E+03
    0.757490016543654221E+00    0.745904194929281950E+00    0.176953833607605743E+10    0.341069828042397916E+06   -0.147112443326037294E+03
    0.739455543143154759E+00    0.740459686472870970E+00    0.176228974545499969E+10    0.341269037275052920E+06   -0.147369193207494817E+03
    0.758310723692043331E+00    0.725482505760069341E+00    0.176997845879221630E+10    0.341697882614513859E+06   -0.147407724193454357E+03
    0.740722223835824423E+00    0.730879221018931435E+00    0.176439658463222408E+10    0.339837265442318050E+06   -0.147267658743583382E+03
    0.741447169590570665E+00    0.732908784104942868E+00    0.175925216790631795E+10    0.337389267175770481E+06   -0.147194632250400502E+03
    0.730265470293513963E+00    0.745573284311962237E+00    0.176837158574774265E+10    0.338037094976601715E+06   -0.147622952218971477E+03
    0.733904362597770699E+00    0.748689009122295968E+00    0.176639759815501451E+10    0.341628799343245162E+06   -0.147582041606626603E+03
    0.757950431998012819E+00    0.721929901908665794E+00    0.176450506264210248E+10    0.338160792364980560E+06   -0.147337620787568085E+03
    0.757950431998012819E+00    0.721929901908665794E+00    0.176450506264210248E+10    0.338160792364980560E+06   -0.147337620787568085E+03
    0.746409317516730231E+00    0.752652789129712563E+00    0.176632225264140368E+10    0.337419363370651845E+06   -0.147467256896603203E+03
    0.733131254037398206E+00    0.757844616878494914E+00    0.176959251603203535E+10    0.340808131504020537E+06   -0.147508027710272643E+03
    0.718331914142208428E+00    0.739260637681896871E+00    0.178993754181966329E+10    0.341755388453401742E+06   -0.147600031138273692E+03
    0.731920446535348712E+00    0.708734039869588273E+00    0.178818308679345560E+10    0.340058398672973271E+06   -0.147021337415550278E+03
    0.731920446535348712E+00    0.708734039869588273E+00    0.178818308679345560E+10    0.340058398672973271E+06   -0.147021337415550278E+03
    0.729819828386425229E+00    0.699419770074884539E+00    0.178621108946860600E+10    0.339885207777651143E+06   -0.147599823013070335E+03
    0.735582406425809965E+00    0.737276426931638085E+00    0.178200875672720242E+10    0.341376692131001793E+06   -0.147211522359179469E+03
    0.758638110115868236E+00    0.700734081786141161E+00    0.177184517260934711E+10    0.336738575614170928E+06   -0.147500279622138407E+03
    0.782233470474005377E+00    0.713567502973002199E+00    0.177072438196584272E+10    0.336081259698446607E+06   -0.147205357094173365E+03
    0.782233470474005377E+00    0.713567502973002199E+00    0.177072438196584272E+10    0.336081259698446607E+06   -0.147205357094173365E+03
    0.778483297523336115E+00    0.738901819662383996E+00    0.178275496248325181E+10    0.336043233420994366E+06   -0.146776867273888456E+03
    0.778483297523336115E+00    0.738901819662383996E+00    0.178275496248325181E+10    0.336043233420994366E+06   -0.146776867273888456E+03
    0.764177355451162499E+00    0.710936504460302210E+00    0.177838998338206887E+10    0.335653669509047177E+06   -0.147397968990103379E+03
    0.769646214239196880E+00    0.722910352273497203E+00    0.177925140623311830E+10    0.335757943536214880E+06   -0.146782761741126848E+03
    0.769646214239196880E+00    0.722910352273497203E+00    0.177925140623311830E+10    0.335757943536214880E+06   -0.146782761741126848E+03
    0.726512152469021899E+00    0.723654297971987770E+00    0.179479749250577617E+10    0.342675127987514657E+06   -0.147380382595419917E+03
    0.726512152469021899E+00    0.723654297971987770E+00    0.179479749250577617E+10    0.342675127987514657E+06   -0.147380382595419917E+03
    0.729050911563033588E+00    0.702581890788592123E+00    0.177799751244307685E+10    0.346116609928611550E+06   -0.147196242264434773E+03
    0.731434673913756384E+00    0.718125871467876653E+00    0.177213266854209495E+10    0.348494738930882653E+06   -0.147448299495869406E+03
    0.734283012620342679E+00    0.739505791430980164E+00    0.178136238170752859E+10    0.347228715226770553E+06   -0.147637906812329078E+03
    0.746120259467023428E+00    0.732709123472374380E+00    0.178647786689915204E+10    0.345458171062689333E+06   -0.147596991875707602E+03
    0.745133609632720018E+00    0.716595598807371559E+00    0.178305595347002792E+10    0.334323108760115399E+06   -0.147285277516689632E+03
    0.745720639552173603E+00    0.718099529838411410E+00    0.178451895178055406E+10    0.337092062514534628E+06   -0.147086839096558435E+03
    0.746910591087235343E+00    0.704618900818323457E+00    0.178812135912351871E+10    0.335720760869970836E+06   -0.147274044488235262E+03
    0.729494758584598890E+00    0.711996533093325112E+00    0.178165828923508501E+10    0.330157191285758279E+06   -0.147448988798316833E+03
    0.749241549000616347E+00    0.717881686417594533E+00    0.177882488264586568E+10    0.334027547823687608E+06   -0.147394147128377000E+03
    0.771662877669215819E+00    0.721013063676074317E+00    0.176099022200413656E+10    0.335737342141258006E+06   -0.147400851022106565E+03
    0.749921599518988957E+00    0.719316155512562005E+00    0.178164430477852130E+10    0.335160776681955205E+06   -0.147639155846730915E+03
    0.756216993160468975E+00    0.716980960329010042E+00    0.177831082821400738E+10    0.334706224521847500E+06   -0.147458764210788843E+03
    0.750571627166460642E+00    0.726755171948105794E+00    0.175021400901906300E+10    0.340100351595069165E+06   -0.147541260663829860E+03
    0.749671931398691593E+00    0.722068957442021375E+00    0.175266524254113173E+10    0.338056201501837349E+06   -0.147286725959657701E+03
    0.765171819946820597E+00    0.722953388220055171E+00    0.174017071546609235E+10    0.339021891859910975E+06   -0.147639771363745410E+03
    0.740691916508685377E+00    0.728742287841304570E+00    0.176272923275402737E+10    0.344792518938230700E+06   -0.147186548462366687E+03
    0.754789606198434493E+00    0.736362670191420765E+00    0.176371863241794205E+10    0.343977315366040566E+06   -0.147346094315772035E+03
    0.760973254750147765E+00    0.738087444077554000E+00    0.176442523687285256E+10    0.346461402737422497E+06   -0.147435621420480885E+03
    0.738158645955364068E+00    0.737216841685811808E+00    0.176669468868644357E+10    0.335360734671459300E+06   -0.147511887080377591E+03
    0.752032768406809660E+00    0.725585483187451530E+00    0.176234716963129401E+10    0.335888934542210714E+06   -0.147298905641148338E+03
    0.743524662683776150E+00    0.738504894936697909E+00    0.175947256804635692E+10    0.334152989517437352E+06   -0.147348953881233399E+03
    0.738177552267363257E+00    0.750755304048760230E+00    0.176176844932584834E+10    0.328761125026882219E+06   -0.147594308888162573E+03
    0.753520202356870450E+00    0.749514212731957397E+00    0.176420464641091061E+10    0.331103109197716345E+06   -0.147605810643343716E+03
    0.748572444521307334E+00    0.744861914437253247E+00    0.176007670954441762E+10    0.331080569089170138E+06   -0.147285175045924547E+03
    0.736873632976218662E+00    0.743198802900323585E+00    0.176279876278037500E+10    0.332760410711402190E+06   -0.147243431572274972E+03
    0.736873632976218662E+00    0.743198802900323585E+00    0.176279876278037500E+10    0.332760410711402190E+06   -0.147243431572274972E+03
    0.730707566132731690E+00    0.749468634563253300E+00    0.177000566998505545E+10    0.333345497072215832E+06   -0.147645386992063607E+03
    0.736460569263906906E+00    0.752158680357635667E+00    0.176786127525452948E+10    0.333356404910644807E+06   -0.147263447546325040E+03
    0.744640466097333253E+00    0.737614627838742098E+00    0.176417132817130113E+10    0.331763234219472390E+06   -0.147428719287185885E+03
    0.751618505751230237E+00    0.754481068025776302E+00    0.177502814912943339E+10    0.330428049203038041E+06   -0.147471021487859616E+03
    0.755236695233422184E+00    0.727557732582524430E+00    0.175366824746979356E+10    0.334002231149420491E+06   -0.147425416803616599E+03
    0.759218121608757679E+00    0.742501313219103398E+00    0.176441661872683954E+10    0.335147016899703012E+06   -0.147471950876218813E+03
    0.755558620643736023E+00    0.749053849685769713E+00    0.176702888334253263E+10    0.332855177278434101E+06   -0.147275046769279584E+03
    0.754795180886617567E+00    0.756681435200162955E+00    0.176292691887896013E+10    0.337312560032903042E+06   -0.147267419498269618E+03
    0.750973936120481134E+00    0.743485626604961869E+00    0.177509584084011388E+10    0.337887010153624578E+06   -0.147494637489113927E+03
    0.755627938669062305E+00    0.751690934292534862E+00    0.177031784150945711E+10    0.336183152292678657E+06   -0.147490316744636999E+03
    0.765494424529980844E+00    0.759370732548854566E+00    0.177052386930174136E+10    0.331104152763661928E+06   -0.147531484845169700E+03
    0.772234980450195563E+00    0.771267028283286749E+00    0.177037756270417213E+10    0.333811660746884765E+06   -0.147532065820578907E+03
    0.785821082823286887E+00    0.779439921638631183E+00    0.177575068773869348E+10    0.335179359856428346E+06   -0.147154571373208597E+03
    0.762743034183589241E+00    0.762351604289121632E+00    0.177794766866764212E+10    0.335760033951567370E+06   -0.147087966123524836E+03
    0.765295498383794626E+00    0.756652596298300395E+00    0.177351557223253965E+10    0.335541060294469411E+06   -0.147496225218354397E+03
    0.754011044000158281E+00    0.744338445967581031E+00    0.177029976666572595E+10    0.332235499294342007E+06   -0.147594040079746463E+03
