    0.416671868831389791E+00    0.636789157538612205E+00    0.187423721906567478E+10    0.285256032842631801E+06   -0.190638459716042917E+03
    0.443932613945434484E+00    0.693262288329136389E+00    0.185115076650276685E+10    0.273396470212847926E+06   -0.190411786095330797E+03
    0.360940900851964286E+00    0.642874468047724967E+00    0.195406299704817462E+10    0.273339430888726376E+06   -0.190401912812748009E+03
    0.370021688027623141E+00    0.663063404978229798E+00    0.197300892747952485E+10    0.270766459399339859E+06   -0.190264599307982394E+03
    0.397181232790645711E+00    0.654050074824133798E+00    0.194444297405258942E+10    0.261323124922120944E+06   -0.189810892326134024E+03
    0.439499585765853018E+00    0.673757056859801917E+00    0.189388768542111850E+10    0.280482199625503563E+06   -0.189769990236984881E+03
    0.417738676047314461E+00    0.588349051293574732E+00    0.188651624188770008E+10    0.273824018512784212E+06   -0.189470799283417250E+03
    0.350742932126599849E+00    0.623141240820206388E+00    0.202566792618219399E+10    0.262693011475318577E+06   -0.189409690094381688E+03
    0.420405342660648773E+00    0.601235518081181475E+00    0.195823298164962745E+10    0.245066932024432987E+06   -0.189349872713706247E+03
    0.390398996750869753E+00    0.598441083048250722E+00    0.192738823443508863E+10    0.266537006057677208E+06   -0.189332160082363743E+03
    0.414808741785200774E+00    0.699325628799482679E+00    0.196601085285388923E+10    0.262689584135170793E+06   -0.189298522523801267E+03
    0.383780583727836522E+00    0.640729272504334979E+00    0.194133783027464366E+10    0.268179045968876162E+06   -0.189228443625012744E+03
    0.390574473597490535E+00    0.637605532966779798E+00    0.197845256072392225E+10    0.277790278518685373E+06   -0.189202867731099786E+03
    0.408927466352864755E+00    0.652407754147938945E+00    0.192779425386354756E+10    0.280754024049562635E+06   -0.189168051483789554E+03
    0.357582252105717646E+00    0.672159054280985213E+00    0.192075183907603931E+10    0.278998421669462638E+06   -0.189100806044333609E+03
    0.399255560358720396E+00    0.696399452766497173E+00    0.193586442084313655E+10    0.269821561878847831E+06   -0.189081321402107250E+03
    0.415703774163371675E+00    0.598483983573221856E+00    0.187604113023829913E+10    0.271713685072273365E+06   -0.188995567720003805E+03
    0.420386483073715012E+00    0.668221648130113532E+00    0.189979458344599938E+10    0.271546721516204299E+06   -0.188881507930893832E+03
    0.439069869679998559E+00    0.644121333619259939E+00    0.186905126314793468E+10    0.270882156776299293E+06   -0.188791543270647452E+03
    0.427948644051550697E+00    0.629918433264244015E+00    0.189993475709612679E+10    0.270861283643469797E+06   -0.188726706874103371E+03
    0.411156767170046511E+00    0.651802084874297361E+00    0.188970160300599718E+10    0.274957097784492420E+06   -0.188703379427892656E+03
    0.376244158962491193E+00    0.585573309634384920E+00    0.197468300222299147E+10    0.269694812477669679E+06   -0.188671796532571165E+03
    0.424253446952123525E+00    0.711215548148775412E+00    0.186176520202188325E+10    0.279822691546893504E+06   -0.188670761195358750E+03
    0.433596071264214344E+00    0.611391564916484498E+00    0.192133734845794702E+10    0.261022601074013917E+06   -0.188666117123492228E+03
    0.361977892182899996E+00    0.602524305326248566E+00    0.193700608512862897E+10    0.281713470530748076E+06   -0.188663716163967138E+03
    0.437837498133305636E+00    0.668318748732198653E+00    0.183482976106401300E+10    0.253883985120222613E+06   -0.188542508899610993E+03
    0.429702442113337579E+00    0.705399461825029661E+00    0.188595578941702771E+10    0.264727912180165411E+06   -0.188430069343167418E+03
    0.399058855868922202E+00    0.651143760654182557E+00    0.192074396712079930E+10    0.252618710085266910E+06   -0.188427202982474938E+03
    0.455089301523531498E+00    0.643832639956568364E+00    0.180899213678835750E+10    0.270692582234370348E+06   -0.188417892560715586E+03
    0.418982993228795564E+00    0.634211710216229907E+00    0.187957875131230688E+10    0.260937728517434007E+06   -0.188392423440473834E+03
    0.374610710056508311E+00    0.635717873835381919E+00    0.192755785422694850E+10    0.265478234260855243E+06   -0.188347398215404894E+03
    0.396187510766299655E+00    0.651685280649031196E+00    0.192791180614882040E+10    0.259473673190475209E+06   -0.188318289744478591E+03
    0.415677925238267743E+00    0.677050398546010346E+00    0.191120348471549487E+10    0.268813872338486661E+06   -0.188261872691119720E+03
    0.432350556387523455E+00    0.598956333864251622E+00    0.186324106361883664E+10    0.268150105629600643E+06   -0.188229846008018285E+03
    0.418984273816285668E+00    0.659274152375562306E+00    0.183995388134477377E+10    0.256324948156795435E+06   -0.188210957899278412E+03
    0.448881749958750298E+00    0.632723822685211879E+00    0.184590197143539166E+10    0.261267513767092430E+06   -0.188209416488110747E+03
    0.366055189045970231E+00    0.645821905445830069E+00    0.193286787769946218E+10    0.270052732712083904E+06   -0.188208786866099672E+03
    0.378500255242540939E+00    0.640437568837284754E+00    0.188915125680337811E+10    0.259009767868345167E+06   -0.188188039440451007E+03
    0.385896392375839892E+00    0.639385998779400389E+00    0.187414134203186369E+10    0.269621071367938013E+06   -0.188149158988719847E+03
    0.427989146668488196E+00    0.643462371144953416E+00    0.182545711348614097E+10    0.261781917135900963E+06   -0.188143954005555969E+03
    0.386516483230111008E+00    0.572757178979056647E+00    0.192241874084693956E+10    0.276022767769261729E+06   -0.188114706249985716E+03
    0.391265210799857155E+00    0.567171973251770822E+00    0.197029170808365130E+10    0.250172153788973927E+06   -0.188055890136751543E+03
    0.407727958331634666E+00    0.663869135666087296E+00    0.188125451589720035E+10    0.268629470633952471E+06   -0.188025250835382451E+03
    0.351903438454437112E+00    0.644141702074522371E+00    0.195211014901510143E+10    0.266384816561978951E+06   -0.188010958347471671E+03
    0.405344699791856833E+00    0.650214026582854210E+00    0.185638841474687195E+10    0.283967686226489954E+06   -0.188001647174192641E+03
    0.448364908663935746E+00    0.615817539124161595E+00    0.187740953626317787E+10    0.267686603798701020E+06   -0.187943735987226830E+03
    0.420117470514295821E+00    0.698411418033549225E+00    0.192157688586547160E+10    0.255782997865528538E+06   -0.187943649611610198E+03
    0.387380434375625859E+00    0.645782059420230592E+00    0.195600500093656993E+10    0.261863843623005057E+06   -0.187911943445116378E+03
    0.418506560160998464E+00    0.665936624483637551E+00    0.185293735049639249E+10    0.259659552148275048E+06   -0.187894253535616230E+03
    0.410707196750577153E+00    0.687729622421464182E+00    0.186784878019024134E+10    0.285480597228790226E+06   -0.187891782485870380E+03
    0.393277210145553779E+00    0.658193425524135289E+00    0.194477418501817489E+10    0.279433760239706491E+06   -0.187838717726260825E+03
    0.440985022846089758E+00    0.666404992777919869E+00    0.183897349510238242E+10    0.255568118495180330E+06   -0.187794606422199649E+03
    0.415204184004047627E+00    0.654104075652062189E+00    0.190259452774547720E+10    0.268199673211584974E+06   -0.187759713261524638E+03
    0.364076319228047451E+00    0.613026039437545744E+00    0.193676149485921526E+10    0.276233920810546144E+06   -0.187710788640968303E+03
    0.390314432448238102E+00    0.617028095068580473E+00    0.196254882479903078E+10    0.270418856472180632E+06   -0.187704338218380940E+03
    0.370987534499544247E+00    0.618195245222553869E+00    0.186956859357574558E+10    0.276073288933190750E+06   -0.187654032756507888E+03
    0.427702986849961941E+00    0.680933919180057412E+00    0.186628490186747527E+10    0.277600339114415750E+06   -0.187642941242408085E+03
    0.395601785736930112E+00    0.600190881657062469E+00    0.193404222830233312E+10    0.268154638467390265E+06   -0.187635380631404985E+03
    0.386901081888874343E+00    0.637787762378793754E+00    0.197421341212341261E+10    0.268351593752631161E+06   -0.187609594111765944E+03
    0.429954196347784312E+00    0.621881865037337889E+00    0.188063145621128368E+10    0.259483804809855210E+06   -0.187584652290849874E+03
    0.425386971394093538E+00    0.660072870384910804E+00    0.185346588295661402E+10    0.262894420715101762E+06   -0.187574663443309475E+03
    0.375514154367068476E+00    0.591469271152512022E+00    0.194734713965627170E+10    0.269703917392438161E+06   -0.187566196449209343E+03
    0.411029845296656648E+00    0.652920097294128698E+00    0.192454147971533513E+10    0.264525819892310072E+06   -0.187559451622567479E+03
    0.373607019471290047E+00    0.599136932873609140E+00    0.198445792149911809E+10    0.274049789131391852E+06   -0.187555686566050952E+03
    0.442564371841902005E+00    0.707686840575789233E+00    0.192955627064361143E+10    0.256274911884824076E+06   -0.187544235688702827E+03
    0.394093939022560180E+00    0.659926005781406033E+00    0.195264580369732189E+10    0.257933822183082695E+06   -0.187527894871494823E+03
    0.391127399788584740E+00    0.604518101588825907E+00    0.195053341400421739E+10    0.280804761330467707E+06   -0.187514812256074919E+03
    0.438735991981350049E+00    0.645923273435327516E+00    0.186403339829294896E+10    0.261649921322047740E+06   -0.187498446134141261E+03
    0.394354846681380211E+00    0.575645787928048325E+00    0.195419860549998260E+10    0.249757588610559236E+06   -0.187492819785507862E+03
    0.422456601196758597E+00    0.653277850265910232E+00    0.183291755436284161E+10    0.269677073317686736E+06   -0.187475362038147722E+03
    0.381227228687960606E+00    0.627981525714733202E+00    0.193401269254798841E+10    0.270611083360344870E+06   -0.187466489372407210E+03
    0.452389575270071453E+00    0.648521487741922087E+00    0.188639301746505213E+10    0.250089084289458697E+06   -0.187429252517127168E+03
    0.430469259335857224E+00    0.622939181811196452E+00    0.189786044394427419E+10    0.276340346337757888E+06   -0.187409353102425939E+03
    0.356597099505325088E+00    0.625442445353338261E+00    0.194466162524329424E+10    0.274680487874111102E+06   -0.187389324290512235E+03
    0.356597099505325088E+00    0.625442445353338261E+00    0.194466162524329424E+10    0.274680487874111102E+06   -0.187389324290512235E+03
    0.403975790921483002E+00    0.654808575410601890E+00    0.186065601839001632E+10    0.275701564699261216E+06   -0.187386389040607185E+03
    0.412895385200920950E+00    0.662927848921895713E+00    0.187892018779776216E+10    0.281360289351651096E+06   -0.187377034565673114E+03
    0.431531056369222565E+00    0.691671252101620393E+00    0.193829583192299891E+10    0.256202636107544386E+06   -0.187359799902688678E+03
    0.428270159408682627E+00    0.610901274334427757E+00    0.192185637635122442E+10    0.252067254408124048E+06   -0.187352713088175790E+03
    0.464149929628973668E+00    0.683262655662862706E+00    0.187478363604380131E+10    0.264889476420078310E+06   -0.187347225118819324E+03
    0.417108025328521093E+00    0.673968603777607811E+00    0.188225470490594530E+10    0.272996267349731061E+06   -0.187338572233762363E+03
    0.436480956735176950E+00    0.655217418481066627E+00    0.186299855325998497E+10    0.261224323910946317E+06   -0.187322197100787179E+03
    0.457258711826659558E+00    0.620917951711516647E+00    0.184219904766362071E+10    0.257498616250046034E+06   -0.187312874755469636E+03
    0.377154657318192255E+00    0.634949079419842466E+00    0.188048139611150503E+10    0.260896752178872091E+06   -0.187308114816093422E+03
    0.345875896787995352E+00    0.643353707041644629E+00    0.196091972908841538E+10    0.274345545658556919E+06   -0.187288296177109174E+03
    0.365719768436569836E+00    0.641830735015359810E+00    0.201159776625489736E+10    0.264651085988654173E+06   -0.187267591178550731E+03
    0.448048448493772455E+00    0.643105510504781375E+00    0.188937625361500621E+10    0.262852068788712902E+06   -0.187251769873836224E+03
    0.360160540650458161E+00    0.687701536649702572E+00    0.199682206197208285E+10    0.259119990340436925E+06   -0.187228383523913863E+03
    0.399038461695867708E+00    0.598975424343233254E+00    0.191484980410537791E+10    0.263947027822508127E+06   -0.187207577525143165E+03
    0.402767564691175528E+00    0.651685893839385688E+00    0.192818715723603916E+10    0.258705651124214201E+06   -0.187199559537689311E+03
    0.389174887164557837E+00    0.683715430322120898E+00    0.187456079739458871E+10    0.281172906831390166E+06   -0.187189360058433579E+03
    0.430686446837382275E+00    0.611938650161832687E+00    0.187182034891882038E+10    0.260656463652242412E+06   -0.187182876198790382E+03
    0.419279239954425509E+00    0.625986233650469792E+00    0.189150611855624056E+10    0.281233160793373070E+06   -0.187148312048763444E+03
    0.420173023845890170E+00    0.670043983912900210E+00    0.184662961247974706E+10    0.270484527039372537E+06   -0.187141914470520788E+03
    0.390443188617261794E+00    0.650471141548112808E+00    0.194530064041955423E+10    0.273276998636796605E+06   -0.187139960430080890E+03
    0.445186388289426138E+00    0.661008335292291971E+00    0.183341929423910499E+10    0.257905741736853437E+06   -0.187133067932343465E+03
    0.368951025005472111E+00    0.601125361576788197E+00    0.194468728437843347E+10    0.262270061753757705E+06   -0.187098222902225643E+03
    0.406693677702136547E+00    0.653583676505804512E+00    0.186559019825541735E+10    0.271834454434899671E+06   -0.187095069962592106E+03
    0.442287435022197584E+00    0.638337649987970490E+00    0.188731338876514077E+10    0.265862090735844860E+06   -0.187062456174902991E+03
    0.370736149827069539E+00    0.661579497230500913E+00    0.201049641973465610E+10    0.261166829798758932E+06   -0.187012079278565807E+03
    0.431556249655291824E+00    0.672164903209542253E+00    0.189106990613194132E+10    0.248943620732957701E+06   -0.186967930832519755E+03
    0.428057593231616351E+00    0.692549714690104956E+00    0.188926181100192022E+10    0.267932311471163412E+06   -0.186923689691663810E+03
    0.415055074512344913E+00    0.644170289376804206E+00    0.188752748116982150E+10    0.252574706777700456E+06   -0.186917255071939337E+03
    0.433050523330017645E+00    0.631839485290733194E+00    0.188478049216686082E+10    0.271409906118246145E+06   -0.186913863619282210E+03
    0.407317070879557541E+00    0.645657435858474571E+00    0.186812091810773134E+10    0.259837714284968970E+06   -0.186900593734996789E+03
    0.355385965121314318E+00    0.624694623402948679E+00    0.196995376789146209E+10    0.272344705769698659E+06   -0.186864845067380855E+03
    0.443314197392830789E+00    0.626545970179819722E+00    0.188324119216244555E+10    0.263296771689126967E+06   -0.186851822868333727E+03
    0.443314197392830789E+00    0.626545970179819722E+00    0.188324119216244555E+10    0.263296771689126967E+06   -0.186851822868333727E+03
    0.397956729858054081E+00    0.626124933855621180E+00    0.191767808139853787E+10    0.268772878360954637E+06   -0.186832695154521787E+03
    0.397956729858054081E+00    0.626124933855621180E+00    0.191767808139853787E+10    0.268772878360954637E+06   -0.186832695154521787E+03
    0.384512084446414437E+00    0.659900500977491866E+00    0.190150915347127914E+10    0.268023366674665478E+06   -0.186819786883283001E+03
    0.390096996584312294E+00    0.636529343537477033E+00    0.196382554969304633E+10    0.270250902173535025E+06   -0.186800057067597209E+03
    0.417481356535711556E+00    0.652764131585638285E+00    0.193111484916331649E+10    0.267888099120269530E+06   -0.186799414605336267E+03
    0.417481356535711556E+00    0.652764131585638285E+00    0.193111484916331649E+10    0.267888099120269530E+06   -0.186799414605336267E+03
    0.391691061190609091E+00    0.680035907742883250E+00    0.188176663569193459E+10    0.268921692830185406E+06   -0.186797943813864890E+03
    0.456965652144505408E+00    0.652581485945265882E+00    0.184087032866848779E+10    0.263974085437904811E+06   -0.186772625339509489E+03
    0.418897650172938840E+00    0.658670954257117192E+00    0.186658627043548322E+10    0.254900276950257539E+06   -0.186749367454193475E+03
    0.418897650172938840E+00    0.658670954257117192E+00    0.186658627043548322E+10    0.254900276950257539E+06   -0.186749367454193475E+03
    0.386392648434547792E+00    0.627861362054077166E+00    0.200013652150400925E+10    0.267528664018120675E+06   -0.186730152185378216E+03
    0.386392648434547792E+00    0.627861362054077166E+00    0.200013652150400925E+10    0.267528664018120675E+06   -0.186730152185378216E+03
    0.412552164130607746E+00    0.634979025341264602E+00    0.187009234041201043E+10    0.264693417650135409E+06   -0.186722944731953930E+03
    0.399429514278746234E+00    0.620013795845288929E+00    0.189220766106265926E+10    0.260068076512064639E+06   -0.186721465888359489E+03
    0.419378154029980965E+00    0.658196285739409692E+00    0.186338811001900935E+10    0.280106127625705791E+06   -0.186720100711408179E+03
    0.419378154029980965E+00    0.658196285739409692E+00    0.186338811001900935E+10    0.280106127625705791E+06   -0.186720100711408179E+03
    0.412909194315511541E+00    0.619517750317312821E+00    0.188447617600440454E+10    0.254618781900811504E+06   -0.186715878386408718E+03
    0.403484017021288666E+00    0.576571009405729029E+00    0.193365579730378270E+10    0.249207694670598954E+06   -0.186701780879003621E+03
    0.393744162200283909E+00    0.703734504751117207E+00    0.188775084464356351E+10    0.273811570770364604E+06   -0.186688057675061572E+03
    0.451131274694288931E+00    0.620346783454098549E+00    0.187947741441821337E+10    0.263682867686742858E+06   -0.186684491573005829E+03
    0.407943575412425152E+00    0.670091756933468119E+00    0.191446488186658835E+10    0.260786994880200305E+06   -0.186675179956063459E+03
    0.407943575412425152E+00    0.670091756933468119E+00    0.191446488186658835E+10    0.260786994880200305E+06   -0.186675179956063459E+03
    0.387228575753661597E+00    0.614544605898408314E+00    0.189382659780002117E+10    0.276826058967697376E+06   -0.186661030140406496E+03
    0.439347575977331983E+00    0.641444263627523714E+00    0.189409997942276216E+10    0.271639887431346811E+06   -0.186643867056495168E+03
    0.415748760535850137E+00    0.647992573826549290E+00    0.183923753229113221E+10    0.258706555337356462E+06   -0.186613663425320709E+03
    0.415748760535850137E+00    0.647992573826549290E+00    0.183923753229113221E+10    0.258706555337356462E+06   -0.186613663425320709E+03
    0.387379980573728744E+00    0.644367944140204152E+00    0.194847789721631050E+10    0.268352155351032037E+06   -0.186605075037152886E+03
    0.420281385547004838E+00    0.688430067028171777E+00    0.188246886812389398E+10    0.273607751572123670E+06   -0.186581115877851374E+03
    0.394892809389581823E+00    0.663474934871388200E+00    0.189805456957101893E+10    0.260652600535886362E+06   -0.186561512619405136E+03
    0.347367156510490160E+00    0.611772009876861311E+00    0.194951724732471752E+10    0.272749586452767777E+06   -0.186549507851935232E+03
    0.347367156510490160E+00    0.611772009876861311E+00    0.194951724732471752E+10    0.272749586452767777E+06   -0.186549507851935232E+03
    0.420652757886692485E+00    0.641018452110957426E+00    0.192318870450605273E+10    0.273898137381440960E+06   -0.186529699019442035E+03
    0.420652757886692485E+00    0.641018452110957426E+00    0.192318870450605273E+10    0.273898137381440960E+06   -0.186529699019442035E+03
    0.387622385564165173E+00    0.629933209151196216E+00    0.192188720159830856E+10    0.267589079890463909E+06   -0.186518571445326302E+03
    0.392802173107818897E+00    0.612854608615119645E+00    0.193312552314112830E+10    0.267788494402185839E+06   -0.186518384155589075E+03
    0.380201736756474784E+00    0.642822046767573152E+00    0.196818149753828120E+10    0.277472627013814403E+06   -0.186499472145579659E+03
    0.391740013564690126E+00    0.614763617271785190E+00    0.192631307429045320E+10    0.259937705808839411E+06   -0.186498554609988872E+03
    0.429659619305357843E+00    0.626043058420296727E+00    0.186475132702994394E+10    0.253954647206796799E+06   -0.186435419877674349E+03
    0.429659619305357843E+00    0.626043058420296727E+00    0.186475132702994394E+10    0.253954647206796799E+06   -0.186435419877674349E+03
    0.399595464226725428E+00    0.713090306766693605E+00    0.190833932181647325E+10    0.280768889793372829E+06   -0.186433717719705470E+03
    0.411810840811911771E+00    0.627741118217552962E+00    0.190823906045046210E+10    0.266501184242161107E+06   -0.186417988953024917E+03
    0.411810840811911771E+00    0.627741118217552962E+00    0.190823906045046210E+10    0.266501184242161107E+06   -0.186417988953024917E+03
    0.406038462657905774E+00    0.628243266975170300E+00    0.187346441821251726E+10    0.280008484927242505E+06   -0.186411320080903010E+03
    0.425853556021406288E+00    0.654287373612974843E+00    0.188402862489180923E+10    0.275276753909927560E+06   -0.186396710187677797E+03
    0.425853556021406288E+00    0.654287373612974843E+00    0.188402862489180923E+10    0.275276753909927560E+06   -0.186396710187677797E+03
    0.418314799953520000E+00    0.644330111273132111E+00    0.187680443145119882E+10    0.256449461544544989E+06   -0.186384957544327904E+03
    0.416878251095384789E+00    0.637153986790892635E+00    0.188769886516335654E+10    0.261075178756095906E+06   -0.186375144339563349E+03
    0.416878251095384789E+00    0.637153986790892635E+00    0.188769886516335654E+10    0.261075178756095906E+06   -0.186375144339563349E+03
    0.372816808787484022E+00    0.643546959201852342E+00    0.195143911228379416E+10    0.267705470304715564E+06   -0.186354611549072786E+03
    0.435553449545116433E+00    0.670970763623997435E+00    0.187977123896691918E+10    0.270560271550836274E+06   -0.186346750567284005E+03
    0.428663482418399078E+00    0.665177425030655023E+00    0.187452131895490384E+10    0.275025383441262937E+06   -0.186340949352383632E+03
    0.428663482418399078E+00    0.665177425030655023E+00    0.187452131895490384E+10    0.275025383441262937E+06   -0.186340949352383632E+03
    0.406102986984829717E+00    0.647020152160692863E+00    0.196432640240752482E+10    0.258479383139519574E+06   -0.186331933235756424E+03
    0.406102986984829717E+00    0.647020152160692863E+00    0.196432640240752482E+10    0.258479383139519574E+06   -0.186331933235756424E+03
    0.390272214876664247E+00    0.664623909613422992E+00    0.191395866908284211E+10    0.257062868985452573E+06   -0.186317514179101011E+03
    0.421961408436098029E+00    0.658454828886426480E+00    0.191456039234043717E+10    0.259944899575505959E+06   -0.186284870348040840E+03
    0.421961408436098029E+00    0.658454828886426480E+00    0.191456039234043717E+10    0.259944899575505959E+06   -0.186284870348040840E+03
    0.392632477748475983E+00    0.662887299288995813E+00    0.190449674258725286E+10    0.265771289166022965E+06   -0.186283841450683582E+03
    0.352350597683684152E+00    0.640912003257302132E+00    0.194336267756111336E+10    0.270036625180378847E+06   -0.186280846635069423E+03
    0.431080900149203861E+00    0.687465044440267903E+00    0.187758411167503738E+10    0.273898472294079198E+06   -0.186272119455089978E+03
    0.401869324910604897E+00    0.655726278889939618E+00    0.192277660755250978E+10    0.265334486151309626E+06   -0.186244463065255502E+03
    0.419808846339526698E+00    0.625119280767806096E+00    0.189730813848869753E+10    0.265282239653137280E+06   -0.186239038601032235E+03
    0.379561697606050574E+00    0.641474507139745409E+00    0.195616608560018301E+10    0.278593586900828639E+06   -0.186227395974231570E+03
    0.379561697606050574E+00    0.641474507139745409E+00    0.195616608560018301E+10    0.278593586900828639E+06   -0.186227395974231570E+03
    0.388005532753637972E+00    0.604888529026567312E+00    0.195574367792714763E+10    0.268550120156891469E+06   -0.186198818224226159E+03
    0.421024600561498930E+00    0.631783137159656505E+00    0.189351848146301079E+10    0.269439554264604114E+06   -0.186197073556888881E+03
    0.432692960088154555E+00    0.633751395251298977E+00    0.185255969930890083E+10    0.263521959132162447E+06   -0.186187827119017982E+03
    0.432692960088154555E+00    0.633751395251298977E+00    0.185255969930890083E+10    0.263521959132162447E+06   -0.186187827119017982E+03
    0.447472317178706780E+00    0.597308849171642731E+00    0.187479871088886189E+10    0.264488275766984036E+06   -0.186174135988931653E+03
    0.424036734835028795E+00    0.631932988205214041E+00    0.186827049858904076E+10    0.272449700946783647E+06   -0.186153395431108720E+03
    0.407237947685087642E+00    0.715643533379537455E+00    0.189905292758896613E+10    0.270838236739181099E+06   -0.186151599411697362E+03
    0.429763749814195406E+00    0.651002061659525122E+00    0.188516288873350906E+10    0.269363199719714699E+06   -0.186148170626224157E+03
    0.443518575781467028E+00    0.695821409201998531E+00    0.188226989302102518E+10    0.255422082879092282E+06   -0.186133819557185802E+03
    0.414601188460412773E+00    0.688464957000012312E+00    0.190128927600391030E+10    0.267544064952521934E+06   -0.186128009154610453E+03
    0.414601188460412773E+00    0.688464957000012312E+00    0.190128927600391030E+10    0.267544064952521934E+06   -0.186128009154610453E+03
    0.409790783221112509E+00    0.651635134410168959E+00    0.187783584749112558E+10    0.265512502784884535E+06   -0.186118681225017099E+03
    0.427510547455576206E+00    0.658136372359155342E+00    0.189608356163104892E+10    0.257039512881620671E+06   -0.186102592899076228E+03
    0.427510547455576206E+00    0.658136372359155342E+00    0.189608356163104892E+10    0.257039512881620671E+06   -0.186102592899076228E+03
    0.421338469725488440E+00    0.631588020382867210E+00    0.191179940505314040E+10    0.266776452897276147E+06   -0.186101693962741933E+03
    0.388359408170357634E+00    0.603224239954859964E+00    0.193563892309363246E+10    0.278721869294626755E+06   -0.186100098854523367E+03
    0.388359408170357634E+00    0.603224239954859964E+00    0.193563892309363246E+10    0.278721869294626755E+06   -0.186100098854523367E+03
    0.384677469953934981E+00    0.638600362857487891E+00    0.195595472977445960E+10    0.271713144812644168E+06   -0.186098594255949337E+03
    0.377822032153864895E+00    0.642103170078832441E+00    0.194430384195216608E+10    0.274923530529880023E+06   -0.186096660350141150E+03
    0.391776800932090163E+00    0.656179685466446116E+00    0.191661091789599729E+10    0.274684159151950036E+06   -0.186093837104717636E+03
    0.423239474701249008E+00    0.615903994132878108E+00    0.190646487657266188E+10    0.256009901977584668E+06   -0.186078134571565585E+03
    0.397874589785599475E+00    0.648878422714640912E+00    0.198447264022701168E+10    0.258270419010483514E+06   -0.186071129461751326E+03
    0.367525927026048194E+00    0.622309123614792625E+00    0.191784242053297663E+10    0.266378007848239329E+06   -0.186068069880520397E+03
    0.397257048259528900E+00    0.650166094958469554E+00    0.195352120847828770E+10    0.273068903853309283E+06   -0.186059415619320419E+03
    0.403139342507143617E+00    0.661859933778595533E+00    0.190061487080751753E+10    0.261338706054784270E+06   -0.186053346842716877E+03
    0.403139342507143617E+00    0.661859933778595533E+00    0.190061487080751753E+10    0.261338706054784270E+06   -0.186053346842716877E+03
    0.420426120183672924E+00    0.633271577738676150E+00    0.186277528799524069E+10    0.272051266118220228E+06   -0.186029442436151101E+03
    0.420426120183672924E+00    0.633271577738676150E+00    0.186277528799524069E+10    0.272051266118220228E+06   -0.186029442436151101E+03
    0.442994263269994193E+00    0.638998541369960815E+00    0.184386227448156667E+10    0.268802959290349332E+06   -0.186025374941280262E+03
    0.442994263269994193E+00    0.638998541369960815E+00    0.184386227448156667E+10    0.268802959290349332E+06   -0.186025374941280262E+03
    0.442186598055133384E+00    0.687040935345534454E+00    0.185061762920094752E+10    0.273771193185632932E+06   -0.186021358408313802E+03
    0.442186598055133384E+00    0.687040935345534454E+00    0.185061762920094752E+10    0.273771193185632932E+06   -0.186021358408313802E+03
    0.398014478499903346E+00    0.668691229380936836E+00    0.197076820185988069E+10    0.256523856976958021E+06   -0.186017643998566825E+03
    0.410524382924580267E+00    0.595351241555223343E+00    0.194508068243125463E+10    0.257904751692972321E+06   -0.186013161242477850E+03
    0.391564477881627016E+00    0.598606825594501402E+00    0.192565672219510579E+10    0.258781064419721690E+06   -0.185988459669401294E+03
    0.391564477881627016E+00    0.598606825594501402E+00    0.192565672219510579E+10    0.258781064419721690E+06   -0.185988459669401294E+03
    0.424733432639397779E+00    0.613604188991493160E+00    0.188704293902382660E+10    0.273023101019976370E+06   -0.185984524566943406E+03
    0.394489168242432520E+00    0.616972088401936958E+00    0.193695185133574057E+10    0.277232738157837419E+06   -0.185977493257385731E+03
    0.403808643440904391E+00    0.577110194060773463E+00    0.198126538114675045E+10    0.250748195993147296E+06   -0.185972404066668787E+03
    0.423959099971097819E+00    0.640015053686715962E+00    0.190467239487252116E+10    0.266010183961180563E+06   -0.185972047688698183E+03
    0.407390311143443318E+00    0.643526128150261112E+00    0.187212236323383808E+10    0.271430404782522004E+06   -0.185960591179498010E+03
    0.425941018804087357E+00    0.651589551271213541E+00    0.188354876846902490E+10    0.270560747398682288E+06   -0.185953524710217522E+03
    0.425941018804087357E+00    0.651589551271213541E+00    0.188354876846902490E+10    0.270560747398682288E+06   -0.185953524710217522E+03
    0.386957974794988335E+00    0.619062063045622946E+00    0.193324187995579004E+10    0.258498065049753175E+06   -0.185952372094203042E+03
    0.405969753150724311E+00    0.635391736607047619E+00    0.186147808173092365E+10    0.261825220460262964E+06   -0.185939366729083702E+03
    0.437167792814057155E+00    0.659486745101293792E+00    0.187441908231587005E+10    0.268052633460756042E+06   -0.185934171035085512E+03
    0.417994947013716089E+00    0.671049996944574456E+00    0.189922145755220199E+10    0.264624333441090945E+06   -0.185931146167087491E+03
    0.440639053527888902E+00    0.711726359327285785E+00    0.186070943669627810E+10    0.269752178985779465E+06   -0.185920881281919208E+03
    0.379014723363723327E+00    0.583514574772717953E+00    0.192341918029303670E+10    0.267167684254530701E+06   -0.185915948400930375E+03
    0.411532645306326439E+00    0.598601851799395845E+00    0.189722191090155864E+10    0.260150597118583421E+06   -0.185901579316096132E+03
    0.411532645306326439E+00    0.598601851799395845E+00    0.189722191090155864E+10    0.260150597118583421E+06   -0.185901579316096132E+03
    0.418484859220081440E+00    0.662184890491306355E+00    0.189299400234120560E+10    0.258675206504365051E+06   -0.185880213995005874E+03
    0.385565937341235121E+00    0.627557480610902108E+00    0.190412762694116211E+10    0.269751118174337433E+06   -0.185871791720229112E+03
    0.378344905526137476E+00    0.660168614056646508E+00    0.198961922518845177E+10    0.261585889357727545E+06   -0.185868089382652215E+03
    0.404506952492456495E+00    0.597151247547373476E+00    0.188506109838954067E+10    0.253940454500194086E+06   -0.185838907943242475E+03
    0.398525130613502088E+00    0.663761881510901652E+00    0.189471215393047071E+10    0.273234440305492259E+06   -0.185829315969915285E+03
    0.398525130613502088E+00    0.663761881510901652E+00    0.189471215393047071E+10    0.273234440305492259E+06   -0.185829315969915285E+03
    0.447221059492453721E+00    0.677856366413803979E+00    0.185336699247020531E+10    0.275612656815985334E+06   -0.185815643682625165E+03
    0.431279853842896299E+00    0.634610426293310326E+00    0.189013701403695273E+10    0.266930340633981046E+06   -0.185811923974880528E+03
    0.431279853842896299E+00    0.634610426293310326E+00    0.189013701403695273E+10    0.266930340633981046E+06   -0.185811923974880528E+03
    0.383394962688705820E+00    0.597710429488701678E+00    0.193088706797431087E+10    0.268822454226377187E+06   -0.185799592286013819E+03
    0.439639932006773482E+00    0.645496622684919696E+00    0.188661050299087620E+10    0.257480218950767070E+06   -0.185794556652997869E+03
    0.439639932006773482E+00    0.645496622684919696E+00    0.188661050299087620E+10    0.257480218950767070E+06   -0.185794556652997869E+03
    0.375736555288672613E+00    0.652754599879932673E+00    0.195927448899779415E+10    0.257337624851713015E+06   -0.185782271266246397E+03
    0.375736555288672613E+00    0.652754599879932673E+00    0.195927448899779415E+10    0.257337624851713015E+06   -0.185782271266246397E+03
    0.439996853631532292E+00    0.684306459152669522E+00    0.186929316694851470E+10    0.256160397657251917E+06   -0.185765864063652202E+03
    0.439996853631532292E+00    0.684306459152669522E+00    0.186929316694851470E+10    0.256160397657251917E+06   -0.185765864063652202E+03
    0.407028642296158594E+00    0.641907882544552777E+00    0.188747497031471372E+10    0.269366986376118206E+06   -0.185755897557951357E+03
    0.407028642296158594E+00    0.641907882544552777E+00    0.188747497031471372E+10    0.269366986376118206E+06   -0.185755897557951357E+03
    0.389783903318729141E+00    0.667294099213330050E+00    0.195950444466644907E+10    0.269601980283505691E+06   -0.185755653607749281E+03
    0.389783903318729141E+00    0.667294099213330050E+00    0.195950444466644907E+10    0.269601980283505691E+06   -0.185755653607749281E+03
    0.448307734022329374E+00    0.590668872036731241E+00    0.187014795029998755E+10    0.264509461110516102E+06   -0.185753657303663175E+03
    0.411868090210814441E+00    0.635051963726949609E+00    0.189313628265156889E+10    0.274540871755826985E+06   -0.185746778676326755E+03
    0.411868090210814441E+00    0.635051963726949609E+00    0.189313628265156889E+10    0.274540871755826985E+06   -0.185746778676326755E+03
    0.442498966762334467E+00    0.673974400111184924E+00    0.186097853683921766E+10    0.274061464812065358E+06   -0.185745045506329376E+03
    0.386362087015041211E+00    0.652320125800339490E+00    0.192679696355949545E+10    0.259507733979175100E+06   -0.185744681319683082E+03
    0.386362087015041211E+00    0.652320125800339490E+00    0.192679696355949545E+10    0.259507733979175100E+06   -0.185744681319683082E+03
    0.390200749660716828E+00    0.653416001788246437E+00    0.194524442368408060E+10    0.258302341699262295E+06   -0.185742196057317699E+03
    0.410828253827727141E+00    0.639712911183829558E+00    0.191787990104281020E+10    0.251473926797262247E+06   -0.185741462909508101E+03
    0.407087972577387214E+00    0.657866384614785193E+00    0.188775473831837153E+10    0.275186884149121295E+06   -0.185738453266935295E+03
    0.407879244129696672E+00    0.662651746814586939E+00    0.190654529961499286E+10    0.275921076304316113E+06   -0.185724479938941329E+03
    0.407879244129696672E+00    0.662651746814586939E+00    0.190654529961499286E+10    0.275921076304316113E+06   -0.185724479938941329E+03
    0.419851952214033819E+00    0.621121470067675041E+00    0.188857250597094846E+10    0.264540595210266474E+06   -0.185723310416889888E+03
    0.419851952214033819E+00    0.621121470067675041E+00    0.188857250597094846E+10    0.264540595210266474E+06   -0.185723310416889888E+03
    0.384894443476096471E+00    0.660924443290020758E+00    0.186738960976192927E+10    0.269912931932564243E+06   -0.185719254660336617E+03
    0.386409703595618992E+00    0.642846747718655021E+00    0.187778332003701997E+10    0.274971643838168005E+06   -0.185702926568162923E+03
    0.368995956062202979E+00    0.626442076770126199E+00    0.190565599320965314E+10    0.265096416858432989E+06   -0.185672521641325005E+03
    0.364848094059452621E+00    0.627888018250303936E+00    0.195132380120296431E+10    0.265696518577040406E+06   -0.185648223183263838E+03
    0.388220766054761413E+00    0.637066958167036734E+00    0.191835573983378744E+10    0.265270609978920256E+06   -0.185640511436675183E+03
    0.417630813643204424E+00    0.651549043472334777E+00    0.187506714208304691E+10    0.265239814740165137E+06   -0.185639614677994786E+03
    0.387828278141713112E+00    0.637336769050027563E+00    0.191677703217505217E+10    0.261662443349701556E+06   -0.185630163112207384E+03
    0.405904588593520799E+00    0.615675814279754263E+00    0.191111622268317914E+10    0.251685899266000808E+06   -0.185625675152423497E+03
    0.405904588593520799E+00    0.615675814279754263E+00    0.191111622268317914E+10    0.251685899266000808E+06   -0.185625675152423497E+03
    0.391939944654222050E+00    0.642711452780853509E+00    0.189844701268245077E+10    0.260964304053484346E+06   -0.185621206261389659E+03
    0.418861323480199665E+00    0.620255999451503559E+00    0.185234514902202082E+10    0.262076718397156714E+06   -0.185618787728312441E+03
    0.407177448808870301E+00    0.642889632403464528E+00    0.189753294011188412E+10    0.256831428751840664E+06   -0.185614140330850887E+03
    0.407177448808870301E+00    0.642889632403464528E+00    0.189753294011188412E+10    0.256831428751840664E+06   -0.185614140330850887E+03
    0.393998879680401204E+00    0.645077479467475623E+00    0.195577813504792166E+10    0.259422730865633697E+06   -0.185611836564215196E+03
    0.393998879680401204E+00    0.645077479467475623E+00    0.195577813504792166E+10    0.259422730865633697E+06   -0.185611836564215196E+03
    0.392001280055136903E+00    0.645329012651005396E+00    0.191439104643381882E+10    0.271529407250577118E+06   -0.185611701575774248E+03
    0.400355597701097354E+00    0.642988857128670155E+00    0.198574568320218444E+10    0.261458965260321216E+06   -0.185607657713497815E+03
    0.386281405236892472E+00    0.641594797275464312E+00    0.194349463817921257E+10    0.268997015791115933E+06   -0.185604867830554326E+03
    0.386281405236892472E+00    0.641594797275464312E+00    0.194349463817921257E+10    0.268997015791115933E+06   -0.185604867830554326E+03
    0.420181674035702113E+00    0.667971112322919947E+00    0.190778645965591264E+10    0.258824829199688742E+06   -0.185596337673903690E+03
    0.420181674035702113E+00    0.667971112322919947E+00    0.190778645965591264E+10    0.258824829199688742E+06   -0.185596337673903690E+03
    0.388425927606552090E+00    0.660029733248046035E+00    0.194698378409233832E+10    0.258427308309424843E+06   -0.185586121399414793E+03
    0.388425927606552090E+00    0.660029733248046035E+00    0.194698378409233832E+10    0.258427308309424843E+06   -0.185586121399414793E+03
    0.394513809399173521E+00    0.625123020711752631E+00    0.187322607336483574E+10    0.276318618623847084E+06   -0.185584128637197580E+03
    0.438833266124864896E+00    0.641193635348614510E+00    0.189009561013402891E+10    0.257078644217609894E+06   -0.185569511751330225E+03
    0.378963427541748388E+00    0.587487376233416292E+00    0.193646566531319571E+10    0.269668758479007112E+06   -0.185561451428193521E+03
    0.413325825105829325E+00    0.610285620124098926E+00    0.189888797325562334E+10    0.257825451001257665E+06   -0.185559112336734245E+03
    0.383819468507326178E+00    0.650919562983034439E+00    0.189951642062026668E+10    0.260024245622510702E+06   -0.185557852785162595E+03
    0.438686784080267456E+00    0.637598654443285895E+00    0.190424872725585294E+10    0.258882199526195880E+06   -0.185554664977978121E+03
    0.389465408099279431E+00    0.599765737548830113E+00    0.188934914462739921E+10    0.266256261619748897E+06   -0.185541882695439028E+03
    0.396097213963406969E+00    0.646270648737625297E+00    0.186013950250177622E+10    0.276875279463373998E+06   -0.185533467116830650E+03
    0.411770995203376178E+00    0.674013828199558240E+00    0.188291550288264632E+10    0.264186581862701511E+06   -0.185526643091315350E+03
    0.375500409326810836E+00    0.627242294321836535E+00    0.193549747285977507E+10    0.268212978625920427E+06   -0.185509062207455941E+03
    0.390708533374579114E+00    0.613467488536455718E+00    0.191196691772434402E+10    0.265037782332553063E+06   -0.185508212212858467E+03
    0.439829467453383971E+00    0.684241986308322225E+00    0.192057869308875990E+10    0.257967944530449575E+06   -0.185486755188370324E+03
    0.403074749969774049E+00    0.619688311308644213E+00    0.189393884860138488E+10    0.264108637839185249E+06   -0.185475595598083089E+03
    0.403074749969774049E+00    0.619688311308644213E+00    0.189393884860138488E+10    0.264108637839185249E+06   -0.185475595598083089E+03
    0.427668956532284761E+00    0.662709451415655515E+00    0.189095780216855145E+10    0.261750438241099269E+06   -0.185470056863423792E+03
    0.392725629083016503E+00    0.640341619504998238E+00    0.196208058749896240E+10    0.259723765084783576E+06   -0.185467904613267621E+03
    0.420542129148041899E+00    0.677887247625895473E+00    0.189128938543307734E+10    0.265270490424554970E+06   -0.185461789563330115E+03
    0.420542129148041899E+00    0.677887247625895473E+00    0.189128938543307734E+10    0.265270490424554970E+06   -0.185461789563330115E+03
    0.415798108271206612E+00    0.675178563981306379E+00    0.191164695583920383E+10    0.258635316831454751E+06   -0.185454342394729736E+03
    0.421666965856015430E+00    0.606780484493329997E+00    0.188120303481370974E+10    0.263691748887670110E+06   -0.185447997507042004E+03
    0.419978458983510716E+00    0.655037058122033500E+00    0.188125864455123210E+10    0.256604425892893778E+06   -0.185446095005371888E+03
    0.447173772907637379E+00    0.612352265272301910E+00    0.187127630664955950E+10    0.264182388003225671E+06   -0.185445198863571306E+03
    0.403353626077945226E+00    0.643655031648008968E+00    0.190663104441421914E+10    0.267037852368511609E+06   -0.185410249208252395E+03
    0.412804919193923203E+00    0.605406122239808830E+00    0.191961879823488784E+10    0.254710835695693211E+06   -0.185405630231393786E+03
    0.412804919193923203E+00    0.605406122239808830E+00    0.191961879823488784E+10    0.254710835695693211E+06   -0.185405630231393786E+03
    0.448098154242126401E+00    0.618323586051843233E+00    0.186461909250454760E+10    0.264275073598142713E+06   -0.185403155830429796E+03
    0.421697779913361381E+00    0.640461565364883967E+00    0.186707598828131509E+10    0.267685253270360234E+06   -0.185387507086276173E+03
    0.396028804206840501E+00    0.655386400618762632E+00    0.189464644969701004E+10    0.265053663419163146E+06   -0.185371377424484592E+03
    0.396028804206840501E+00    0.655386400618762632E+00    0.189464644969701004E+10    0.265053663419163146E+06   -0.185371377424484592E+03
    0.431142432282070720E+00    0.628278762205419561E+00    0.184997412392863321E+10    0.265465223234097706E+06   -0.185356957374453600E+03
    0.390674539593092951E+00    0.629873718043441500E+00    0.189518075451930523E+10    0.267447359909291554E+06   -0.185347855062259583E+03
    0.400315447290927440E+00    0.686165390931629648E+00    0.189921613771527743E+10    0.273912397171315504E+06   -0.185343804136706410E+03
    0.388514362802400537E+00    0.620667047338968381E+00    0.191086122080308294E+10    0.270937030831461190E+06   -0.185335375597523011E+03
    0.414381066857040459E+00    0.631597517634802319E+00    0.191387484103980470E+10    0.258164029935257277E+06   -0.185334890028261100E+03
    0.424570913659546800E+00    0.607987576657334827E+00    0.190810276704926300E+10    0.275354002878079831E+06   -0.185327556359343816E+03
    0.429178209002630651E+00    0.641640667047882030E+00    0.189541007173589230E+10    0.275178425164111773E+06   -0.185313749784851893E+03
    0.429178209002630651E+00    0.641640667047882030E+00    0.189541007173589230E+10    0.275178425164111773E+06   -0.185313749784851893E+03
    0.390613234419284805E+00    0.647525293824521508E+00    0.185119763627178764E+10    0.274870352173204243E+06   -0.185304158165163244E+03
    0.426660068183866981E+00    0.643263256022528651E+00    0.186345040469489431E+10    0.268752274356235343E+06   -0.185297372129843950E+03
    0.416479236128144248E+00    0.649127641783857179E+00    0.188218387826259971E+10    0.274772906604945660E+06   -0.185293975081116685E+03
    0.372640962101858764E+00    0.626822304248748630E+00    0.189140108696221542E+10    0.267653345939748338E+06   -0.185274229774096739E+03
    0.424567297668781984E+00    0.635834420672006129E+00    0.189335208330115390E+10    0.266549736835065531E+06   -0.185263461338585330E+03
    0.385835127503033726E+00    0.590463502007041008E+00    0.193377409730261374E+10    0.264403084556938265E+06   -0.185253761924103515E+03
    0.385835127503033726E+00    0.590463502007041008E+00    0.193377409730261374E+10    0.264403084556938265E+06   -0.185253761924103515E+03
    0.392894707194403781E+00    0.608352052238101848E+00    0.189759002306291437E+10    0.252657501646590797E+06   -0.185238502223957568E+03
    0.392894707194403781E+00    0.608352052238101848E+00    0.189759002306291437E+10    0.252657501646590797E+06   -0.185238502223957568E+03
    0.354684261944286983E+00    0.617617046210542142E+00    0.196848897841583776E+10    0.272982065475570213E+06   -0.185236837266962709E+03
    0.370873132369286373E+00    0.614430252597315540E+00    0.193598190444612718E+10    0.267480322460240626E+06   -0.185229536165583511E+03
    0.402007196590052074E+00    0.670604038863614971E+00    0.188646660203542566E+10    0.273949702480217675E+06   -0.185220885904119797E+03
    0.385801458404583075E+00    0.636574451856053880E+00    0.195741846152070832E+10    0.267964033264536527E+06   -0.185214257782302354E+03
    0.400420843489942446E+00    0.640465035540007666E+00    0.190665405708927536E+10    0.260727756720838806E+06   -0.185207987633652976E+03
    0.374620311288242858E+00    0.639721846724105259E+00    0.193540000765131378E+10    0.256713269861279288E+06   -0.185195742438406569E+03
    0.387740585717266606E+00    0.641355852956362771E+00    0.189054180231834054E+10    0.270559342930598301E+06   -0.185193069428744138E+03
    0.351038455789352555E+00    0.632693762551549632E+00    0.196885391643265939E+10    0.270334318022481399E+06   -0.185178961553128602E+03
    0.426338807196483871E+00    0.638489946515283346E+00    0.188869579051414466E+10    0.265537419370259915E+06   -0.185171764981715967E+03
    0.385409852142481690E+00    0.608210616315251418E+00    0.188477367420507288E+10    0.275971639567747887E+06   -0.185171586250413782E+03
    0.385743643590003182E+00    0.620428388818498266E+00    0.191350190337534952E+10    0.265399212443486438E+06   -0.185161468316739530E+03
    0.410740242667259781E+00    0.634855975375372417E+00    0.186700512211011624E+10    0.265429661298601248E+06   -0.185150957780558826E+03
    0.432761144960314537E+00    0.635940923759508170E+00    0.189446598460631585E+10    0.256006711874841567E+06   -0.185150543209380089E+03
    0.427900421682210097E+00    0.631892235790414425E+00    0.185641195587370396E+10    0.265609621878174890E+06   -0.185136608351333649E+03
    0.390315278129797549E+00    0.606074804329917338E+00    0.189900454748605871E+10    0.249891436268793041E+06   -0.185135416162846980E+03
    0.390315278129797549E+00    0.606074804329917338E+00    0.189900454748605871E+10    0.249891436268793041E+06   -0.185135416162846980E+03
    0.405158894327306618E+00    0.621930268401401865E+00    0.192393326721795988E+10    0.265894354930010100E+06   -0.185134148245122958E+03
    0.382455491500490907E+00    0.671210901831068796E+00    0.200693321658038950E+10    0.261321427272068569E+06   -0.185132411799606757E+03
    0.392499882814156986E+00    0.626127133153345117E+00    0.197281785451935434E+10    0.261466766044623364E+06   -0.185128906067319321E+03
    0.383811496582444234E+00    0.649776518063839514E+00    0.187631618208534193E+10    0.272780354506784643E+06   -0.185128722841728177E+03
    0.420433949864775447E+00    0.647081942988951830E+00    0.186785449970181441E+10    0.260969424754090724E+06   -0.185125367955032317E+03
    0.435664093608989889E+00    0.645094725803235569E+00    0.189034112621940565E+10    0.254512628073948610E+06   -0.185124510058116300E+03
    0.390803990076347973E+00    0.589609471352412484E+00    0.190990857608274150E+10    0.255800962474610162E+06   -0.185117667492983884E+03
    0.442938355839649023E+00    0.639928391560388832E+00    0.189366740212981844E+10    0.262186602148615289E+06   -0.185101650772590375E+03
    0.416313651990115219E+00    0.672276091966082401E+00    0.191932390661641884E+10    0.260660152993310709E+06   -0.185095853900022377E+03
    0.413478774455332765E+00    0.558593268776439444E+00    0.196914560511621237E+10    0.252358743564530334E+06   -0.185094394845872728E+03
    0.384224525789321925E+00    0.627859411805843148E+00    0.192173781253188801E+10    0.264715106212763581E+06   -0.185084700688806265E+03
    0.394261910188495823E+00    0.599864925411667471E+00    0.192864896891838813E+10    0.260926275282907271E+06   -0.185082076560423644E+03
    0.398509185402937893E+00    0.598114714476917442E+00    0.193640299067218399E+10    0.262114281469472393E+06   -0.185075714634524957E+03
    0.420208186011557350E+00    0.646883729947769215E+00    0.189856006051562285E+10    0.267815295606416126E+06   -0.185075276989195089E+03
    0.423566528099297568E+00    0.608032519361555668E+00    0.187547469106346965E+10    0.262667845768478990E+06   -0.185070188894816567E+03
    0.417601811856864513E+00    0.661986394227916719E+00    0.189832494014579892E+10    0.268791060771688644E+06   -0.185060476744896846E+03
    0.405777406764378068E+00    0.627605276360747144E+00    0.192071388904567838E+10    0.264151287181325431E+06   -0.185060286766338265E+03
    0.428426233149502123E+00    0.622105610703189260E+00    0.192213783001757288E+10    0.260836929229798116E+06   -0.185059498841597133E+03
    0.394845837102233477E+00    0.647253902609855380E+00    0.186453421566264963E+10    0.273790607874974841E+06   -0.185058278691236296E+03
    0.435366680673392681E+00    0.610292678280036416E+00    0.186153678508992934E+10    0.265715775163874030E+06   -0.185044256759066570E+03
    0.427488397741669801E+00    0.628124993648298435E+00    0.191642994129224253E+10    0.259590645646431891E+06   -0.185038004746810941E+03
    0.424084267133387871E+00    0.638343551351510108E+00    0.187218452835930371E+10    0.263133399467450567E+06   -0.185035695972370178E+03
    0.384045298626063514E+00    0.632975752080960241E+00    0.190816261670455074E+10    0.265852195315069635E+06   -0.185034134338659328E+03
    0.421162569085626992E+00    0.628229578825361124E+00    0.186966292642345095E+10    0.261779445154257031E+06   -0.185031765255588851E+03
    0.398510433313031098E+00    0.657749473255850869E+00    0.189085469304942441E+10    0.260832652278251684E+06   -0.185031600715545807E+03
    0.391580844142773998E+00    0.662444836554505478E+00    0.188073132011473155E+10    0.267471794642397261E+06   -0.185022325108726221E+03
    0.408888655978935089E+00    0.651519306374347629E+00    0.189515597885596538E+10    0.265232035017243645E+06   -0.185018135460122494E+03
    0.417919269613572730E+00    0.648925648462291615E+00    0.188410069319844770E+10    0.277166164004791237E+06   -0.185004488249105293E+03
    0.404330415523156850E+00    0.594504203538954723E+00    0.190100527049969912E+10    0.260488887494097784E+06   -0.185002015246631089E+03
    0.381754578396455824E+00    0.655594121744293545E+00    0.191846054704033327E+10    0.264314033089993056E+06   -0.184998419656780698E+03
    0.408464568922008608E+00    0.618152395961840462E+00    0.190562230353991389E+10    0.268826910263425030E+06   -0.184997969851565585E+03
    0.370306025757286161E+00    0.634973464992551584E+00    0.194426036596213555E+10    0.257897885156733857E+06   -0.184991074062092991E+03
    0.413387981081248856E+00    0.606754732462688740E+00    0.187798041200035644E+10    0.262892312394884357E+06   -0.184978491569532423E+03
    0.380122738418339934E+00    0.625614280524414923E+00    0.189427026400270939E+10    0.264888266458267521E+06   -0.184962461142509397E+03
    0.409282621454228779E+00    0.645788840125451014E+00    0.190994064422937465E+10    0.265466599765190447E+06   -0.184950655028224617E+03
    0.398522435906438377E+00    0.617139746289475433E+00    0.189015702544729424E+10    0.266387436216236616E+06   -0.184946847833113793E+03
    0.426149187808614216E+00    0.604644052834417245E+00    0.188049645816562271E+10    0.264283141753762087E+06   -0.184943489199520826E+03
    0.408111802164435156E+00    0.642579713486447268E+00    0.187964735942184258E+10    0.264578402944161149E+06   -0.184933465109725319E+03
    0.414853877165894835E+00    0.635151991599811172E+00    0.185211504858130407E+10    0.264015712495591666E+06   -0.184920547335856412E+03
    0.437073497920816290E+00    0.680621092655328219E+00    0.192657839007662964E+10    0.255475981796100648E+06   -0.184919201250112508E+03
    0.374268500781851421E+00    0.631178186756670367E+00    0.192041573590841842E+10    0.265392541070301610E+06   -0.184918881414833947E+03
    0.409871067463810024E+00    0.612318231515940337E+00    0.186509447669139290E+10    0.263296048664928298E+06   -0.184917732862995621E+03
    0.412729166131657443E+00    0.639487141958258398E+00    0.191714492510084128E+10    0.255383370452177332E+06   -0.184909477174273292E+03
    0.413797676513670665E+00    0.626325909068599085E+00    0.187199256172091842E+10    0.264332837072409806E+06   -0.184882844110909787E+03
    0.377000992782586530E+00    0.607920347916056869E+00    0.189227290658347416E+10    0.264007550307965546E+06   -0.184878336879444760E+03
    0.373402977717840479E+00    0.625846312278623973E+00    0.190870152330638456E+10    0.262967382734292769E+06   -0.184877750682454490E+03
    0.385816610176357377E+00    0.632595455701103315E+00    0.190809843786894321E+10    0.256005310864480358E+06   -0.184873000158062439E+03
    0.410447893821778709E+00    0.615646771373676849E+00    0.190516471325950861E+10    0.266347112499437702E+06   -0.184867418479336067E+03
    0.421656083624080913E+00    0.626400855125814005E+00    0.190423807996539688E+10    0.259445328277607565E+06   -0.184860882371331428E+03
    0.391405888978217986E+00    0.647216274436142491E+00    0.189749540224561048E+10    0.263488296063914837E+06   -0.184858284883439012E+03
    0.390684820775498987E+00    0.591034146418941919E+00    0.190927194852996397E+10    0.264023553171227395E+06   -0.184851547189396712E+03
    0.410488960934741021E+00    0.629740120759238575E+00    0.189777395702066517E+10    0.260384955018844572E+06   -0.184829162739969803E+03
    0.433277107042533582E+00    0.669396794373347870E+00    0.191443362407632256E+10    0.255265546005364682E+06   -0.184823188207720818E+03
    0.393171942267337871E+00    0.625842335607920131E+00    0.196000974515804768E+10    0.261219524637016060E+06   -0.184808816287071863E+03
    0.399987270077840962E+00    0.583450311794010634E+00    0.190733015471933174E+10    0.257902304874928348E+06   -0.184806403095326573E+03
    0.402208395258140006E+00    0.627782803943490286E+00    0.189075658969293666E+10    0.258821772363874217E+06   -0.184805621050966579E+03
    0.391401073574079217E+00    0.642467989416658725E+00    0.187943008149190807E+10    0.269949932310466247E+06   -0.184803886010488469E+03
    0.393796414573217346E+00    0.628272356138960930E+00    0.190546296434410715E+10    0.265894191279626102E+06   -0.184796357400526375E+03
    0.422138118886895619E+00    0.603694626094910980E+00    0.191394287163294888E+10    0.264066969279907469E+06   -0.184794588310569054E+03
    0.398685472897355175E+00    0.628894278477870827E+00    0.198690716521568227E+10    0.261062200215909514E+06   -0.184784873465447646E+03
    0.413373261479756338E+00    0.641823105785380932E+00    0.191988230727744436E+10    0.255651959731026203E+06   -0.184762972236570533E+03
    0.388938800413075769E+00    0.640888547042930412E+00    0.187913261594375968E+10    0.269858770262343518E+06   -0.184761121347797598E+03
    0.392758783833173364E+00    0.616084343028385995E+00    0.189322663245179534E+10    0.267392894992343441E+06   -0.184760710573179210E+03
    0.385626752852115007E+00    0.617515302551995937E+00    0.190818460221569943E+10    0.266319675305736077E+06   -0.184748240960499004E+03
    0.401565824931821136E+00    0.700641186237883851E+00    0.188087910451358819E+10    0.270208644855956722E+06   -0.184732089739398134E+03
    0.408465686381219217E+00    0.590849923599802818E+00    0.189519877351921511E+10    0.260173462574710604E+06   -0.184729683642588270E+03
    0.423102171601033750E+00    0.625411104229732118E+00    0.190200530153301692E+10    0.266117552777803096E+06   -0.184719452226046656E+03
    0.399827796610967234E+00    0.631916868188640901E+00    0.190224580143733740E+10    0.263158571554685419E+06   -0.184718840648752462E+03
    0.388211705604931734E+00    0.620716206019938266E+00    0.191095525845096636E+10    0.258918060780508647E+06   -0.184718261516201181E+03
    0.393962351649876363E+00    0.654908532024177426E+00    0.194073413036621594E+10    0.259167954522666318E+06   -0.184703217710048364E+03
    0.437898577781103859E+00    0.644963101242195247E+00    0.190817201683376765E+10    0.255691760772924259E+06   -0.184700268786445463E+03
    0.426684975649115394E+00    0.608732526574063293E+00    0.186319282474693418E+10    0.262468930168991734E+06   -0.184699830216320095E+03
    0.439304627063857589E+00    0.647222754478666396E+00    0.189274384437370157E+10    0.256421850184720039E+06   -0.184695233410755407E+03
    0.385088300604136291E+00    0.635505285189313263E+00    0.190416781669795442E+10    0.263644483224756492E+06   -0.184691705073895236E+03
    0.403939280007184820E+00    0.638119604574133970E+00    0.190862087380313325E+10    0.263878459447541798E+06   -0.184689404895371496E+03
    0.377800459855130111E+00    0.626415436474368370E+00    0.193023954652463174E+10    0.263374567700248328E+06   -0.184680106372923859E+03
    0.423220349331756784E+00    0.630876732493971470E+00    0.190949036265824342E+10    0.259135023134169489E+06   -0.184664778915609986E+03
    0.412935179299686816E+00    0.612652019646316770E+00    0.191204091327685404E+10    0.262087938764809893E+06   -0.184664457900835259E+03
    0.372943614628145625E+00    0.642631945035050833E+00    0.190401742751063871E+10    0.266178533241304918E+06   -0.184657779182486706E+03
    0.395975651472098900E+00    0.661469956564475936E+00    0.194414221686115551E+10    0.259171450398735353E+06   -0.184657590688168312E+03
    0.405623426331644887E+00    0.599380235933611338E+00    0.190173705215640545E+10    0.256566929025107558E+06   -0.184656351725463253E+03
    0.384228799293198697E+00    0.646836808401882735E+00    0.192049796633819413E+10    0.264605255983720301E+06   -0.184633237047744558E+03
    0.399615703657487498E+00    0.611515204765716192E+00    0.189471542120342946E+10    0.257322270681178139E+06   -0.184619175771509333E+03
    0.397716923241628662E+00    0.676606384348902523E+00    0.189448418462377930E+10    0.268109287096920714E+06   -0.184611539936350312E+03
    0.384834829242894361E+00    0.595402598555760942E+00    0.189156967473510814E+10    0.266668674325265863E+06   -0.184610680626399159E+03
    0.396691419616772734E+00    0.639215087192727793E+00    0.188900606583923388E+10    0.272038586728542345E+06   -0.184610232544395927E+03
    0.394983312635199257E+00    0.618433040067475126E+00    0.194593525396630907E+10    0.260551702289668930E+06   -0.184606817492937751E+03
    0.423694612234347179E+00    0.650279300295068641E+00    0.188345827731704569E+10    0.265250905283121509E+06   -0.184599488750075409E+03
    0.388121007821890740E+00    0.637292763914824700E+00    0.191314900422692299E+10    0.261413192009404505E+06   -0.184583000709108973E+03
    0.394609566204047191E+00    0.648372670776503846E+00    0.193885695007970190E+10    0.258620818787148251E+06   -0.184576571374966534E+03
    0.424819645480518204E+00    0.648306779589853832E+00    0.190679902566853905E+10    0.255291649276981072E+06   -0.184573353382960022E+03
    0.420035988550412354E+00    0.621299548979576954E+00    0.186938876056709027E+10    0.263151255234714248E+06   -0.184572855433567838E+03
    0.414740520898712717E+00    0.646942664650020482E+00    0.191532009868580580E+10    0.266129377207920770E+06   -0.184571640173427369E+03
    0.408570289405662923E+00    0.666491226593520558E+00    0.190046808658871007E+10    0.266168520694481500E+06   -0.184562990871983629E+03
    0.393273958745923691E+00    0.632871843154418912E+00    0.189907770426734972E+10    0.262226543324645027E+06   -0.184558647958899428E+03
    0.381177370877947674E+00    0.594377318951894384E+00    0.190492148290699077E+10    0.264142893463365792E+06   -0.184541270583446931E+03
    0.394315540364058637E+00    0.636207702712741074E+00    0.190400055728772020E+10    0.263003733308301307E+06   -0.184530060932104902E+03
    0.415439579581215968E+00    0.637125371340198310E+00    0.188555594239225793E+10    0.264721575518056459E+06   -0.184528513695477955E+03
    0.407253939313429347E+00    0.601390512402427913E+00    0.188175151898118830E+10    0.261937203443473874E+06   -0.184522698673680452E+03
    0.386778580054423837E+00    0.604341221349733448E+00    0.189478146729428887E+10    0.265997198288516665E+06   -0.184522073068475834E+03
    0.420127409774000149E+00    0.613259876535424908E+00    0.188781576804021740E+10    0.262333130078650662E+06   -0.184508903116999988E+03
    0.383070369220906592E+00    0.614020258628455551E+00    0.189339411312893414E+10    0.264379239500345022E+06   -0.184491391190707930E+03
    0.402854352442473584E+00    0.636890069946741910E+00    0.193661469777496457E+10    0.261731832715945988E+06   -0.184486418329134949E+03
    0.390534926941761951E+00    0.627032270367355427E+00    0.191423061619605613E+10    0.261732986378647096E+06   -0.184486020625754662E+03
    0.399292230874032983E+00    0.637675708640393690E+00    0.194380088560767221E+10    0.261439049561394582E+06   -0.184477687335072233E+03
    0.401631342472255848E+00    0.639194616050473563E+00    0.191957175363062525E+10    0.260004876154337981E+06   -0.184471846645348222E+03
    0.400302569708864964E+00    0.654033694906445806E+00    0.190957326545503950E+10    0.265458857697019121E+06   -0.184470248597580394E+03
    0.398663968823163073E+00    0.618786006318616355E+00    0.189904608744757795E+10    0.263302163074457552E+06   -0.184469899889441194E+03
    0.425429924742360188E+00    0.602240150583854827E+00    0.191410749379437590E+10    0.263152420700141520E+06   -0.184461882572983484E+03
    0.400650719155207224E+00    0.617558395789715942E+00    0.189660701043572497E+10    0.258371464395521063E+06   -0.184442834495330175E+03
    0.406664003429710430E+00    0.628331225224237677E+00    0.191341968441403198E+10    0.265549290106975823E+06   -0.184421689450498434E+03
    0.425525732738798845E+00    0.640591634125939891E+00    0.189781715401040626E+10    0.255227291465793707E+06   -0.184415703414989622E+03
    0.421911730525935502E+00    0.622557267797858582E+00    0.190096981218520737E+10    0.259309469009807741E+06   -0.184404586219593739E+03
    0.411926833351472010E+00    0.625245228273938469E+00    0.191591538714718270E+10    0.266561119562131120E+06   -0.184402759980154855E+03
    0.411410682593659982E+00    0.573333618765405006E+00    0.195420529565943003E+10    0.263510370243892772E+06   -0.183989464553345215E+03
    0.392089081710229548E+00    0.599427538536093429E+00    0.195436702141059923E+10    0.265155557181564276E+06   -0.183545100580730747E+03
    0.392089081710229548E+00    0.599427538536093429E+00    0.195436702141059923E+10    0.265155557181564276E+06   -0.183545100580730747E+03
    0.382256926300983457E+00    0.626920429910414967E+00    0.191827851712359476E+10    0.263595617034916941E+06   -0.183603163250167228E+03
    0.382256926300983457E+00    0.626920429910414967E+00    0.191827851712359476E+10    0.263595617034916941E+06   -0.183603163250167228E+03
    0.383973847231771692E+00    0.632205343044675683E+00    0.193269767159642291E+10    0.264294548540307151E+06   -0.183654291143717728E+03
    0.362247101820955264E+00    0.633032593069262628E+00    0.194706673002448034E+10    0.265772024673605338E+06   -0.184230406101584094E+03
    0.398445692088539916E+00    0.602445983875238511E+00    0.189933614817643261E+10    0.265658002262662863E+06   -0.183592089178484400E+03
    0.398445692088539916E+00    0.602445983875238511E+00    0.189933614817643261E+10    0.265658002262662863E+06   -0.183592089178484400E+03
    0.389970317733887795E+00    0.606559827401424112E+00    0.189627572613520026E+10    0.265265986770430405E+06   -0.183757516241470228E+03
    0.389077599535885776E+00    0.624167857974035289E+00    0.191117962407966399E+10    0.265878620952913247E+06   -0.183997336506421760E+03
    0.392162785851733420E+00    0.619205231850165738E+00    0.190435968856286931E+10    0.267467712054013158E+06   -0.184279317693675040E+03
    0.392405233041250912E+00    0.614011498239377840E+00    0.189366788506915545E+10    0.266788083090787579E+06   -0.184018924923111399E+03
    0.383384003535077400E+00    0.610404484993188223E+00    0.189547065691009045E+10    0.268186760922914546E+06   -0.183649077249872278E+03
    0.395324389472114235E+00    0.623104939717071371E+00    0.191330341909086323E+10    0.266802189928336069E+06   -0.184334678770386176E+03
    0.395327344803226732E+00    0.612599503844593940E+00    0.190182928966714048E+10    0.268858781828059931E+06   -0.184302434935710551E+03
    0.381741435039960608E+00    0.601111638907010359E+00    0.191534021352863789E+10    0.263827215087701683E+06   -0.183703598434798522E+03
    0.386122762387656138E+00    0.607043173240477518E+00    0.192410446149657202E+10    0.263768950065787358E+06   -0.184328322497758990E+03
    0.387186233588863227E+00    0.603079681275298984E+00    0.192041499310478187E+10    0.263724230736595520E+06   -0.184120020211723897E+03
    0.390301590440048807E+00    0.599306875992290156E+00    0.191214696791865826E+10    0.264098814909265377E+06   -0.184063869630655518E+03
    0.384195851690353751E+00    0.613307494244554441E+00    0.192697332438644600E+10    0.262802879105866246E+06   -0.184335380225381527E+03
    0.371528533927355464E+00    0.609131714434541838E+00    0.190068625037401295E+10    0.265252734174157493E+06   -0.183360663660733451E+03
    0.371528533927355464E+00    0.609131714434541838E+00    0.190068625037401295E+10    0.265252734174157493E+06   -0.183360663660733451E+03
    0.373906898760822892E+00    0.627278613464204327E+00    0.191155728007159400E+10    0.262574009343422891E+06   -0.183117267031073851E+03
    0.373906898760822892E+00    0.627278613464204327E+00    0.191155728007159400E+10    0.262574009343422891E+06   -0.183117267031073851E+03
    0.373906898760822892E+00    0.627278613464204327E+00    0.191155728007159400E+10    0.262574009343422891E+06   -0.183117267031073851E+03
    0.372537098984182136E+00    0.622170898112508475E+00    0.190702093254433036E+10    0.265547330939767009E+06   -0.184362108038403221E+03
    0.371843508020533009E+00    0.634803327167231757E+00    0.189423336119399261E+10    0.265713735596142360E+06   -0.183774668916515566E+03
    0.371843508020533009E+00    0.634803327167231757E+00    0.189423336119399261E+10    0.265713735596142360E+06   -0.183774668916515566E+03
    0.378310733538326338E+00    0.629174036104274137E+00    0.189548269823589587E+10    0.264635367905763444E+06   -0.184165257136754519E+03
    0.395895654781642237E+00    0.603801502956591740E+00    0.190102910575488234E+10    0.268557385068055184E+06   -0.183891022407662831E+03
    0.395118173305651132E+00    0.612566853339780781E+00    0.189544575051467180E+10    0.267143305480991083E+06   -0.184199255903436750E+03
    0.402304741284542744E+00    0.606990281223129369E+00    0.190281976153312588E+10    0.262207907604372129E+06   -0.184169185492748312E+03
    0.398175183882745753E+00    0.611248570192264751E+00    0.191135469899691200E+10    0.263545702858432662E+06   -0.184033332847265115E+03
    0.392531389141176690E+00    0.604628066007992349E+00    0.191015069588718557E+10    0.263507934692676004E+06   -0.183941686386510582E+03
    0.397845034450423463E+00    0.608820072399133938E+00    0.190715354370633554E+10    0.264683640041497943E+06   -0.183907786868434641E+03
    0.385951823961986407E+00    0.618062202636489921E+00    0.191389198812253785E+10    0.264550912838342600E+06   -0.184105558790846800E+03
    0.388859572642718865E+00    0.623920111909629593E+00    0.190124544091429639E+10    0.260880115609683242E+06   -0.183783259748006685E+03
    0.405954247929345313E+00    0.609999516266329422E+00    0.189519129394390512E+10    0.262926604471534141E+06   -0.184239076198471480E+03
    0.399473820938233248E+00    0.620520676832462925E+00    0.188565788342400146E+10    0.262628479719470488E+06   -0.184350198024195578E+03
    0.398721382515280276E+00    0.604560892771723868E+00    0.188420388366849637E+10    0.264144558847017819E+06   -0.184088302906444369E+03
    0.387565297482676929E+00    0.663029663177552742E+00    0.190812666420829058E+10    0.266779003566133557E+06   -0.184049164776966961E+03
    0.387926508530816283E+00    0.669698158945014388E+00    0.187402290547895503E+10    0.267761063259955845E+06   -0.184394252445092661E+03
    0.395653632872180028E+00    0.634742585421741001E+00    0.194039491085271788E+10    0.259199251206403715E+06   -0.184372274685495881E+03
    0.398704972838277771E+00    0.637939019846402999E+00    0.193215688766272759E+10    0.257780139227354579E+06   -0.184302537564882954E+03
    0.389193096907170966E+00    0.634081675535902001E+00    0.193057097505493951E+10    0.258676523535083019E+06   -0.184224808258186386E+03
    0.393848034992265228E+00    0.621737854184546634E+00    0.194306689882489014E+10    0.261281505003780883E+06   -0.183993960163537224E+03
    0.400728086849323872E+00    0.625725480959215652E+00    0.193853876213411713E+10    0.259181253135417384E+06   -0.183885488801729196E+03
    0.404307238525792090E+00    0.604936203515610949E+00    0.192105659524917102E+10    0.261591155135380715E+06   -0.183597901095617260E+03
    0.396691548755087720E+00    0.614382320894572231E+00    0.192631748449196649E+10    0.261399092646395671E+06   -0.183594023837808379E+03
    0.396691548755087720E+00    0.614382320894572231E+00    0.192631748449196649E+10    0.261399092646395671E+06   -0.183594023837808379E+03
    0.390993662396285191E+00    0.608574769231761348E+00    0.197386750645470548E+10    0.259198034854559373E+06   -0.184161383533956041E+03
    0.392259417178464520E+00    0.613381418878296891E+00    0.194318498257101178E+10    0.259473718409193476E+06   -0.183992557567245967E+03
    0.391042696797036349E+00    0.640773511781788319E+00    0.190769195847403312E+10    0.261899110736065049E+06   -0.184261838271428530E+03
    0.398067421353972883E+00    0.650121681209804514E+00    0.191937511996711278E+10    0.260222118900777074E+06   -0.183853537247731850E+03
    0.401726618646824518E+00    0.648516445576921008E+00    0.192096532400676918E+10    0.259964502064681263E+06   -0.184363279023693877E+03
    0.401993280861686897E+00    0.644763986926771615E+00    0.191091312900501204E+10    0.260300577948293532E+06   -0.184109239714753244E+03
    0.393776923373712451E+00    0.620634584550604274E+00    0.189536013567655849E+10    0.259560632133544277E+06   -0.184236459243308843E+03
    0.396292164179989415E+00    0.618721625200282066E+00    0.191109439393664765E+10    0.260531362250357924E+06   -0.183605905928873767E+03
    0.396292164179989415E+00    0.618721625200282066E+00    0.191109439393664765E+10    0.260531362250357924E+06   -0.183605905928873767E+03
    0.391158682038082128E+00    0.632881841644122645E+00    0.191700748715515113E+10    0.260267679894021829E+06   -0.184004933583414612E+03
    0.426137302793945016E+00    0.614147386831274122E+00    0.190282779353821516E+10    0.255944847257325338E+06   -0.184357150983187807E+03
    0.418093398811929917E+00    0.609370373010051036E+00    0.189452598642077827E+10    0.256648108599700761E+06   -0.184112369213055388E+03
    0.420597259750319419E+00    0.612641627393383015E+00    0.190486499178286481E+10    0.255039530874622782E+06   -0.184338230401323528E+03
    0.427032147853517785E+00    0.636346577909892464E+00    0.190762074209830022E+10    0.260692041188048752E+06   -0.184329216187728093E+03
    0.414972686600235452E+00    0.633242498086058703E+00    0.190767153651983118E+10    0.260373867488190619E+06   -0.183766225701695021E+03
    0.404983297165837919E+00    0.639975520173652779E+00    0.190855155189753771E+10    0.260357165590374992E+06   -0.184272604147859283E+03
    0.399289991385180343E+00    0.645513052382084673E+00    0.189811004508819771E+10    0.261014706797082617E+06   -0.183869091234007186E+03
    0.416880491662374508E+00    0.614065162114381558E+00    0.190729637821012545E+10    0.268085704576081480E+06   -0.183909445532880738E+03
    0.407552557182754016E+00    0.622461042955438693E+00    0.189495633995465517E+10    0.264130735771313135E+06   -0.183947207616032983E+03
    0.416765956632719092E+00    0.627564758127576727E+00    0.189096389223137712E+10    0.262230252974534815E+06   -0.183829672161625922E+03
    0.412202152397383503E+00    0.611914194111592202E+00    0.190380760397595501E+10    0.266718844167547533E+06   -0.183939700102391271E+03
    0.417626779032902407E+00    0.620985723453776561E+00    0.190532268009285617E+10    0.263498345605583512E+06   -0.183762151270033911E+03
    0.408653784158476585E+00    0.603212842239730040E+00    0.188280586944004130E+10    0.264942917515509995E+06   -0.184167281245810329E+03
    0.413170945409086221E+00    0.602028814685407809E+00    0.189616264341317821E+10    0.262940527459278353E+06   -0.183798615967864407E+03
    0.420953590794430399E+00    0.603507143358468223E+00    0.189708278973609471E+10    0.263968545680140727E+06   -0.184076711700770005E+03
    0.420682309159035206E+00    0.598598093206476722E+00    0.188025400223436642E+10    0.265602943044034473E+06   -0.183738481676343326E+03
    0.423196110746029475E+00    0.607216432079061175E+00    0.187903168120070291E+10    0.264239893328969367E+06   -0.184401470394566189E+03
    0.433080781430909112E+00    0.613856495872800778E+00    0.188051916910501623E+10    0.263903450215444202E+06   -0.184213731900624026E+03
    0.421658362489646277E+00    0.617372143942589435E+00    0.188073573153790045E+10    0.266131056965518685E+06   -0.183806983530770310E+03
    0.421658362489646277E+00    0.617372143942589435E+00    0.188073573153790045E+10    0.266131056965518685E+06   -0.183806983530770310E+03
    0.425456259223259359E+00    0.609943095701959148E+00    0.187922465194125438E+10    0.267440007011503447E+06   -0.184365265859391911E+03
    0.426576251134930029E+00    0.623952830593003771E+00    0.188220028367242336E+10    0.264332475380870630E+06   -0.183848126205013472E+03
    0.416072424163765220E+00    0.644513451692888761E+00    0.190345715386544800E+10    0.267672973246739770E+06   -0.183808361146259045E+03
    0.409067672831324447E+00    0.640735519317396474E+00    0.191583301179443121E+10    0.266079517457571055E+06   -0.184071870611730731E+03
    0.406116936402245721E+00    0.678002708835045098E+00    0.191350515959602952E+10    0.263982756871704070E+06   -0.184313011781558401E+03
    0.425341288318638600E+00    0.655995000097234549E+00    0.187134609283632779E+10    0.270045413407686516E+06   -0.184352846656689366E+03
