    0.212679247131635107E+00    0.578786668636549706E+00    0.426337811750268364E+10   -0.135645491519067946E+03
    0.256871240588067873E+00    0.437491937886260729E+00    0.392415347453398132E+10   -0.134362358262100599E+03
    0.283610442242192395E+00    0.509287609784820461E+00    0.372869833005487347E+10   -0.133396594992763198E+03
    0.225889008753508480E+00    0.494613078314309007E+00    0.413219685603523445E+10   -0.133138520109459165E+03
    0.243809676092896388E+00    0.407124426397880157E+00    0.391310211384374905E+10   -0.132811125057959771E+03
    0.284393292287802635E+00    0.539858516276989775E+00    0.363481738415290070E+10   -0.132544524521917623E+03
    0.279511256213790860E+00    0.440484019263511328E+00    0.375085799795972633E+10   -0.132150936739562127E+03
    0.215696987719011857E+00    0.441756995050205603E+00    0.420319204354536629E+10   -0.132005110375101339E+03
    0.295305321861023151E+00    0.469332097543396998E+00    0.358414081496848392E+10   -0.131964641364878247E+03
    0.235434353751202141E+00    0.484810012078192187E+00    0.402869122159724808E+10   -0.131850492159313774E+03
    0.238972919563909314E+00    0.643149894568821878E+00    0.404947695504611492E+10   -0.131847204442000105E+03
    0.279783001486458516E+00    0.493290940883925444E+00    0.366435620636991501E+10   -0.131807274024164457E+03
    0.267967273720739585E+00    0.438970018604681655E+00    0.374348902703455257E+10   -0.131598478783787556E+03
    0.294837330309821233E+00    0.400106344309756778E+00    0.360044602107770538E+10   -0.131555732965950597E+03
    0.273548761710958765E+00    0.508207639908540898E+00    0.378844094905652523E+10   -0.131499747931042805E+03
    0.274543086907037992E+00    0.430849536689789758E+00    0.371317931523440361E+10   -0.131459878097837191E+03
    0.263737078461989904E+00    0.410109737087861248E+00    0.380538140424652576E+10   -0.131458833820504196E+03
    0.318224160258385513E+00    0.485392280192103343E+00    0.346744957477423859E+10   -0.131377500512525216E+03
    0.257457507794765894E+00    0.455635066895005991E+00    0.389199199695622540E+10   -0.131051709571375000E+03
    0.307458183372631977E+00    0.560587239032859230E+00    0.357487118847081280E+10   -0.131049304847477572E+03
    0.261623737638172427E+00    0.458421365244515044E+00    0.378928999722032642E+10   -0.131041502662007105E+03
    0.316780863359295506E+00    0.498374095028248476E+00    0.350829345625208282E+10   -0.131028682498228903E+03
    0.264484149513012801E+00    0.563179100379478825E+00    0.378538188454801559E+10   -0.130973971026243220E+03
    0.238412900086677926E+00    0.585175285466934980E+00    0.401680900727782822E+10   -0.130899277181361470E+03
    0.218909659606408513E+00    0.354836794438366354E+00    0.417755299890686607E+10   -0.130548630103991883E+03
    0.251795394593071931E+00    0.429743613594474994E+00    0.390116324803468990E+10   -0.130518747593829715E+03
    0.239750743800034249E+00    0.461092768633466932E+00    0.397591852638189220E+10   -0.130437793836429648E+03
    0.310696434577660052E+00    0.432372744455939539E+00    0.353947278307703972E+10   -0.130433185413308905E+03
    0.228034462734130028E+00    0.538630198299113516E+00    0.412105338377044964E+10   -0.130423966958332556E+03
    0.244651279497511087E+00    0.422895533119966416E+00    0.397093688056293869E+10   -0.130403619775318816E+03
    0.249507882949967563E+00    0.423231511271943361E+00    0.394344421527521229E+10   -0.130374644003220737E+03
    0.279150940903774736E+00    0.483387005220919264E+00    0.373719124876995277E+10   -0.130347070830323503E+03
    0.256565953700364280E+00    0.473182452092324013E+00    0.389041648816385937E+10   -0.130295989719572930E+03
    0.245600636280111473E+00    0.398070153168372798E+00    0.391325874519254017E+10   -0.130272637002591011E+03
    0.225850812717594607E+00    0.380695121425770111E+00    0.408940640033168507E+10   -0.130230612972179046E+03
    0.270062627765779606E+00    0.439139538129731832E+00    0.377302337476665020E+10   -0.130160073486537101E+03
    0.247159900951413602E+00    0.411699752940171138E+00    0.390282797092937469E+10   -0.130151644747978764E+03
    0.274592537350219268E+00    0.490861596457323301E+00    0.373967157179690838E+10   -0.130141844562094349E+03
    0.269691795395627321E+00    0.453724709570744622E+00    0.373525511974277306E+10   -0.130128121583992765E+03
    0.270261473424584342E+00    0.475073160127429617E+00    0.376331962878976345E+10   -0.130115287684813723E+03
    0.235993924610847283E+00    0.400060367922399962E+00    0.402701958528592682E+10   -0.130067525298789548E+03
    0.232321335632082293E+00    0.489189680019585182E+00    0.404747879039327526E+10   -0.130052730307460422E+03
    0.246798677309392978E+00    0.544546311186397958E+00    0.393640487172499943E+10   -0.129995589227807045E+03
    0.242435217446833495E+00    0.571828883619128092E+00    0.396555598114708900E+10   -0.129990443833383125E+03
    0.261050779313447112E+00    0.515050720618644320E+00    0.379878775693368816E+10   -0.129925385892670192E+03
    0.277234069727023136E+00    0.430019624523080068E+00    0.376467375360670185E+10   -0.129903003945771502E+03
    0.247897460291209626E+00    0.518676829194419042E+00    0.397111033494926262E+10   -0.129889697882473200E+03
    0.273850191487418515E+00    0.493463226869204519E+00    0.380401486541574383E+10   -0.129795079237140243E+03
    0.247039470376836878E+00    0.481470822143743149E+00    0.393088997381908894E+10   -0.129740628902967387E+03
    0.298946992274078505E+00    0.575312158316945599E+00    0.358621260358613682E+10   -0.129728382723999943E+03
    0.270896488571513716E+00    0.424853557631461598E+00    0.378273076901789379E+10   -0.129689494422156770E+03
    0.280844595881566017E+00    0.448991414715735004E+00    0.367651290153647137E+10   -0.129660303559894317E+03
    0.268604353111051353E+00    0.420684678067351214E+00    0.377330665754133797E+10   -0.129653203804966097E+03
    0.235825752400681932E+00    0.413724923447098547E+00    0.402593959934895611E+10   -0.129634653125937177E+03
    0.267241598863293517E+00    0.460000933223055242E+00    0.375657940993452549E+10   -0.129532709712214569E+03
    0.246777674861430873E+00    0.431988179894943869E+00    0.393674639723234940E+10   -0.129512716531484898E+03
    0.288172513234642491E+00    0.540732636677487832E+00    0.367776969947063637E+10   -0.129494648534723467E+03
    0.278535619858061301E+00    0.434803365825084498E+00    0.373663342084614086E+10   -0.129458772308580819E+03
    0.262754300772397698E+00    0.576242030176874920E+00    0.381653883586718273E+10   -0.129445731212420668E+03
    0.240468886848641206E+00    0.438541410969692791E+00    0.398980184746835136E+10   -0.129425709317093492E+03
    0.277595866790794732E+00    0.419360951903639645E+00    0.368993702106740665E+10   -0.129420475459942907E+03
    0.268214407295177204E+00    0.436079762674921767E+00    0.378287010715962696E+10   -0.129403500210691135E+03
    0.242018010691019358E+00    0.460413906657615613E+00    0.399058789046059132E+10   -0.129363925264752226E+03
    0.289744643919570888E+00    0.581658234114065920E+00    0.368754858799977589E+10   -0.129331688341341788E+03
    0.278675658775468071E+00    0.488125489913755928E+00    0.376555793182284737E+10   -0.129318781178815101E+03
    0.255481665233122379E+00    0.528104952569828257E+00    0.389530669031215382E+10   -0.129311173985253674E+03
    0.244211436981258523E+00    0.473427298544494946E+00    0.393321183751951504E+10   -0.129263889246332894E+03
    0.257861368961475268E+00    0.473082641289197525E+00    0.386107274171690464E+10   -0.129242438005337334E+03
    0.250128928108595383E+00    0.409519288257572001E+00    0.391739182539761543E+10   -0.129220041568370789E+03
    0.256882950553033729E+00    0.406322839140557335E+00    0.387478840451858902E+10   -0.129190938324866579E+03
    0.299096685318759603E+00    0.520525602485804484E+00    0.357632394758936882E+10   -0.129178209237262593E+03
    0.243256014755819816E+00    0.421680615861152575E+00    0.397273977416169930E+10   -0.129168863879219003E+03
    0.253463390399914390E+00    0.513331297585883917E+00    0.388709867427600574E+10   -0.129159831134858791E+03
    0.241668646687163313E+00    0.550147773324955125E+00    0.396599486378911304E+10   -0.129129537661610868E+03
    0.234023279377637949E+00    0.534771274102077143E+00    0.405972966263502216E+10   -0.129121529238185417E+03
    0.259145168646012891E+00    0.550289668807490528E+00    0.383866323864052677E+10   -0.129117858527278202E+03
    0.283727841454211760E+00    0.537274479053939658E+00    0.368552353741384602E+10   -0.129089705058557286E+03
    0.278379458468249519E+00    0.502518050954208206E+00    0.374546962407787609E+10   -0.129084213330349087E+03
    0.265416360158011400E+00    0.437595222858002231E+00    0.380678899797316837E+10   -0.129051287962597257E+03
    0.272751815726904656E+00    0.457966367335229663E+00    0.377797594734182835E+10   -0.129049312864771622E+03
    0.259530611989324422E+00    0.560532910493821035E+00    0.387373176385820961E+10   -0.129048290233547107E+03
    0.237657378183042389E+00    0.520627667878017064E+00    0.399153201036562252E+10   -0.129012980906872741E+03
    0.287100594933658360E+00    0.576393491082505705E+00    0.365017404915413761E+10   -0.128987199926242425E+03
    0.271490324369252189E+00    0.502235676281818755E+00    0.378867792913692856E+10   -0.128978171379846259E+03
    0.258519040955088930E+00    0.575072769133402772E+00    0.389214100407555008E+10   -0.128948627392467984E+03
    0.260790088981959434E+00    0.518935120527803662E+00    0.388727250242566013E+10   -0.128896576841581918E+03
    0.278486012555676898E+00    0.458807810669576099E+00    0.373482584103353119E+10   -0.128874834786658909E+03
    0.242505470771853249E+00    0.416739492453533700E+00    0.394968267705500412E+10   -0.128837174525550751E+03
    0.250453648277762286E+00    0.397914889882349243E+00    0.388724037139747810E+10   -0.128808911811172379E+03
    0.281118602339574142E+00    0.526563493608446009E+00    0.370096578722831345E+10   -0.128805146502420968E+03
    0.236715031262881237E+00    0.503361643238211087E+00    0.403357491782943726E+10   -0.128785900628174772E+03
    0.264753796261149921E+00    0.479209065218398678E+00    0.378457824889085293E+10   -0.128774989437802446E+03
    0.245851286796674395E+00    0.404621725710851976E+00    0.395838835414319706E+10   -0.128771588796094989E+03
    0.284848454409054042E+00    0.580379863950387431E+00    0.366429255783935070E+10   -0.128723768854726700E+03
    0.249724682268172238E+00    0.446369778775050463E+00    0.392797501696987152E+10   -0.128718797682880393E+03
    0.257888169712333803E+00    0.583803280323449414E+00    0.386480586976852512E+10   -0.128716874537343273E+03
    0.242098267804273348E+00    0.422281840671107744E+00    0.395847608726972008E+10   -0.128712612007423274E+03
    0.255312957804870622E+00    0.586178406540957653E+00    0.389857801885311508E+10   -0.128704485474056924E+03
    0.250939075505140996E+00    0.424360647075141983E+00    0.389808241327060318E+10   -0.128676245994221375E+03
    0.236799137762947753E+00    0.429152552581740565E+00    0.401409116760947704E+10   -0.128667997031253890E+03
    0.291869983048143822E+00    0.459829847576131101E+00    0.361601867245704746E+10   -0.128663900501731234E+03
    0.246824620214632195E+00    0.438985357179353386E+00    0.393504357506589985E+10   -0.128656756217259129E+03
    0.263950484683967368E+00    0.451137767985564153E+00    0.381136796105817127E+10   -0.128646669636438645E+03
    0.269167306159020570E+00    0.409804290764618884E+00    0.375924747618868828E+10   -0.128616129944892208E+03
    0.248021017484284401E+00    0.460070815278099232E+00    0.390860874085543823E+10   -0.128616120026549140E+03
    0.248613235540289967E+00    0.421287613493735336E+00    0.391137410246796417E+10   -0.128585398523419059E+03
    0.259834005141397428E+00    0.515105255497125825E+00    0.384187858862642384E+10   -0.128575778736744724E+03
    0.253073785935419127E+00    0.419148230489987839E+00    0.388166607853254890E+10   -0.128568324151717150E+03
    0.256866169577399772E+00    0.498354617920400145E+00    0.384522095022225475E+10   -0.128494525017060795E+03
    0.239979766662387406E+00    0.427258815074777587E+00    0.397634856947823429E+10   -0.128477123230973916E+03
    0.283747067622229399E+00    0.473758053916375488E+00    0.366618948362968636E+10   -0.128463712834082997E+03
    0.273564724413948246E+00    0.498823499420065986E+00    0.374283088429274559E+10   -0.128445182031135403E+03
    0.273564724413948246E+00    0.498823499420065986E+00    0.374283088429274559E+10   -0.128445182031135403E+03
    0.249136610765137378E+00    0.456964439263305877E+00    0.390946305866528893E+10   -0.128432846747436287E+03
    0.266288894091014250E+00    0.486768628088363187E+00    0.382842507854032326E+10   -0.128405176051893932E+03
    0.252221951659672483E+00    0.390705609690584765E+00    0.388697683863270092E+10   -0.128404236181378678E+03
    0.253815802318019756E+00    0.416885061266327739E+00    0.387792081663931561E+10   -0.128400295015382540E+03
    0.274835805511662978E+00    0.423452944763486272E+00    0.376106496601129818E+10   -0.128396470765898641E+03
    0.262022099100858441E+00    0.458724465019260563E+00    0.382032101227040482E+10   -0.128329982243014598E+03
    0.252233491404583510E+00    0.502718548661905018E+00    0.392657956550036049E+10   -0.128323492236767777E+03
    0.252233491404583510E+00    0.502718548661905018E+00    0.392657956550036049E+10   -0.128323492236767777E+03
    0.261164744579142294E+00    0.455579958046248734E+00    0.381998839494136429E+10   -0.128317769937234516E+03
    0.261164744579142294E+00    0.455579958046248734E+00    0.381998839494136429E+10   -0.128317769937234516E+03
    0.265127651885271154E+00    0.524940992357297631E+00    0.379641678565470219E+10   -0.128294351204990448E+03
    0.247684539401820614E+00    0.441069133304281991E+00    0.391708370298354053E+10   -0.128279174367180929E+03
    0.264236806322236450E+00    0.485190894303769937E+00    0.380637608833534622E+10   -0.128270458538266070E+03
    0.253399254259142281E+00    0.501876893404810787E+00    0.391744636192001629E+10   -0.128255557264655124E+03
    0.248567887467401660E+00    0.425398599369566810E+00    0.391570000430486870E+10   -0.128225915351292912E+03
    0.266454180773163407E+00    0.427933763299341408E+00    0.379340886923320484E+10   -0.128206960112858042E+03
    0.266454180773163407E+00    0.427933763299341408E+00    0.379340886923320484E+10   -0.128206960112858042E+03
    0.264165494589551908E+00    0.550866026880857618E+00    0.380221900003752041E+10   -0.128192635895259684E+03
    0.251866695698374332E+00    0.586950401546239675E+00    0.391549295410920620E+10   -0.128192097853184350E+03
    0.259714981218236607E+00    0.561952384223204149E+00    0.383802325712922478E+10   -0.128167879753383545E+03
    0.264656414805672424E+00    0.539008279482571240E+00    0.379328482811883831E+10   -0.128167145298429148E+03
    0.264982837164063567E+00    0.474526041040533642E+00    0.384897929158147430E+10   -0.128163077167204051E+03
    0.277909596957327532E+00    0.478720427088322964E+00    0.370056881586428356E+10   -0.128125610541946372E+03
    0.260433092652490039E+00    0.485116111666707539E+00    0.386950051803402042E+10   -0.128119611743929170E+03
    0.300893736101307152E+00    0.548948959575199069E+00    0.359530505617047119E+10   -0.128100552002805330E+03
    0.274095253490455770E+00    0.455709128641696992E+00    0.377510192192915630E+10   -0.128087421826585171E+03
    0.308589368756975846E+00    0.543005952940225356E+00    0.355083848935659885E+10   -0.128072755748288870E+03
    0.273440964027092392E+00    0.504726971796607415E+00    0.374418775840766811E+10   -0.128070717608953800E+03
    0.248158381715198328E+00    0.522307008911507609E+00    0.394934623621631050E+10   -0.128060144394108079E+03
    0.280189884435211367E+00    0.495132934422311877E+00    0.374269753697877884E+10   -0.128045132045489879E+03
    0.262887081015864443E+00    0.469072106405295841E+00    0.384006147482920456E+10   -0.128000100963749929E+03
    0.262887081015864443E+00    0.469072106405295841E+00    0.384006147482920456E+10   -0.128000100963749929E+03
    0.263872523461179453E+00    0.411669531844014003E+00    0.381887597710778236E+10   -0.127979851534525110E+03
    0.263872523461179453E+00    0.411669531844014003E+00    0.381887597710778236E+10   -0.127979851534525110E+03
    0.245123860546547778E+00    0.539683718825131109E+00    0.396778803542802048E+10   -0.127974325877967431E+03
    0.245123860546547778E+00    0.539683718825131109E+00    0.396778803542802048E+10   -0.127974325877967431E+03
    0.242715857841477201E+00    0.441352439915906558E+00    0.397889247373911858E+10   -0.127967414847836437E+03
    0.270697966956697789E+00    0.443321644116188907E+00    0.379096760542415333E+10   -0.127962967350034205E+03
    0.270697966956697789E+00    0.443321644116188907E+00    0.379096760542415333E+10   -0.127962967350034205E+03
    0.265591873413176138E+00    0.525359361694741622E+00    0.379462259667359066E+10   -0.127956880544143871E+03
    0.279244387778157577E+00    0.512506158567692438E+00    0.369781226413210678E+10   -0.127955767472674808E+03
    0.279244387778157577E+00    0.512506158567692438E+00    0.369781226413210678E+10   -0.127955767472674808E+03
    0.287115272978224756E+00    0.560288826950998242E+00    0.366150717287319946E+10   -0.127949402399257664E+03
    0.271418010517834485E+00    0.447983646478725461E+00    0.376405696934009552E+10   -0.127929340905876771E+03
    0.271418010517834485E+00    0.447983646478725461E+00    0.376405696934009552E+10   -0.127929340905876771E+03
    0.277150400396086349E+00    0.435665590694096494E+00    0.372794433151161575E+10   -0.127928351098764665E+03
    0.306901662286369725E+00    0.545981224928535624E+00    0.355939046193574142E+10   -0.127905240018960157E+03
    0.264900893388333947E+00    0.471843463713506495E+00    0.383526067035211658E+10   -0.127900124723044414E+03
    0.264900893388333947E+00    0.471843463713506495E+00    0.383526067035211658E+10   -0.127900124723044414E+03
    0.249662793453711507E+00    0.526797254816743887E+00    0.392869014910179329E+10   -0.127871342049503681E+03
    0.249662793453711507E+00    0.526797254816743887E+00    0.392869014910179329E+10   -0.127871342049503681E+03
    0.255415554849138859E+00    0.480606298775573038E+00    0.388130075994547939E+10   -0.127870389946404501E+03
    0.255415554849138859E+00    0.480606298775573038E+00    0.388130075994547939E+10   -0.127870389946404501E+03
    0.252574680238298266E+00    0.504587837223795077E+00    0.392719661808281517E+10   -0.127865020461400164E+03
    0.270316084454882977E+00    0.512812628629312428E+00    0.378731935693243408E+10   -0.127860855928555722E+03
    0.250345100917205965E+00    0.450419879101850995E+00    0.392427564475697231E+10   -0.127855699660948389E+03
    0.250345100917205965E+00    0.450419879101850995E+00    0.392427564475697231E+10   -0.127855699660948389E+03
    0.254069867492516366E+00    0.563537460552305802E+00    0.390097356394976330E+10   -0.127850857597754029E+03
    0.254069867492516366E+00    0.563537460552305802E+00    0.390097356394976330E+10   -0.127850857597754029E+03
    0.247458683418859182E+00    0.514746253486235261E+00    0.394612772101340771E+10   -0.127833923675867041E+03
    0.274683838069435027E+00    0.458163217473758877E+00    0.377127537836120701E+10   -0.127832946694433573E+03
    0.262910015903600358E+00    0.418772832677793971E+00    0.380488128309290409E+10   -0.127828788383921378E+03
    0.271534984329298790E+00    0.453376256632003205E+00    0.378728635060718536E+10   -0.127816916945506037E+03
    0.281254795048554773E+00    0.448142001926512989E+00    0.371356364663974571E+10   -0.127811628936189038E+03
    0.245582143861722224E+00    0.426464825853624774E+00    0.396051008292605114E+10   -0.127807073784656609E+03
    0.279464722948044919E+00    0.469118166221676347E+00    0.371489094866984749E+10   -0.127806317818862084E+03
    0.274790359085855529E+00    0.432163140435957160E+00    0.372435021467528820E+10   -0.127805069873955318E+03
    0.265994123198403987E+00    0.454811896301679397E+00    0.379674201802953529E+10   -0.127788223471598883E+03
    0.283736903778490535E+00    0.478901334463044392E+00    0.369960930566549397E+10   -0.127777521898068358E+03
    0.274522636930050190E+00    0.514794938290787485E+00    0.375528071316227531E+10   -0.127755562216089089E+03
    0.267673086889772649E+00    0.498497507889069880E+00    0.378692635883528233E+10   -0.127684901128378243E+03
    0.259968476472288879E+00    0.465735651222676239E+00    0.385930905367634678E+10   -0.127662217883473687E+03
    0.260911966085488445E+00    0.380622172013982407E+00    0.381854850454269409E+10   -0.127657108618139631E+03
    0.260911966085488445E+00    0.380622172013982407E+00    0.381854850454269409E+10   -0.127657108618139631E+03
    0.275075034330618806E+00    0.454838825855874873E+00    0.376729903942183018E+10   -0.127655244974357743E+03
    0.292140744400503249E+00    0.464129471246231162E+00    0.364463754407943630E+10   -0.127645415556756888E+03
    0.259645527911014418E+00    0.447486217217281990E+00    0.385111261272945881E+10   -0.127631794471455834E+03
    0.265022314686487126E+00    0.429581463737685354E+00    0.382414312089020538E+10   -0.127616232816562814E+03
    0.265022314686487126E+00    0.429581463737685354E+00    0.382414312089020538E+10   -0.127616232816562814E+03
    0.277054533271338388E+00    0.462095265113227072E+00    0.372902722746595097E+10   -0.127615027886972129E+03
    0.274141537770451527E+00    0.442623238835837540E+00    0.375445996188983059E+10   -0.127609504403970078E+03
    0.275691860795834243E+00    0.440246501829747672E+00    0.373003458675025177E+10   -0.127607074034953285E+03
    0.272711327981956575E+00    0.429577360638678130E+00    0.375530345705925179E+10   -0.127600758762332617E+03
    0.248210474584280749E+00    0.479313822562561498E+00    0.392695337421063232E+10   -0.127583884077328918E+03
    0.275594937640291027E+00    0.423013383761546180E+00    0.374436989900387287E+10   -0.127581510171720439E+03
    0.262109221765333578E+00    0.415669903799724239E+00    0.382562675192631340E+10   -0.127566051972552003E+03
    0.264941851855734489E+00    0.454424392527140952E+00    0.381819939433559608E+10   -0.127546149323880286E+03
    0.285561124047121584E+00    0.483195643267640307E+00    0.370462519118026066E+10   -0.127537211049497358E+03
    0.285561124047121584E+00    0.483195643267640307E+00    0.370462519118026066E+10   -0.127537211049497358E+03
    0.250778942790943982E+00    0.452306791036194866E+00    0.391642479490482521E+10   -0.127526256692354281E+03
    0.272006421797712672E+00    0.521289674825871074E+00    0.377670477027922344E+10   -0.127516615129987045E+03
    0.261786365783152897E+00    0.453587473917366424E+00    0.385109926508326054E+10   -0.127515190159517928E+03
    0.268156740282460726E+00    0.468275963311386434E+00    0.379603866172746563E+10   -0.127504581599359000E+03
    0.272652983401645399E+00    0.490753980862482564E+00    0.374290699888716507E+10   -0.127503050300006180E+03
    0.253281853611308783E+00    0.471089568436811490E+00    0.390246759571468639E+10   -0.127501498593954821E+03
    0.275943580512827746E+00    0.469228546229070176E+00    0.372345418401179981E+10   -0.127495079169762263E+03
    0.257772594489987017E+00    0.552180780362371948E+00    0.385986030651433468E+10   -0.127488345009268642E+03
    0.257772594489987017E+00    0.552180780362371948E+00    0.385986030651433468E+10   -0.127488345009268642E+03
    0.277740243810720211E+00    0.436981485429207339E+00    0.372009706552473545E+10   -0.127481009213524331E+03
    0.273416637005875318E+00    0.456642788525638110E+00    0.376665624350065994E+10   -0.127468641217576035E+03
    0.279860214959683162E+00    0.431439465497568619E+00    0.369918146942623329E+10   -0.127466528841724170E+03
    0.279860214959683162E+00    0.431439465497568619E+00    0.369918146942623329E+10   -0.127466528841724170E+03
    0.267652172298576574E+00    0.395606059914292985E+00    0.380632800662294674E+10   -0.127462167779039120E+03
    0.296679798283049356E+00    0.556044489918804175E+00    0.360710008807586479E+10   -0.127452453928199944E+03
    0.280020336879764575E+00    0.414044698805007272E+00    0.369745186847652340E+10   -0.127447646318793460E+03
    0.274886121272908124E+00    0.459313390476250305E+00    0.374163140586832714E+10   -0.127435698176639292E+03
    0.274886121272908124E+00    0.459313390476250305E+00    0.374163140586832714E+10   -0.127435698176639292E+03
    0.258290452524181868E+00    0.417738974081862224E+00    0.385991428717068386E+10   -0.127429016706518766E+03
    0.275896846565121145E+00    0.429802374341752724E+00    0.374837465873191452E+10   -0.127417662302901391E+03
    0.275896846565121145E+00    0.429802374341752724E+00    0.374837465873191452E+10   -0.127417662302901391E+03
    0.264784002270849195E+00    0.492684670478787723E+00    0.381283016172176647E+10   -0.127397139539973409E+03
    0.264784002270849195E+00    0.492684670478787723E+00    0.381283016172176647E+10   -0.127397139539973409E+03
    0.263179926861066782E+00    0.513178344809141151E+00    0.382345575985851669E+10   -0.127388854354694075E+03
    0.271496606306215249E+00    0.553487148893756498E+00    0.376897221785719204E+10   -0.127367385375192271E+03
    0.283987137529301159E+00    0.520185984730334283E+00    0.371039283655271339E+10   -0.127362657417428920E+03
    0.283987137529301159E+00    0.520185984730334283E+00    0.371039283655271339E+10   -0.127362657417428920E+03
    0.277157536208865019E+00    0.433079417209041750E+00    0.374349079080204010E+10   -0.127359515455928488E+03
    0.257683995401092769E+00    0.402155356019385124E+00    0.385277355902727127E+10   -0.127355886709050651E+03
    0.247957049408848773E+00    0.416997529894580055E+00    0.393764309710907555E+10   -0.127349710754393499E+03
    0.264732647920174091E+00    0.369691350648553296E+00    0.381271152879351139E+10   -0.127346220258623134E+03
    0.264732647920174091E+00    0.369691350648553296E+00    0.381271152879351139E+10   -0.127346220258623134E+03
    0.273265720178336169E+00    0.444523992317350292E+00    0.376353133346895695E+10   -0.127342520731264614E+03
    0.265944978903699891E+00    0.450900947569687460E+00    0.380534314282945251E+10   -0.127339556266235746E+03
    0.267739751437772233E+00    0.500899607087522014E+00    0.378196966492840099E+10   -0.127334558094073515E+03
    0.267821276176250678E+00    0.432784837556670965E+00    0.377602639750255489E+10   -0.127332734595374859E+03
    0.278540809110835952E+00    0.461016678455518303E+00    0.371426764451181316E+10   -0.127331747228604712E+03
    0.264540596903577563E+00    0.411981379565169448E+00    0.381072132535090160E+10   -0.127314980331794914E+03
    0.264540596903577563E+00    0.411981379565169448E+00    0.381072132535090160E+10   -0.127314980331794914E+03
    0.295752473399442606E+00    0.529939762834006345E+00    0.362521892754411697E+10   -0.127301027248440235E+03
    0.295752473399442606E+00    0.529939762834006345E+00    0.362521892754411697E+10   -0.127301027248440235E+03
    0.262990378585081508E+00    0.504498647780661003E+00    0.383292343424861240E+10   -0.127293705742779963E+03
    0.262990378585081508E+00    0.504498647780661003E+00    0.383292343424861240E+10   -0.127293705742779963E+03
    0.266347278952053179E+00    0.445421348810800311E+00    0.379043590092344284E+10   -0.127287407883936879E+03
    0.268966760582832698E+00    0.448375475810163238E+00    0.376728255598800659E+10   -0.127228452568003490E+03
    0.279436533876998128E+00    0.472791693276764846E+00    0.371799824830120373E+10   -0.127227878254965304E+03
    0.277078309438004100E+00    0.505228056886764421E+00    0.373612200006442738E+10   -0.127211146846864949E+03
    0.268777865451941045E+00    0.551326970593377652E+00    0.378654443329290867E+10   -0.127206259777841510E+03
    0.268777865451941045E+00    0.551326970593377652E+00    0.378654443329290867E+10   -0.127206259777841510E+03
    0.258009601633735097E+00    0.558376255887431228E+00    0.385574954619397163E+10   -0.127203174454252363E+03
    0.269109958247529202E+00    0.448883150032873601E+00    0.377932808955924511E+10   -0.127202092363013264E+03
    0.271001801088996297E+00    0.435812179968404934E+00    0.376628176491486263E+10   -0.127200138434362600E+03
    0.271001801088996297E+00    0.435812179968404934E+00    0.376628176491486263E+10   -0.127200138434362600E+03
    0.261090274857400328E+00    0.439683112261860742E+00    0.384903176607804680E+10   -0.127187298300235668E+03
    0.271006351272198409E+00    0.433058785550727521E+00    0.377967663324194622E+10   -0.127167740888435731E+03
    0.263943530955608685E+00    0.483464663361441893E+00    0.382463431360738087E+10   -0.127164891297335089E+03
    0.264886160689903283E+00    0.385329296046077019E+00    0.382801434852833843E+10   -0.127161143326618173E+03
    0.271986824968322605E+00    0.424287061607762084E+00    0.375418597755841351E+10   -0.127155439036538368E+03
    0.251042005757376119E+00    0.425895847314805565E+00    0.391396913381135368E+10   -0.127155066473530184E+03
    0.269476856887886473E+00    0.462963695724541324E+00    0.380583091428800201E+10   -0.127142499432666881E+03
    0.269476856887886473E+00    0.462963695724541324E+00    0.380583091428800201E+10   -0.127142499432666881E+03
    0.268782781482842847E+00    0.487264548965741895E+00    0.377947640604380417E+10   -0.127139104118975069E+03
    0.276936552378410916E+00    0.485363854892675306E+00    0.373748930028740883E+10   -0.127137150031894691E+03
    0.268720613437481659E+00    0.445230918517175667E+00    0.380158677803197384E+10   -0.127136196581408086E+03
    0.296274549084123484E+00    0.559698328186588157E+00    0.361065715379480743E+10   -0.127133060428454868E+03
    0.270093904113768546E+00    0.508082556532535534E+00    0.377973865969332600E+10   -0.127127095193651343E+03
    0.301134453781627676E+00    0.554697331650920944E+00    0.358618197614070034E+10   -0.127109385801331172E+03
    0.259686587694626603E+00    0.546412191456301599E+00    0.384347975973964787E+10   -0.127108240556164475E+03
    0.259871885701243366E+00    0.549054774658891631E+00    0.385761283949344540E+10   -0.127106381896146061E+03
    0.272002320190973812E+00    0.525524426577913317E+00    0.376591089171109867E+10   -0.127091490325031629E+03
    0.267963314430495259E+00    0.438629460413793026E+00    0.378951593362397099E+10   -0.127084865006046513E+03
    0.267963314430495259E+00    0.438629460413793026E+00    0.378951593362397099E+10   -0.127084865006046513E+03
    0.279479143355530146E+00    0.532672122917174917E+00    0.370846969665176678E+10   -0.127084453419395984E+03
    0.276720059949126407E+00    0.472559359453018857E+00    0.371698085129064369E+10   -0.127078541790227376E+03
    0.268093722457852013E+00    0.397460831425739514E+00    0.381181253379567719E+10   -0.127064624212348804E+03
    0.271492425910317969E+00    0.522841900016965511E+00    0.378794763269640541E+10   -0.127063771024093654E+03
    0.264627391298484227E+00    0.505601177777354138E+00    0.381125706728703403E+10   -0.127057873695739843E+03
    0.289441004698921422E+00    0.563280140419472275E+00    0.364150431645050335E+10   -0.127053918241001583E+03
    0.274241611036540156E+00    0.532781540639991391E+00    0.376276090735939503E+10   -0.127048878087563367E+03
    0.270477783909944702E+00    0.472867115842205976E+00    0.377622824521935177E+10   -0.127042499938940338E+03
    0.298554590162720124E+00    0.446806920046583400E+00    0.359185500171102810E+10   -0.127033986333447260E+03
    0.299194611609908567E+00    0.514602534536102496E+00    0.360068772274214172E+10   -0.127021049696054135E+03
    0.264786353810920305E+00    0.400833102386293660E+00    0.380989995639466476E+10   -0.127018385377329466E+03
    0.268661922587069446E+00    0.527413393689087684E+00    0.379370032752830410E+10   -0.127018097055288550E+03
    0.260274493506274240E+00    0.447717407089170294E+00    0.385781861905562782E+10   -0.127015015867089886E+03
    0.295874168963968787E+00    0.546956248953678781E+00    0.361082783222416973E+10   -0.127012311577742850E+03
    0.256153705520910935E+00    0.461101141441988105E+00    0.387777602602324772E+10   -0.127001466435786767E+03
    0.267493394606197143E+00    0.443313806023022394E+00    0.380311232777251816E+10   -0.127000321650894691E+03
    0.260494606709898102E+00    0.457602684923292813E+00    0.385547703549225426E+10   -0.126989153042684450E+03
    0.268512718643028059E+00    0.467694765581017080E+00    0.378919993213319397E+10   -0.126965265969354832E+03
    0.301932551359808787E+00    0.587190523957669797E+00    0.358893182312901020E+10   -0.126948634691853670E+03
    0.267084353236660299E+00    0.462858672016706052E+00    0.379483657885653496E+10   -0.126940662956813640E+03
    0.286355880333316104E+00    0.539578051394819624E+00    0.369352999796565247E+10   -0.126939177961390342E+03
    0.291175201267890427E+00    0.570943398509458078E+00    0.363882697282292271E+10   -0.126936979222385730E+03
    0.276940952083699343E+00    0.481954172615935761E+00    0.373593068823092079E+10   -0.126930643562223551E+03
    0.259318204908910999E+00    0.553218206810026203E+00    0.385708782173480988E+10   -0.126927119572661979E+03
    0.274328063975850189E+00    0.490768910975678097E+00    0.375837575507019234E+10   -0.126921762767382731E+03
    0.302066497043674498E+00    0.572112914262666195E+00    0.359120027532900143E+10   -0.126907740100041423E+03
    0.270338776802838909E+00    0.442036095455229372E+00    0.376347889271390629E+10   -0.126902618504547533E+03
    0.276607997028851249E+00    0.411694130482270992E+00    0.373311736562256145E+10   -0.126901357813615050E+03
    0.264014528063521547E+00    0.474233470564179527E+00    0.383353350708538246E+10   -0.126884704060946490E+03
    0.269285881350826872E+00    0.455068179250195826E+00    0.378660448978629017E+10   -0.126884541917881464E+03
    0.257941844664710984E+00    0.454157688045382812E+00    0.387272906389596748E+10   -0.126880060778430007E+03
    0.277285900298138543E+00    0.438442913610245455E+00    0.372883141745242691E+10   -0.126875135975798344E+03
    0.278625963188054493E+00    0.461952279432161106E+00    0.372825482014480400E+10   -0.126863161282867097E+03
    0.278625963188054493E+00    0.461952279432161106E+00    0.372825482014480400E+10   -0.126863161282867097E+03
    0.282013090755215690E+00    0.472927230715017188E+00    0.370679017725850868E+10   -0.126857789896432749E+03
    0.282013090755215690E+00    0.472927230715017188E+00    0.370679017725850868E+10   -0.126857789896432749E+03
    0.263785123793434995E+00    0.426366452854807676E+00    0.380997622148910999E+10   -0.126844573333218960E+03
    0.282188469971585809E+00    0.531178878882824890E+00    0.369656618853311825E+10   -0.126830938991518934E+03
    0.282188469971585809E+00    0.531178878882824890E+00    0.369656618853311825E+10   -0.126830938991518934E+03
    0.271454863588828588E+00    0.522580980429918185E+00    0.376997025945191193E+10   -0.126830332840838238E+03
    0.274935105223153398E+00    0.502417643354476695E+00    0.374308446358720207E+10   -0.126819386841349740E+03
    0.295703188452866861E+00    0.564735921991701417E+00    0.361041911020028210E+10   -0.126809897436741650E+03
    0.274362424855182085E+00    0.525144629669469509E+00    0.377253531021349621E+10   -0.126808879538603819E+03
    0.287130300890550749E+00    0.514954041996546152E+00    0.369580866523430157E+10   -0.126798732496673523E+03
    0.295358135825602164E+00    0.576349722014356303E+00    0.362003967717790985E+10   -0.126794039191395115E+03
    0.277307291932027966E+00    0.514269883687392237E+00    0.374815922798868370E+10   -0.126793899320132425E+03
    0.301792332199546209E+00    0.584865554136335675E+00    0.359431814316572762E+10   -0.126787989931468374E+03
    0.301792332199546209E+00    0.584865554136335675E+00    0.359431814316572762E+10   -0.126787989931468374E+03
    0.269563069409142153E+00    0.535638359131985098E+00    0.378442019068278599E+10   -0.126783814497907770E+03
    0.260211760821555893E+00    0.549255587641880538E+00    0.386403894154223347E+10   -0.126779337743581891E+03
    0.278488997480758393E+00    0.469200700225030687E+00    0.372256279034113979E+10   -0.126776702906353265E+03
    0.276792097082069366E+00    0.473983749417987710E+00    0.372745820085941982E+10   -0.126774799866304221E+03
    0.264090830913071450E+00    0.437291020140248676E+00    0.382482376700581837E+10   -0.126773314389328476E+03
    0.270404087737819487E+00    0.513059886222414718E+00    0.379348292953071404E+10   -0.126772472020846607E+03
    0.271034002891006154E+00    0.529567264055980758E+00    0.376182403186854267E+10   -0.126770712931771584E+03
    0.273111402445500806E+00    0.503368533501058479E+00    0.375960356423552704E+10   -0.126764045832407334E+03
    0.283354262822474445E+00    0.544072311457028945E+00    0.370397724649419975E+10   -0.126756024594255251E+03
    0.271485183783020390E+00    0.524631813977510575E+00    0.376528110198784637E+10   -0.126744995990279278E+03
    0.263688449058207763E+00    0.479346554864640950E+00    0.381813033930738354E+10   -0.126737306402927743E+03
    0.262646979868476627E+00    0.512644349614202355E+00    0.384754662185604382E+10   -0.126732312151939539E+03
    0.263645824036661758E+00    0.435886987869530174E+00    0.381395463790962887E+10   -0.126731904672217084E+03
    0.273425362635772384E+00    0.499563242617623970E+00    0.376996533714303684E+10   -0.126726009155727809E+03
    0.266573778922107818E+00    0.495185807593664151E+00    0.380157950947433472E+10   -0.126725850990929644E+03
    0.269935800735146225E+00    0.519760727222813301E+00    0.378356568394596577E+10   -0.126712093805540263E+03
    0.274184179521058946E+00    0.518422859768710609E+00    0.375434575867511272E+10   -0.126700768767420740E+03
    0.275450531415159572E+00    0.418787679704632154E+00    0.374054879689779377E+10   -0.126686791582284542E+03
    0.264708210063180682E+00    0.468452955104439184E+00    0.382743835118466759E+10   -0.126686692722381366E+03
    0.271314531018101490E+00    0.550248919323463426E+00    0.378193097413717651E+10   -0.126676286230317061E+03
    0.275726747420947382E+00    0.420596054248411733E+00    0.374167214913389111E+10   -0.126676134424688584E+03
    0.263052965320063170E+00    0.440303011985358594E+00    0.382929748811129475E+10   -0.126675058652841614E+03
    0.299390878445633168E+00    0.545389637640596447E+00    0.359894336387748432E+10   -0.126661061678246398E+03
    0.275361293244409833E+00    0.489626872073671393E+00    0.373746197928687191E+10   -0.126659741696400289E+03
    0.293245172876964999E+00    0.552205042480686359E+00    0.362516967023165894E+10   -0.126657943917277876E+03
    0.279055198843009444E+00    0.506054454160160816E+00    0.371804027100448990E+10   -0.126656032527988643E+03
    0.269464969635507146E+00    0.500858365957038032E+00    0.378384227843480110E+10   -0.126647388059806815E+03
    0.272833170786016987E+00    0.503872113779738839E+00    0.375491792270267868E+10   -0.126644461440121361E+03
    0.274068108161800161E+00    0.509877169874606295E+00    0.376456901269439507E+10   -0.126638758037796464E+03
    0.279854648387396210E+00    0.509069412026635248E+00    0.372621520231294632E+10   -0.126608175829174215E+03
    0.267603368499503613E+00    0.528290978978224857E+00    0.379643112465010452E+10   -0.126607102746460242E+03
    0.281088299114825746E+00    0.524508189782411094E+00    0.370449447286644173E+10   -0.126596053913823681E+03
    0.265763171899138284E+00    0.451603097494704286E+00    0.382071195141463280E+10   -0.126586042319537384E+03
    0.265635325092582086E+00    0.454303791387722811E+00    0.380868988007696819E+10   -0.126583519043248671E+03
    0.276181323176814375E+00    0.490656757412414990E+00    0.373604598923235321E+10   -0.126579939029161693E+03
    0.274142501379236458E+00    0.482736569190908682E+00    0.375717244559724808E+10   -0.126578667236196750E+03
    0.273211970644789970E+00    0.527699170945243878E+00    0.375697936469316864E+10   -0.126577754984924951E+03
    0.273689109941837261E+00    0.495903348573531133E+00    0.377275099645321178E+10   -0.126572769194143092E+03
    0.276093636849415569E+00    0.438956566468187148E+00    0.373156739614284706E+10   -0.126568869438693056E+03
    0.290420993902216151E+00    0.460435347129745765E+00    0.364981733273295403E+10   -0.126559888359188136E+03
    0.271863510457140689E+00    0.468644412213865991E+00    0.377530200930917740E+10   -0.126559046797033716E+03
    0.280495020237008008E+00    0.508342455480221389E+00    0.371383484112585449E+10   -0.126558688423645705E+03
    0.264295653164519750E+00    0.457447124153452123E+00    0.382222027489533234E+10   -0.126537661097502081E+03
    0.279536573800250432E+00    0.462650253687025170E+00    0.371123042428990555E+10   -0.126533130485814823E+03
    0.279270119307263254E+00    0.457935943359133901E+00    0.370712486918705463E+10   -0.126531484776961079E+03
    0.263142764174238208E+00    0.470975689119706331E+00    0.384356247581851292E+10   -0.126528026572468406E+03
    0.275158314478298860E+00    0.438117385734301479E+00    0.374380129520728970E+10   -0.126525678238978657E+03
    0.274607256485407181E+00    0.401477704806346480E+00    0.374558600448305893E+10   -0.126516724685454506E+03
    0.285410644554210446E+00    0.487829361749369639E+00    0.372008452954285526E+10   -0.126497697524312414E+03
    0.273398932761152735E+00    0.499425616200742439E+00    0.374920009812471390E+10   -0.126481014893512409E+03
    0.278682660505420510E+00    0.461985603465219441E+00    0.371417526758925056E+10   -0.126473058180158347E+03
    0.272894229630135321E+00    0.431111077390992747E+00    0.375448940332917309E+10   -0.126470710294140076E+03
    0.288278079625618633E+00    0.464047611099438484E+00    0.367566767145645809E+10   -0.126463300730677958E+03
    0.273242986220001594E+00    0.533858933355507048E+00    0.376932046095039558E+10   -0.126461460498690428E+03
    0.281039907641449038E+00    0.487939687771598685E+00    0.371458612644541740E+10   -0.126459702483737829E+03
    0.275583613259685611E+00    0.405792562844130345E+00    0.373993575030435467E+10   -0.126454505649570834E+03
    0.282306685730420892E+00    0.496039849369935837E+00    0.372304982665286064E+10   -0.126453699347420951E+03
    0.285176936691913741E+00    0.539646389751249345E+00    0.369867642328812122E+10   -0.126452390932899092E+03
    0.283168602877128694E+00    0.491413431869796469E+00    0.372758647090686321E+10   -0.126450200239544628E+03
    0.281389860596907182E+00    0.525958799890265283E+00    0.371002782954502869E+10   -0.126445968693050091E+03
    0.282017135340905001E+00    0.449212290401099779E+00    0.369128042889190292E+10   -0.126434266372568700E+03
    0.269135492693633904E+00    0.536272337350677475E+00    0.378672940499015331E+10   -0.126432673045184686E+03
    0.289732977404676184E+00    0.540415670538678228E+00    0.369071584777168751E+10   -0.126426563928699991E+03
    0.284438554874286154E+00    0.491054363771796787E+00    0.372729934581273174E+10   -0.126420844505666878E+03
    0.272058633280266637E+00    0.532637684450170568E+00    0.377360230909030342E+10   -0.126407536011951237E+03
    0.295517201316874867E+00    0.463580959866868980E+00    0.363420122827517509E+10   -0.126404933158358432E+03
    0.280892850372733538E+00    0.481157610882652520E+00    0.371779078214287472E+10   -0.126402975590694382E+03
    0.272875268833078444E+00    0.487325413094126247E+00    0.375652208424567509E+10   -0.126381973261609161E+03
    0.270418042688282345E+00    0.446596800850180387E+00    0.378354494574297333E+10   -0.126373309354282554E+03
    0.266465477354163427E+00    0.490297256616951671E+00    0.380393176042143250E+10   -0.126368880284926377E+03
    0.266238615254351829E+00    0.476966986559119732E+00    0.380469308171154881E+10   -0.126364088877099618E+03
    0.275619281350243606E+00    0.451631151799443131E+00    0.373858307181577969E+10   -0.126351458524643107E+03
    0.275610283216431495E+00    0.443627910731432706E+00    0.373589555572379208E+10   -0.126342738238902257E+03
    0.268022038995741396E+00    0.522530899528055315E+00    0.379958066230396271E+10   -0.126340715475553068E+03
    0.272691749027609620E+00    0.500176024583897316E+00    0.377625079485312176E+10   -0.126339814095398594E+03
    0.271262999765660706E+00    0.495467031240643507E+00    0.376980828988319206E+10   -0.126336575830128666E+03
    0.275408318360292059E+00    0.524834848863546810E+00    0.375524536330116367E+10   -0.126270389454937046E+03
    0.273607543187713076E+00    0.514668998745950290E+00    0.377183214518268776E+10   -0.126329855168612440E+03
    0.273066401940401382E+00    0.519496264033209698E+00    0.377377992232487679E+10   -0.126027663924198805E+03
    0.273988724644738391E+00    0.544533977765489396E+00    0.376226790312605381E+10   -0.126248363902184451E+03
    0.272427370892336873E+00    0.531823576487667538E+00    0.376517809831906700E+10   -0.126263614891966810E+03
    0.274089288117469743E+00    0.511043853170869866E+00    0.376649028268172836E+10   -0.125630999855748669E+03
    0.269154276555504890E+00    0.506384997691979422E+00    0.379086803620533276E+10   -0.126189255160646667E+03
    0.270015320012480464E+00    0.516988613955192022E+00    0.378802254702928257E+10   -0.126330765928144686E+03
    0.270981157564954112E+00    0.522538744463766136E+00    0.378796534671795273E+10   -0.125965930695883827E+03
    0.270283158375707822E+00    0.521145598900282891E+00    0.378903153897544098E+10   -0.125952673825319195E+03
    0.270308423506251561E+00    0.529251344187182227E+00    0.378501138690772057E+10   -0.126122618214459450E+03
    0.270283601032421383E+00    0.520491545077714335E+00    0.378470915373990822E+10   -0.126047713772745865E+03
    0.272573486180009983E+00    0.516935191284385809E+00    0.377859832534305954E+10   -0.126006037697398440E+03
    0.271607954255615069E+00    0.500384196006866233E+00    0.376736352691073132E+10   -0.126291293422147191E+03
    0.278431929059989258E+00    0.499494355531304279E+00    0.372517317192718983E+10   -0.125789910907686547E+03
    0.280162697795117488E+00    0.508922550463022816E+00    0.372296543112698364E+10   -0.125535561240733031E+03
    0.279794439780993665E+00    0.494208419236843000E+00    0.372415530798348141E+10   -0.126040886003623996E+03
    0.282998712483542469E+00    0.489914009030623987E+00    0.371580914978951645E+10   -0.126057891025536748E+03
    0.285060656864429718E+00    0.490643539585546407E+00    0.370912725783445358E+10   -0.125652693124726170E+03
    0.285060656864429718E+00    0.490643539585546407E+00    0.370912725783445358E+10   -0.125652693124726170E+03
    0.284677503584766622E+00    0.486717827462149089E+00    0.370696635612920094E+10   -0.126250888052990163E+03
    0.280557701814702520E+00    0.479403505107921291E+00    0.371337770748217583E+10   -0.126041839708360754E+03
    0.275960492991268902E+00    0.495563233338225828E+00    0.375170033049185753E+10   -0.126282787667449810E+03
    0.273331564226574286E+00    0.493467749491694363E+00    0.375709072467527866E+10   -0.126295248576369318E+03
    0.266164577376175049E+00    0.462437814836587080E+00    0.382690449301419067E+10   -0.126304655311296145E+03
    0.265725751321005954E+00    0.465350887167746308E+00    0.383066797898540688E+10   -0.126240874314567606E+03
    0.277302761599956482E+00    0.523919263177969441E+00    0.373426293171655178E+10   -0.126107103372073325E+03
    0.275190236160972879E+00    0.509063391845351987E+00    0.374649247785853100E+10   -0.126199194272583583E+03
    0.276845744839034014E+00    0.503558890874561627E+00    0.374488741631245422E+10   -0.125976690792319033E+03
    0.277490229711418679E+00    0.503477077802985562E+00    0.374068719285869503E+10   -0.125629995673846992E+03
    0.277490229711418679E+00    0.503477077802985562E+00    0.374068719285869503E+10   -0.125629995673846992E+03
    0.275444611543623041E+00    0.508397443729498022E+00    0.374730658007271290E+10   -0.125890523158058826E+03
    0.269344085944325351E+00    0.449117792279583483E+00    0.378772953031643105E+10   -0.126264890146660704E+03
    0.270762036426575314E+00    0.446425068483350174E+00    0.378592997034937859E+10   -0.125983691028542651E+03
    0.270125275971862644E+00    0.475916598070643460E+00    0.378841580733005714E+10   -0.126278678801883615E+03
    0.271339824731729184E+00    0.479836771055534683E+00    0.378495308855631542E+10   -0.126308958261648527E+03
    0.272081907661354760E+00    0.454460700032202070E+00    0.378286060514445305E+10   -0.125944312615665041E+03
    0.271597187604984247E+00    0.461758917952955983E+00    0.378423634800169182E+10   -0.125722896920698332E+03
    0.284003250748780078E+00    0.450143165444174542E+00    0.368472246285153389E+10   -0.125985545795788966E+03
    0.275188655413340921E+00    0.429029199147075602E+00    0.375276212815781879E+10   -0.125769420038435257E+03
    0.274483220437807984E+00    0.433925933985001677E+00    0.376151169255117798E+10   -0.125675761366107679E+03
    0.274527574989168632E+00    0.450494450341569319E+00    0.375763590633258438E+10   -0.126063071509251586E+03
    0.274499013584933671E+00    0.426121108878321664E+00    0.376044618463574886E+10   -0.125582055203629196E+03
    0.282708177313580611E+00    0.457298821844807080E+00    0.370205143938693047E+10   -0.125474022210935004E+03
    0.282873207001753280E+00    0.459471379364757126E+00    0.371090121888837624E+10   -0.126129714262148482E+03
    0.281206686427497743E+00    0.462233334849116773E+00    0.370578842430918121E+10   -0.126027826393099801E+03
    0.280447603582424376E+00    0.463980607166199377E+00    0.372142488974007607E+10   -0.125840368471260007E+03
    0.280733864405742162E+00    0.458363257015806269E+00    0.371528588807222176E+10   -0.125431597407146924E+03
    0.280839056577581403E+00    0.466642409152846938E+00    0.372297674377255821E+10   -0.125990291299641655E+03
    0.279918133423055659E+00    0.468668451074501391E+00    0.373197813313023853E+10   -0.126190588220733900E+03
    0.288118921548525420E+00    0.514340549636290945E+00    0.369650547457915115E+10   -0.125379768734613549E+03
    0.288118921548525420E+00    0.514340549636290945E+00    0.369650547457915115E+10   -0.125379768734613549E+03
    0.287725415766522663E+00    0.527422976895019602E+00    0.369542511398843861E+10   -0.126074487328237836E+03
    0.284018248979074572E+00    0.548116178245471986E+00    0.370102933460460567E+10   -0.125670194947421678E+03
    0.284018248979074572E+00    0.548116178245471986E+00    0.370102933460460567E+10   -0.125670194947421678E+03
    0.285091212592322452E+00    0.549867684180775029E+00    0.369585621821284962E+10   -0.125637125060286166E+03
    0.285091212592322452E+00    0.549867684180775029E+00    0.369585621821284962E+10   -0.125637125060286166E+03
    0.286910961185750712E+00    0.534245400617535893E+00    0.369218991700874233E+10   -0.126229646235918651E+03
    0.287971266141292648E+00    0.545021923977802913E+00    0.368665120040579796E+10   -0.125253410955240639E+03
    0.287971266141292648E+00    0.545021923977802913E+00    0.368665120040579796E+10   -0.125253410955240639E+03
    0.284094778518193092E+00    0.524903686839401473E+00    0.369405339551856422E+10   -0.125881318197317427E+03
    0.284794486503099353E+00    0.532636586837719861E+00    0.369305658812546349E+10   -0.125693193886997676E+03
    0.285732954409658735E+00    0.522852623400689609E+00    0.368540076396237659E+10   -0.125471777333437601E+03
    0.285732954409658735E+00    0.522852623400689609E+00    0.368540076396237659E+10   -0.125471777333437601E+03
    0.286200383695297100E+00    0.532954974392843894E+00    0.368934657562861729E+10   -0.125686027501680300E+03
    0.284169506566055940E+00    0.538916083548670599E+00    0.370008249151921558E+10   -0.126292289695602932E+03
    0.286283166448440429E+00    0.461195408863265044E+00    0.367872771164007664E+10   -0.126324074580895513E+03
    0.294807686065280072E+00    0.459300353542968054E+00    0.362866482136572456E+10   -0.125998580954844613E+03
    0.295874979832214557E+00    0.459719298793020315E+00    0.362350262238824558E+10   -0.125765836937650874E+03
    0.295874979832214557E+00    0.459719298793020315E+00    0.362350262238824558E+10   -0.125765836937650874E+03
    0.295559839717128570E+00    0.465413355621420166E+00    0.363972810092399883E+10   -0.125346419102695265E+03
    0.295559839717128570E+00    0.465413355621420166E+00    0.363972810092399883E+10   -0.125346419102695265E+03
    0.296079623772405376E+00    0.469319410307731388E+00    0.363558711204130173E+10   -0.126259465514318720E+03
    0.291622304970164448E+00    0.455053834501642385E+00    0.364448796460001659E+10   -0.126237312210793945E+03
    0.290643797247343294E+00    0.458668739937230896E+00    0.365332278899807549E+10   -0.125300525433165376E+03
    0.290643797247343294E+00    0.458668739937230896E+00    0.365332278899807549E+10   -0.125300525433165376E+03
    0.289420624339141230E+00    0.457658065806773706E+00    0.366204588764256763E+10   -0.125941179733780629E+03
    0.288037227004971863E+00    0.458449490424284178E+00    0.366636131703707504E+10   -0.126161635787754719E+03
    0.290914959743292068E+00    0.460796530031743146E+00    0.365312946609524155E+10   -0.125621536763144860E+03
    0.293791247881516449E+00    0.461859826551672015E+00    0.364665594631586647E+10   -0.125987350640667700E+03
    0.292766541613656117E+00    0.463755726331097407E+00    0.364679555199653435E+10   -0.125977370104065955E+03
    0.289994633507637378E+00    0.454087418136271737E+00    0.365276868270446491E+10   -0.126207257465359731E+03
    0.292844837149039583E+00    0.465648088290944173E+00    0.365498121159562588E+10   -0.125989385184395402E+03
    0.296719300478398673E+00    0.564319209632904162E+00    0.362329756146334362E+10   -0.125988285449907664E+03
    0.294868784782262472E+00    0.566109201796843209E+00    0.363071522213259697E+10   -0.125400627443899310E+03
    0.294868784782262472E+00    0.566109201796843209E+00    0.363071522213259697E+10   -0.125400627443899310E+03
    0.301416186351421533E+00    0.543265679526507839E+00    0.358999490143233871E+10   -0.125863338435478823E+03
    0.302205959993262885E+00    0.540770152328825304E+00    0.358380436572193813E+10   -0.126205031294621236E+03
    0.297061831576984459E+00    0.522927106356551263E+00    0.360774894089062309E+10   -0.126277379181601788E+03
    0.301445185524419401E+00    0.548285397461555135E+00    0.358828986897511578E+10   -0.126285282295317714E+03
    0.301169141849495392E+00    0.547075688643550606E+00    0.359022514252214527E+10   -0.125635727718379258E+03
    0.301169141849495392E+00    0.547075688643550606E+00    0.359022514252214527E+10   -0.125635727718379258E+03
    0.301366647547207767E+00    0.560719868469561789E+00    0.359327181221849632E+10   -0.125448863162504338E+03
    0.303102662810532442E+00    0.557689190108716204E+00    0.358555988188989067E+10   -0.125851669750371784E+03
    0.302171556075375825E+00    0.563541682269319111E+00    0.359178963688814735E+10   -0.125249525432192982E+03
    0.302171556075375825E+00    0.563541682269319111E+00    0.359178963688814735E+10   -0.125249525432192982E+03
    0.303505763300899178E+00    0.559735720891865185E+00    0.358456711636128807E+10   -0.125653765489220575E+03
    0.305400259583370193E+00    0.560239444773436901E+00    0.357381460602221394E+10   -0.126120588258370375E+03
    0.302063519354100418E+00    0.559355620427188782E+00    0.359120446680877495E+10   -0.125676098001147196E+03
    0.305127715280126000E+00    0.551209696169816965E+00    0.357112524452384281E+10   -0.126101205517806250E+03
