    0.745246735143826777E+00    0.499797955668988436E+00    0.774938724237169385E+09   -0.101870710075038829E+03
    0.797954694817185395E+00    0.413332751320892200E+00    0.749063640110158920E+09   -0.101806481887117130E+03
    0.747821435660800615E+00    0.590298514432889831E+00    0.771785324988695860E+09   -0.101686697143039581E+03
    0.842903047116612125E+00    0.459915310745129702E+00    0.739464576880102873E+09   -0.101648619151234016E+03
    0.887557753079162293E+00    0.516991001623877011E+00    0.709492104122517109E+09   -0.100906789894708865E+03
    0.865909456092402552E+00    0.737840535363655903E+00    0.732131060946692824E+09   -0.100875515995307609E+03
    0.797029621656479059E+00    0.597065849011739758E+00    0.758476088539541245E+09   -0.100827992655838969E+03
    0.826787879449955354E+00    0.559419147966000452E+00    0.744402276203683853E+09   -0.100692948072877442E+03
    0.841378927953469247E+00    0.600808077284707309E+00    0.739345831777847767E+09   -0.100565196599852626E+03
    0.753795858566424282E+00    0.559487064644056176E+00    0.772166668112493992E+09   -0.100531550972657854E+03
    0.854982554827981911E+00    0.562807249896335904E+00    0.720548776956171989E+09   -0.100390210028997927E+03
    0.819430693393734089E+00    0.528782328429112880E+00    0.729632807945755482E+09   -0.100389560806666452E+03
    0.825293896235604785E+00    0.598744388758337465E+00    0.743685025095738888E+09   -0.100297206865719332E+03
    0.805593687009888870E+00    0.486856584433127182E+00    0.746855042325101137E+09   -0.100279910084687458E+03
    0.856820107317410540E+00    0.680761393423987116E+00    0.730388202711760521E+09   -0.100254254712595127E+03
    0.770171443674870670E+00    0.428287820382900364E+00    0.754626951078555822E+09   -0.100101872543506602E+03
    0.778977160749110609E+00    0.492550871542036361E+00    0.764358609182529211E+09   -0.100053012113528609E+03
    0.813914199146111295E+00    0.570955934374143936E+00    0.748072378944685698E+09   -0.999533846080440185E+02
    0.821655931973273468E+00    0.507526879533685360E+00    0.735078293564150333E+09   -0.999176387823472680E+02
    0.760018052471354011E+00    0.478360925810774162E+00    0.757861348140184402E+09   -0.999071983764131915E+02
    0.872207240498457437E+00    0.605553728172923300E+00    0.719642884406500578E+09   -0.998897408324582443E+02
    0.890350783844428229E+00    0.534602394014475735E+00    0.709874892699818134E+09   -0.998797031305468010E+02
    0.848215739534312063E+00    0.622473419464917299E+00    0.722880897716363907E+09   -0.998657601357304543E+02
    0.876598806562429833E+00    0.489139147547721365E+00    0.713714116374921203E+09   -0.998457802896106159E+02
    0.865544923570882530E+00    0.583327265033567244E+00    0.725511041070595860E+09   -0.998331938298083799E+02
    0.802654008779471684E+00    0.548856774447042284E+00    0.757745542587756157E+09   -0.997930093242480325E+02
    0.859449867244326704E+00    0.495104884810398715E+00    0.724875023389682531E+09   -0.997566921104030371E+02
    0.855420472174970636E+00    0.526238889967171275E+00    0.724427560666574240E+09   -0.996652235483332305E+02
    0.785200187083938905E+00    0.472011147821948640E+00    0.754988683503948927E+09   -0.996275814677288736E+02
    0.885546822725563065E+00    0.631731772937037306E+00    0.720259918259765863E+09   -0.995730483194654141E+02
    0.789350427231643170E+00    0.622341083843325649E+00    0.760613842359473467E+09   -0.994697227515226672E+02
    0.826177697763230690E+00    0.543423299740910082E+00    0.737769551086514235E+09   -0.994696243734379379E+02
    0.839442119981006929E+00    0.621128668054373279E+00    0.731975168226543069E+09   -0.994484297818577829E+02
    0.762439745751960940E+00    0.531050255642625757E+00    0.769080457394329548E+09   -0.993902833480787962E+02
    0.760965077714369720E+00    0.425763268298336328E+00    0.764361548422763824E+09   -0.993209596534680372E+02
    0.767753328010098657E+00    0.486128788376587906E+00    0.766441070127123594E+09   -0.992809352254130886E+02
    0.864095408164381351E+00    0.544971602368363506E+00    0.724771192018504262E+09   -0.992754640947592577E+02
    0.860163207755699988E+00    0.513576174317268652E+00    0.726201956505827904E+09   -0.992386487376089832E+02
    0.797918598959165504E+00    0.546610631822543880E+00    0.752792328495811820E+09   -0.992156398046112429E+02
    0.832659323191926704E+00    0.531259439003834544E+00    0.728905459722526073E+09   -0.991368384709662394E+02
    0.836416133540082374E+00    0.513022700780304319E+00    0.730611291964172721E+09   -0.991007176986814358E+02
    0.771804697880860591E+00    0.506839387177747014E+00    0.759666366631912708E+09   -0.990697706111683658E+02
    0.816035687187203540E+00    0.527309263043918008E+00    0.749062642878011703E+09   -0.990191130751571364E+02
    0.871413964031476973E+00    0.610862436456486080E+00    0.721760694644655466E+09   -0.989718437878413368E+02
    0.835817325279879175E+00    0.500795617187021591E+00    0.726182210711451530E+09   -0.989612943818349748E+02
    0.837181159778426331E+00    0.622201180167198942E+00    0.738067841368492007E+09   -0.988720046055330641E+02
    0.813872082606443503E+00    0.540707134122149213E+00    0.744264885779790878E+09   -0.988601100858330142E+02
    0.837864511686418290E+00    0.540124509823156629E+00    0.726895669943598747E+09   -0.988216588312797768E+02
    0.823051235179101504E+00    0.555719064849011346E+00    0.741976326722178698E+09   -0.987514654300231456E+02
    0.819102319580554683E+00    0.485683247057693279E+00    0.739423308284264803E+09   -0.987505362083944362E+02
    0.856294329975937463E+00    0.453413128221789918E+00    0.728175104145204544E+09   -0.987401138011680786E+02
    0.810064352410079458E+00    0.593019298581607401E+00    0.751234918966677427E+09   -0.986584236893538389E+02
    0.850572388859359485E+00    0.627821298299959807E+00    0.727593713701287985E+09   -0.986396375369036917E+02
    0.792546872112920853E+00    0.499551696278174973E+00    0.759058083560501218E+09   -0.986057537171205354E+02
    0.849761559907005193E+00    0.519989274670070500E+00    0.724478433673828602E+09   -0.985886126781224164E+02
    0.802631382176551167E+00    0.576327781528100047E+00    0.741929105675373793E+09   -0.985763412236531167E+02
    0.832042973213985460E+00    0.488150841188193851E+00    0.728264786201120973E+09   -0.985693171411256230E+02
    0.779078055140227987E+00    0.515002559923951608E+00    0.762553363613034725E+09   -0.985412741694980383E+02
    0.805672816312903328E+00    0.635791225744810617E+00    0.753035450072156668E+09   -0.985217217787874375E+02
    0.828582570219014380E+00    0.474959503770646663E+00    0.734792309921301365E+09   -0.985166531035207811E+02
    0.764628267661691008E+00    0.526771485290730368E+00    0.762445399363457799E+09   -0.985156005595431594E+02
    0.845344409960933407E+00    0.509254904617987947E+00    0.728879384983230114E+09   -0.985132774290104578E+02
    0.774372239078829350E+00    0.522767111614154345E+00    0.755190083812614441E+09   -0.984913838850763312E+02
    0.779113793010015043E+00    0.482436169391604608E+00    0.760634118920097828E+09   -0.984889227112263654E+02
    0.819635751471537000E+00    0.579855624358341259E+00    0.745780001108926535E+09   -0.984535977978864025E+02
    0.880929092391758761E+00    0.580436708192042516E+00    0.721730996193588734E+09   -0.984526837554994643E+02
    0.821658538737326860E+00    0.480625537892592547E+00    0.734216784852475643E+09   -0.984405952455517195E+02
    0.791055536140948146E+00    0.503170638271146942E+00    0.745978711229678750E+09   -0.984265187271251136E+02
    0.883786541352138411E+00    0.533434160233756671E+00    0.715283394900406837E+09   -0.984053692989347155E+02
    0.769310999399531181E+00    0.547643613529116280E+00    0.763010053171855569E+09   -0.983248144349251731E+02
    0.771040401360283734E+00    0.508127797447277985E+00    0.764410872635158062E+09   -0.983238356672997611E+02
    0.805448162787978150E+00    0.544313822301102590E+00    0.753825509585306883E+09   -0.982913656732328178E+02
    0.786520590503500872E+00    0.569651988901505035E+00    0.755100257340636969E+09   -0.982775583047499168E+02
    0.786930177380757878E+00    0.569836247849629274E+00    0.757243426863655806E+09   -0.982631812926193504E+02
    0.811839035817752519E+00    0.594026244213839760E+00    0.746139607589948654E+09   -0.982578777085575155E+02
    0.853537868951202539E+00    0.574723343376010831E+00    0.726277889650160074E+09   -0.982532943465024147E+02
    0.780316417023474540E+00    0.550376903022854691E+00    0.761128256852670431E+09   -0.982319005909430132E+02
    0.820183381178506310E+00    0.547354023960364700E+00    0.744129410646013260E+09   -0.982239165456263663E+02
    0.786076324900739976E+00    0.470182204356152766E+00    0.760227707450639009E+09   -0.982086911269341414E+02
    0.793556552896987233E+00    0.542202347939559459E+00    0.748535129053594351E+09   -0.981855148985101778E+02
    0.793556552896987233E+00    0.542202347939559459E+00    0.748535129053594351E+09   -0.981855148985101778E+02
    0.813441395751646090E+00    0.575454772193971564E+00    0.743798434785800219E+09   -0.981646541963283283E+02
    0.788228012913881004E+00    0.394522795892118694E+00    0.753985552708661556E+09   -0.981302733571313013E+02
    0.788228012913881004E+00    0.394522795892118694E+00    0.753985552708661556E+09   -0.981302733571313013E+02
    0.859293032943779012E+00    0.608794518889283154E+00    0.723312804179739714E+09   -0.981005327111213319E+02
    0.862208244343823482E+00    0.668306720685112765E+00    0.729196264193950295E+09   -0.980840315579661421E+02
    0.836108620599850472E+00    0.537962994832268393E+00    0.734398772596854210E+09   -0.980747091611205803E+02
    0.840291956536636686E+00    0.534684167030395230E+00    0.736077697760587692E+09   -0.980740623064641142E+02
    0.840291956536636686E+00    0.534684167030395230E+00    0.736077697760587692E+09   -0.980740623064641142E+02
    0.780242744672651201E+00    0.497857160738517379E+00    0.753339340717194319E+09   -0.980633838377618190E+02
    0.778799385607716554E+00    0.540887373891493439E+00    0.753239687307454348E+09   -0.980573049430187496E+02
    0.843657800769634147E+00    0.596306213030622700E+00    0.726453173500339270E+09   -0.980489811384335894E+02
    0.843657800769634147E+00    0.596306213030622700E+00    0.726453173500339270E+09   -0.980489811384335894E+02
    0.767600688540001075E+00    0.459584788572202640E+00    0.761290240180743933E+09   -0.980079578158333504E+02
    0.875024824006111923E+00    0.582406183583403347E+00    0.723012980667369366E+09   -0.979807193798211671E+02
    0.805667707125066412E+00    0.490893935608269771E+00    0.748897185817550421E+09   -0.979753357869333286E+02
    0.801865515510519988E+00    0.501660308591633353E+00    0.743742182817003489E+09   -0.979617367290056080E+02
    0.802006164209088546E+00    0.504118063361328694E+00    0.744526555917095661E+09   -0.979426967245410651E+02
    0.873643328249686602E+00    0.552816691045238784E+00    0.723357672793770909E+09   -0.979381030361674618E+02
    0.873643328249686602E+00    0.552816691045238784E+00    0.723357672793770909E+09   -0.979381030361674618E+02
    0.845789856799269102E+00    0.622634707495530293E+00    0.726265086847495079E+09   -0.979351572511107236E+02
    0.802953680073462683E+00    0.591951607301499649E+00    0.744714402933336139E+09   -0.979259262392062340E+02
    0.808677265647562038E+00    0.592471129882550684E+00    0.751105168045373082E+09   -0.978478496195959622E+02
    0.844208588987259922E+00    0.560360537217963639E+00    0.732273859949075460E+09   -0.978290228130423714E+02
    0.844208588987259922E+00    0.560360537217963639E+00    0.732273859949075460E+09   -0.978290228130423714E+02
    0.847926263236873035E+00    0.580623235549381889E+00    0.734938026519562006E+09   -0.978283448733389065E+02
    0.847926263236873035E+00    0.580623235549381889E+00    0.734938026519562006E+09   -0.978283448733389065E+02
    0.812382428000305468E+00    0.508388240934758429E+00    0.735504738936383963E+09   -0.978277085979418501E+02
    0.878147017544796515E+00    0.618294246525934454E+00    0.720677460303115845E+09   -0.978273793434856032E+02
    0.797105365763356999E+00    0.549025440272313148E+00    0.752589792367900968E+09   -0.978109932965844564E+02
    0.797105365763356999E+00    0.549025440272313148E+00    0.752589792367900968E+09   -0.978109932965844564E+02
    0.822180976283502840E+00    0.619575599413140665E+00    0.745345374422760367E+09   -0.978051451713204187E+02
    0.811962402968493646E+00    0.516682917736186909E+00    0.748772358137709141E+09   -0.978020384428803311E+02
    0.835067490849011329E+00    0.543437547137710197E+00    0.735207339618224144E+09   -0.977846116258495783E+02
    0.854338983673493035E+00    0.600594218909503041E+00    0.725901858177407026E+09   -0.977713978860194146E+02
    0.854338983673493035E+00    0.600594218909503041E+00    0.725901858177407026E+09   -0.977713978860194146E+02
    0.800777963145154259E+00    0.542533630608224016E+00    0.750116740334877014E+09   -0.977342091297131788E+02
    0.800251965260968867E+00    0.595121482422875658E+00    0.751211955925978661E+09   -0.977258215384828617E+02
    0.800251965260968867E+00    0.595121482422875658E+00    0.751211955925978661E+09   -0.977258215384828617E+02
    0.849122981908317698E+00    0.485059957585534107E+00    0.724150058230670810E+09   -0.977210110791812525E+02
    0.820875113462441131E+00    0.527812046449200878E+00    0.748736380978494525E+09   -0.977209312536920010E+02
    0.820343449210217290E+00    0.538746980000730957E+00    0.737413010743448615E+09   -0.977014300938291456E+02
    0.812648844469928355E+00    0.674382224874561231E+00    0.750068895028284550E+09   -0.977005312120051883E+02
    0.791517935539896134E+00    0.636851772815949957E+00    0.756717906913748264E+09   -0.976993837547481974E+02
    0.828149295568029298E+00    0.522259426081099321E+00    0.735711358730426073E+09   -0.976751541063469801E+02
    0.825638309375187229E+00    0.551667426465332511E+00    0.732890742158049822E+09   -0.976732595389255636E+02
    0.791571731645612564E+00    0.533024610169128721E+00    0.752941022940865159E+09   -0.976664597584166785E+02
    0.806510922151689069E+00    0.573685624315896092E+00    0.752564877080613613E+09   -0.976364189776894875E+02
    0.806510922151689069E+00    0.573685624315896092E+00    0.752564877080613613E+09   -0.976364189776894875E+02
    0.790761362776614241E+00    0.587292676565292382E+00    0.754742054560883284E+09   -0.976295379218080654E+02
    0.790761362776614241E+00    0.587292676565292382E+00    0.754742054560883284E+09   -0.976295379218080654E+02
    0.824700091159806581E+00    0.572166127079285047E+00    0.739536079508692622E+09   -0.976004285140138563E+02
    0.835496625523331149E+00    0.555783054631310947E+00    0.734799343943226099E+09   -0.975875505137471180E+02
    0.803253806241820967E+00    0.523563346290899290E+00    0.752447037990439057E+09   -0.975831076780313538E+02
    0.803253806241820967E+00    0.523563346290899290E+00    0.752447037990439057E+09   -0.975831076780313538E+02
    0.782646808876263034E+00    0.554475061219761756E+00    0.756532244199374914E+09   -0.975827264368549550E+02
    0.880375137874358393E+00    0.613439689448718184E+00    0.721425109528924465E+09   -0.975796563313281240E+02
    0.880375137874358393E+00    0.613439689448718184E+00    0.721425109528924465E+09   -0.975796563313281240E+02
    0.815456044106357192E+00    0.613329746911970730E+00    0.737411329013575792E+09   -0.975663550752787785E+02
    0.815456044106357192E+00    0.613329746911970730E+00    0.737411329013575792E+09   -0.975663550752787785E+02
    0.790751258740590268E+00    0.539928481274687400E+00    0.751187936938449740E+09   -0.975519037170634817E+02
    0.881474025239490921E+00    0.602902444238790025E+00    0.717559993550002098E+09   -0.975313747813483047E+02
    0.836312666556722095E+00    0.617689657664824310E+00    0.732204289655282736E+09   -0.974782947735262582E+02
    0.851018397826095563E+00    0.596122284884755160E+00    0.729263203852416992E+09   -0.974660263384627683E+02
    0.810012706540016003E+00    0.537186973025578496E+00    0.744016233669030905E+09   -0.974601699813307931E+02
    0.835390788035374809E+00    0.539786450058967304E+00    0.736891727940863729E+09   -0.974597780039190127E+02
    0.835390788035374809E+00    0.539786450058967304E+00    0.736891727940863729E+09   -0.974597780039190127E+02
    0.786053978214282467E+00    0.563412839222213080E+00    0.756796340857918620E+09   -0.974582793405950412E+02
    0.818076075352131671E+00    0.555926486439503265E+00    0.742918913475424528E+09   -0.974511975441786262E+02
    0.817970326671497050E+00    0.565403633283917628E+00    0.741625975394684196E+09   -0.974244060755337387E+02
    0.803323432991439823E+00    0.555322451309837817E+00    0.746152197345951915E+09   -0.974220693982370705E+02
    0.803323432991439823E+00    0.555322451309837817E+00    0.746152197345951915E+09   -0.974220693982370705E+02
    0.840398732251697700E+00    0.501975793511748591E+00    0.740205621650057316E+09   -0.974072531417271819E+02
    0.840398732251697700E+00    0.501975793511748591E+00    0.740205621650057316E+09   -0.974072531417271819E+02
    0.794125587847674619E+00    0.481990115412250120E+00    0.743399569269351840E+09   -0.973976680566364337E+02
    0.794125587847674619E+00    0.481990115412250120E+00    0.743399569269351840E+09   -0.973976680566364337E+02
    0.850828765652377417E+00    0.587584955146185806E+00    0.724726222105755091E+09   -0.973716351818823682E+02
    0.802399227258031034E+00    0.546644091604793658E+00    0.749443895798871517E+09   -0.973676105965963643E+02
    0.789106502521937481E+00    0.540592927317078420E+00    0.751371475640773773E+09   -0.973661298294900348E+02
    0.797066023097386167E+00    0.573102018362774857E+00    0.750911493905592680E+09   -0.973647123882975336E+02
    0.795768100830158809E+00    0.529778960069345217E+00    0.754153538538086295E+09   -0.973593152310910739E+02
    0.802889816497071696E+00    0.551393866574773739E+00    0.747053742316863537E+09   -0.973498360339231112E+02
    0.819642907185302860E+00    0.563779174664265526E+00    0.737539385679473281E+09   -0.973474425191203920E+02
    0.819642907185302860E+00    0.563779174664265526E+00    0.737539385679473281E+09   -0.973474425191203920E+02
    0.848618384288978844E+00    0.608333224606923295E+00    0.732409949427450418E+09   -0.973433710167506092E+02
    0.874290354826329663E+00    0.565430692116411393E+00    0.719034325065268874E+09   -0.973389980621876134E+02
    0.807983384558727979E+00    0.590446112333719242E+00    0.746105246486450672E+09   -0.973289820850711891E+02
    0.783965471546467008E+00    0.537746374893036005E+00    0.755577994864325285E+09   -0.973266439547209359E+02
    0.829717336259074068E+00    0.569981243964818418E+00    0.735136992681687117E+09   -0.973237412529526296E+02
    0.817520056882651391E+00    0.595727398714316791E+00    0.742693108724940538E+09   -0.973232073683973056E+02
    0.817520056882651391E+00    0.595727398714316791E+00    0.742693108724940538E+09   -0.973232073683973056E+02
    0.864964289830192579E+00    0.555685513337287773E+00    0.724022612969723105E+09   -0.973117671726429307E+02
    0.864964289830192579E+00    0.555685513337287773E+00    0.724022612969723105E+09   -0.973117671726429307E+02
    0.886336896979022737E+00    0.587725381473646280E+00    0.716415459581753731E+09   -0.972908766868434896E+02
    0.820815211820257407E+00    0.618680668483426288E+00    0.737894158541990280E+09   -0.972806914911438980E+02
    0.820815211820257407E+00    0.618680668483426288E+00    0.737894158541990280E+09   -0.972806914911438980E+02
    0.798473431784454180E+00    0.563756986736807519E+00    0.751035457379941225E+09   -0.972805729917287181E+02
    0.798473431784454180E+00    0.563756986736807519E+00    0.751035457379941225E+09   -0.972805729917287181E+02
    0.848612733583096746E+00    0.615561043498312088E+00    0.731399195402592421E+09   -0.972777031756101280E+02
    0.799010707680289700E+00    0.530319392915219012E+00    0.749773204898097754E+09   -0.972608828272758501E+02
    0.799010707680289700E+00    0.530319392915219012E+00    0.749773204898097754E+09   -0.972608828272758501E+02
    0.828671730998970069E+00    0.571917431966134870E+00    0.733833838618731737E+09   -0.972531832932923095E+02
    0.799624416688318407E+00    0.523942498771170051E+00    0.746109693869594336E+09   -0.972417544190349759E+02
    0.799624416688318407E+00    0.523942498771170051E+00    0.746109693869594336E+09   -0.972417544190349759E+02
    0.848152174103464884E+00    0.648380092179749568E+00    0.727127967716757417E+09   -0.972412528304042780E+02
    0.783034912127101856E+00    0.505146255598807770E+00    0.751594253578271627E+09   -0.972309572484170701E+02
    0.805548001890800669E+00    0.605248607389414772E+00    0.744874317560063362E+09   -0.972255558515112170E+02
    0.825290708277554130E+00    0.527720351243821995E+00    0.739951799950546741E+09   -0.972150608697630787E+02
    0.822923011830581697E+00    0.542145105647030334E+00    0.737104953365504622E+09   -0.972049685197147113E+02
    0.822923011830581697E+00    0.542145105647030334E+00    0.737104953365504622E+09   -0.972049685197147113E+02
    0.789329955954253815E+00    0.608500881531684357E+00    0.755263127043327093E+09   -0.972027845122935616E+02
    0.831440147134551721E+00    0.547541324600642199E+00    0.735247251121552467E+09   -0.972011512666915820E+02
    0.829914810143014714E+00    0.543724648432572621E+00    0.732347151018435717E+09   -0.971917512553191898E+02
    0.829914810143014714E+00    0.543724648432572621E+00    0.732347151018435717E+09   -0.971917512553191898E+02
    0.792944560373440521E+00    0.536426047929101202E+00    0.752688607194926977E+09   -0.971912708464078463E+02
    0.790679536825143248E+00    0.507860693988142486E+00    0.755780983933926702E+09   -0.971789811264418688E+02
    0.806710992153791051E+00    0.608437827747170701E+00    0.749899566309128523E+09   -0.971582892270326823E+02
    0.786647492654845126E+00    0.579109274385018580E+00    0.756658927929424047E+09   -0.971559144301263302E+02
    0.786647492654845126E+00    0.579109274385018580E+00    0.756658927929424047E+09   -0.971559144301263302E+02
    0.832097620460083953E+00    0.547351747908278341E+00    0.740407099859745026E+09   -0.971553571438462171E+02
    0.807630409182056752E+00    0.612606079392170599E+00    0.749219802759339571E+09   -0.971550445829210787E+02
    0.807630409182056752E+00    0.612606079392170599E+00    0.749219802759339571E+09   -0.971550445829210787E+02
    0.834585703830730163E+00    0.562103828556960394E+00    0.735308740289988995E+09   -0.971425265277499221E+02
    0.816460108518516692E+00    0.568557560223155178E+00    0.746557396380202055E+09   -0.971382511484617055E+02
    0.851234830899026740E+00    0.585435119670339787E+00    0.730008337830542088E+09   -0.971290161694538199E+02
    0.805401302245528972E+00    0.617924246666952115E+00    0.750389663888629675E+09   -0.971276296920540432E+02
    0.808155711692310597E+00    0.602991393742954074E+00    0.748450581222716808E+09   -0.971214653238162668E+02
    0.803554944028189944E+00    0.603653448477823318E+00    0.751293103791282892E+09   -0.971107878095384081E+02
    0.803554944028189944E+00    0.603653448477823318E+00    0.751293103791282892E+09   -0.971107878095384081E+02
    0.790587695127440537E+00    0.539715024959139811E+00    0.755564736345352411E+09   -0.971031861480597343E+02
    0.817454857846177996E+00    0.572807147024995800E+00    0.744082260068572283E+09   -0.970993123191780967E+02
    0.798252632778628901E+00    0.542552001283102214E+00    0.748586288149446130E+09   -0.970930254294077315E+02
    0.788821762473325916E+00    0.606640223621626618E+00    0.752489403363766432E+09   -0.970810749412922007E+02
    0.803442872019119458E+00    0.555044092583095505E+00    0.750916269961685777E+09   -0.970624855905578698E+02
    0.826821276688804119E+00    0.559395234356061977E+00    0.733984265331990361E+09   -0.970609571071509549E+02
    0.810136553547584404E+00    0.473635663623960923E+00    0.746259791402981520E+09   -0.970576995358399301E+02
    0.810136553547584404E+00    0.473635663623960923E+00    0.746259791402981520E+09   -0.970576995358399301E+02
    0.799681950539694597E+00    0.520299832982608734E+00    0.753196028058381796E+09   -0.970534517609068814E+02
    0.854435264678502171E+00    0.528337766353999427E+00    0.728414684208623171E+09   -0.970430140936398544E+02
    0.783655132517428799E+00    0.541801933476699915E+00    0.755272111168447852E+09   -0.970379324241387309E+02
    0.790305860901473589E+00    0.569961556456615170E+00    0.750283927323580980E+09   -0.970311784098074952E+02
    0.796343339621048862E+00    0.580888187668024969E+00    0.752643187125440598E+09   -0.970244882415962593E+02
    0.796343339621048862E+00    0.580888187668024969E+00    0.752643187125440598E+09   -0.970244882415962593E+02
    0.811426129917547256E+00    0.589286011912529162E+00    0.746817562169413686E+09   -0.970155624986404632E+02
    0.802917908559539928E+00    0.557589491904801449E+00    0.752018343531602979E+09   -0.970110191524752707E+02
    0.802917908559539928E+00    0.557589491904801449E+00    0.752018343531602979E+09   -0.970110191524752707E+02
    0.807905112333222930E+00    0.552032611094011472E+00    0.744802694771871567E+09   -0.970032307835005980E+02
    0.880406541738329329E+00    0.570011419608336567E+00    0.720717845065161228E+09   -0.969777243565973777E+02
    0.821944827348958018E+00    0.550599462678498242E+00    0.741185140194464922E+09   -0.969712018431790739E+02
    0.770378109433542568E+00    0.485675646236057190E+00    0.759760237326802254E+09   -0.969700332474548929E+02
    0.847583553854702410E+00    0.581165660388350602E+00    0.726945417188673019E+09   -0.969699434165355285E+02
    0.847583553854702410E+00    0.581165660388350602E+00    0.726945417188673019E+09   -0.969699434165355285E+02
    0.804842096471963586E+00    0.485475984519066373E+00    0.747917186852646589E+09   -0.969639194249719054E+02
    0.811392141319705051E+00    0.513624953393653882E+00    0.743160849170320392E+09   -0.969604459832246164E+02
    0.775235635989244942E+00    0.494890409700838418E+00    0.759689389906803727E+09   -0.969438042756149798E+02
    0.840717813468223607E+00    0.504728062076376105E+00    0.728424657230588436E+09   -0.969377691310675971E+02
    0.840717813468223607E+00    0.504728062076376105E+00    0.728424657230588436E+09   -0.969377691310675971E+02
    0.825559868272125574E+00    0.555323924935937185E+00    0.736890768224175453E+09   -0.969293910048931195E+02
    0.835862423968580792E+00    0.509321395304203506E+00    0.730100588539245486E+09   -0.969254066773605985E+02
    0.822961960125879299E+00    0.587984692612661064E+00    0.737122507697719812E+09   -0.969226853855442698E+02
    0.823293413607441016E+00    0.568382758968756008E+00    0.739051072424099922E+09   -0.969200920820426006E+02
    0.825818772262210343E+00    0.581551792722049044E+00    0.737938778322056293E+09   -0.969139805911264745E+02
    0.803899842953174848E+00    0.572022372198633278E+00    0.746682790700228930E+09   -0.969110242345350628E+02
    0.827690455253980550E+00    0.479205018420660878E+00    0.738626218586607218E+09   -0.969044081422791805E+02
    0.806266209622779728E+00    0.590705280357033402E+00    0.743327167011023998E+09   -0.968915732996909611E+02
    0.845835757090995455E+00    0.532929036615691132E+00    0.730386574765957832E+09   -0.968905344784845113E+02
    0.827858465683225186E+00    0.588741638752521723E+00    0.735328125857593298E+09   -0.968865707558894371E+02
    0.808184566135340843E+00    0.494769772906311189E+00    0.744376290800833225E+09   -0.968755762944608989E+02
    0.794935452588927061E+00    0.565915589960505727E+00    0.752894317862236857E+09   -0.968707239677072494E+02
    0.802915050471829206E+00    0.573673595334923903E+00    0.750416016359241009E+09   -0.968635853877723889E+02
    0.826904118169996427E+00    0.600351841969759548E+00    0.735978477727242708E+09   -0.968584491640836660E+02
    0.808792880596935770E+00    0.536145616765102417E+00    0.743269747852280259E+09   -0.968435452924695426E+02
    0.814482277663008292E+00    0.508842750671087529E+00    0.743140941163829923E+09   -0.968347116647174317E+02
    0.828496958595632660E+00    0.507320342524369750E+00    0.740948253542773247E+09   -0.968195485577009265E+02
    0.830335036157047957E+00    0.520367901859364324E+00    0.738644523567388773E+09   -0.968178745839635582E+02
    0.792709245397854478E+00    0.513040998405603688E+00    0.755343014667141914E+09   -0.968175803985071894E+02
    0.820391840730307242E+00    0.576751887329029600E+00    0.742841524999285221E+09   -0.968175104102716233E+02
    0.814477709883229317E+00    0.609768901194573942E+00    0.742982947983852625E+09   -0.968040017048764554E+02
    0.814477709883229317E+00    0.609768901194573942E+00    0.742982947983852625E+09   -0.968040017048764554E+02
    0.786686900508786091E+00    0.586781001126347235E+00    0.753853224838922739E+09   -0.967870958493890612E+02
    0.830020429022072848E+00    0.511019532644274577E+00    0.739541533397035360E+09   -0.967869875718125598E+02
    0.842879688203579169E+00    0.519649703574547317E+00    0.728255664242035866E+09   -0.967774488193074802E+02
    0.797632770566758520E+00    0.491996404519204233E+00    0.749374228199261904E+09   -0.967773514694329151E+02
    0.817426682179484110E+00    0.601600750177421872E+00    0.739499907752443790E+09   -0.967765738812554872E+02
    0.846810083825205062E+00    0.538004580873527871E+00    0.729997211945027351E+09   -0.967663025334349243E+02
    0.792239527449159708E+00    0.510757730153216016E+00    0.744627159225342035E+09   -0.967598929039315294E+02
    0.830269676870760698E+00    0.544977306643019688E+00    0.737704763812922955E+09   -0.967596323719674842E+02
    0.822961569676126992E+00    0.512589324462862095E+00    0.735860810652416945E+09   -0.967525865639967577E+02
    0.812750455052237641E+00    0.606086595838808861E+00    0.741797507350774765E+09   -0.967412667478694175E+02
    0.841374043150543982E+00    0.589048576235118304E+00    0.730656418170520186E+09   -0.967363542525027356E+02
    0.829653480720326519E+00    0.552925544126711799E+00    0.733256891809717894E+09   -0.967339019824962207E+02
    0.799228263481325363E+00    0.517036812849882566E+00    0.746726843190584421E+09   -0.967326259133720612E+02
    0.790765978363357491E+00    0.492872048055378542E+00    0.746760902646402240E+09   -0.967324246996948176E+02
    0.814439531002943085E+00    0.607607061271417948E+00    0.744417094641265631E+09   -0.967278333787661211E+02
    0.809339415072868995E+00    0.574144089177664796E+00    0.745372669204526663E+09   -0.967201344137925361E+02
    0.829272105544656135E+00    0.501826449196020263E+00    0.739846088778196335E+09   -0.967181938413332460E+02
    0.838274958837264106E+00    0.495677050464220059E+00    0.738736064091504574E+09   -0.967174681343724387E+02
    0.811174329794233873E+00    0.513401866356851144E+00    0.744372780574392080E+09   -0.967095832999705181E+02
    0.803111146267844744E+00    0.472530131574798062E+00    0.745806217679819942E+09   -0.967033953055899929E+02
    0.848918594032603724E+00    0.569535532485325291E+00    0.728771960795054674E+09   -0.967022084151015662E+02
    0.792356119482189647E+00    0.521293106917035232E+00    0.745581759882811189E+09   -0.967017817192500502E+02
    0.810839177056384419E+00    0.588746543289680346E+00    0.744278169321594357E+09   -0.966997181855117987E+02
    0.813471952144775523E+00    0.525719204130044915E+00    0.742029671781601667E+09   -0.966884880312826169E+02
    0.793109118069841523E+00    0.548466175950995449E+00    0.753491798724781752E+09   -0.966846711141929234E+02
    0.799694759052458348E+00    0.520313872981661873E+00    0.744882296024915934E+09   -0.966802133889684256E+02
    0.845061884091544813E+00    0.549682958820651990E+00    0.733154527464543819E+09   -0.966749066979467386E+02
    0.813654387456031358E+00    0.563862866845102673E+00    0.743091979099066973E+09   -0.966737453066229477E+02
    0.789669611058605780E+00    0.574484741342061511E+00    0.750233597722425222E+09   -0.966603078051895608E+02
    0.802279140349245412E+00    0.502982787172603807E+00    0.743091972326302290E+09   -0.966543296685301385E+02
    0.801615397745994218E+00    0.527576234593478688E+00    0.748139888702980518E+09   -0.966531662105430485E+02
    0.795103890235024591E+00    0.493904632243090447E+00    0.747666095830363035E+09   -0.966432272037431233E+02
    0.808616204182296738E+00    0.559278901598448286E+00    0.744336853245638371E+09   -0.966274479303069000E+02
    0.834249613485165908E+00    0.543686421071008397E+00    0.732782189614263296E+09   -0.966268854987536798E+02
    0.806745186056657793E+00    0.576521929178008818E+00    0.747352900063951254E+09   -0.966251796544956960E+02
    0.799894907412690537E+00    0.524745089166112066E+00    0.743751142228419900E+09   -0.966177600678955599E+02
    0.843682784394026775E+00    0.543612377689823845E+00    0.731475574456625104E+09   -0.966099981995833161E+02
    0.791658735154496251E+00    0.508359556867482354E+00    0.752807875182412386E+09   -0.966055770900612458E+02
    0.806030517935507174E+00    0.564013288764446230E+00    0.748002469605944037E+09   -0.966055680700558241E+02
    0.829668035462674536E+00    0.525219238756108098E+00    0.736341550181227207E+09   -0.966024239354972707E+02
    0.828411133452862436E+00    0.531920866695262617E+00    0.736300876158681870E+09   -0.965779314562066276E+02
    0.850864833387850128E+00    0.589908483382956206E+00    0.728728898485237479E+09   -0.965688346365963071E+02
    0.848950256676501369E+00    0.630023058515247314E+00    0.732906393097453833E+09   -0.965684994289273959E+02
    0.842610685218092459E+00    0.594036309330544299E+00    0.730291823791903138E+09   -0.965665823442990074E+02
    0.825298982459040542E+00    0.491717348439774327E+00    0.736710625821268320E+09   -0.965639004183604754E+02
    0.796424320684851250E+00    0.579039974129909041E+00    0.748764181080883026E+09   -0.965624551666365818E+02
    0.839894177551931853E+00    0.554644815046481554E+00    0.730178897326212049E+09   -0.965607766278469484E+02
    0.829837751384676081E+00    0.522459401682944247E+00    0.738924866597169399E+09   -0.965521991448874957E+02
    0.796309467360927226E+00    0.551231329279413984E+00    0.748598614020384550E+09   -0.965516121817701105E+02
    0.842907217065970271E+00    0.575815896393386595E+00    0.730546078351944923E+09   -0.965472278816401541E+02
    0.813664539061339842E+00    0.567837858455904509E+00    0.741005846235295296E+09   -0.965419150809103996E+02
    0.818751517708430909E+00    0.571057245917296896E+00    0.740684526307121754E+09   -0.965355156233744083E+02
    0.805607953668890042E+00    0.529770657252782939E+00    0.745763652748213530E+09   -0.965266844938333293E+02
    0.854157607018457998E+00    0.588936680918264344E+00    0.728105966298982620E+09   -0.965201443181497893E+02
    0.811101567294569836E+00    0.486510112269765926E+00    0.742664391606112003E+09   -0.965200045113517717E+02
    0.808911077334130146E+00    0.547875425539201544E+00    0.744631168504266262E+09   -0.965130593365803549E+02
    0.806594120170108342E+00    0.572716197413353001E+00    0.748606938639909983E+09   -0.965113061285674689E+02
    0.807480031992248271E+00    0.511191298550642159E+00    0.742764763779421687E+09   -0.965056367843113776E+02
    0.857425448398165591E+00    0.680163628151223776E+00    0.728686809463310957E+09   -0.964315419709758146E+02
    0.851547657500183353E+00    0.649218001899241060E+00    0.730947152839145184E+09   -0.962372193067707116E+02
    0.809418968091606406E+00    0.565761636336766571E+00    0.746949271612151861E+09   -0.964752815116394515E+02
    0.845785738482867977E+00    0.525402437188102311E+00    0.730701940049504161E+09   -0.963417886260851333E+02
    0.837069673862764541E+00    0.564895242659904540E+00    0.732510925738066316E+09   -0.964308758202194554E+02
    0.830915790971207491E+00    0.501337128623216444E+00    0.735720054220983267E+09   -0.959878548993854395E+02
    0.827488488176457482E+00    0.508203076555776789E+00    0.736230550264397860E+09   -0.959601264975183881E+02
    0.827488488176457482E+00    0.508203076555776789E+00    0.736230550264397860E+09   -0.959601264975183881E+02
    0.825876394295238181E+00    0.517824207519282709E+00    0.738097474381651878E+09   -0.958807829106961833E+02
    0.854448980195557262E+00    0.580773417690954474E+00    0.728365128871072531E+09   -0.963464609411151685E+02
    0.851917957288693795E+00    0.577678612313455631E+00    0.728647367708002806E+09   -0.962784014288492642E+02
    0.847270702853451629E+00    0.574603528650092343E+00    0.730634751035395503E+09   -0.962020080899126242E+02
    0.856701932770088770E+00    0.547273743426648807E+00    0.732253936990247130E+09   -0.959881416964994827E+02
    0.834239855103134365E+00    0.520623962937744267E+00    0.736089724673417807E+09   -0.964420558223822297E+02
    0.827122489089889279E+00    0.540070046738028609E+00    0.737768357221461177E+09   -0.960901153052412269E+02
    0.832642250915217375E+00    0.532412411523779383E+00    0.736778022932959795E+09   -0.963745709891697118E+02
    0.834406657596157508E+00    0.548349789006824295E+00    0.735604508402939558E+09   -0.963326169432633179E+02
    0.831267500994083530E+00    0.545791971110087815E+00    0.736647247426224113E+09   -0.962337740549573937E+02
    0.830271381972473854E+00    0.542166278160898685E+00    0.737100682713577032E+09   -0.961545770591552440E+02
    0.830271381972473854E+00    0.542166278160898685E+00    0.737100682713577032E+09   -0.961545770591552440E+02
    0.836525434630733700E+00    0.535868333990308088E+00    0.736851935122978926E+09   -0.962694442691379066E+02
    0.832708715238736796E+00    0.556682270170973936E+00    0.733914949306147814E+09   -0.963417836415233637E+02
    0.828083996135631439E+00    0.543386245250356836E+00    0.736477911920922518E+09   -0.962239432016237117E+02
    0.829816535069129113E+00    0.555341004997845999E+00    0.736999388327869415E+09   -0.960164782813133542E+02
    0.837124029156472660E+00    0.558135090520986310E+00    0.736291030609162807E+09   -0.963993075981491643E+02
    0.829900955665860085E+00    0.569065671631342695E+00    0.734802117358001709E+09   -0.962417822866303396E+02
    0.832403871152014307E+00    0.543857043425772346E+00    0.738115841502821445E+09   -0.965022682462009698E+02
    0.823981400646788931E+00    0.556906851351069321E+00    0.739261985521649361E+09   -0.960556293015876008E+02
    0.830335134868330216E+00    0.552005603883870322E+00    0.740379738298085690E+09   -0.961658265495008493E+02
    0.828044189948209386E+00    0.540116076504935094E+00    0.739673213601665258E+09   -0.960135647303380040E+02
    0.826935582393039548E+00    0.547452153538138475E+00    0.738072611032029748E+09   -0.962837645063794412E+02
    0.829988489029413468E+00    0.568363679161263846E+00    0.736900537269128203E+09   -0.959784551131764090E+02
    0.829988489029413468E+00    0.568363679161263846E+00    0.736900537269128203E+09   -0.959784551131764090E+02
    0.828166258923132559E+00    0.564310336990930139E+00    0.738411254959908724E+09   -0.964087024526752714E+02
    0.833922899647500326E+00    0.528553102909999240E+00    0.736802086670985341E+09   -0.958077180769142274E+02
    0.833922899647500326E+00    0.528553102909999240E+00    0.736802086670985341E+09   -0.958077180769142274E+02
    0.825979828540908012E+00    0.555976666397192787E+00    0.737414175219830990E+09   -0.961642331079296042E+02
    0.836871614289533827E+00    0.537642750252320667E+00    0.734614111955216765E+09   -0.960500420844755780E+02
    0.825282978135226664E+00    0.534668740747068938E+00    0.738769010230548143E+09   -0.962029588902635169E+02
    0.831044891447314305E+00    0.527529168374634594E+00    0.738774410333132029E+09   -0.959646483956078669E+02
    0.826876655845265818E+00    0.526964081191865219E+00    0.737093446195806026E+09   -0.964548998401180455E+02
    0.834596380519831427E+00    0.548196624049335668E+00    0.737802271526105642E+09   -0.964364993603077778E+02
    0.823723468531669778E+00    0.482604785962656990E+00    0.735956993284327745E+09   -0.963372069764639178E+02
    0.827451430276094246E+00    0.483744384504944946E+00    0.738084028165740371E+09   -0.962930869814454695E+02
    0.830051645754702250E+00    0.495819763112415046E+00    0.740346319406494379E+09   -0.961658066865482795E+02
    0.828274077319821833E+00    0.482352247738702999E+00    0.739638486819163084E+09   -0.960219909402294718E+02
    0.822022161574167187E+00    0.520283369291247411E+00    0.742034480587361336E+09   -0.961790995197317500E+02
    0.822022161574167187E+00    0.520283369291247411E+00    0.742034480587361336E+09   -0.961790995197317500E+02
    0.825473493591092344E+00    0.525827833158722058E+00    0.741422847260275960E+09   -0.964585810663489980E+02
    0.819850525425797061E+00    0.571543415879929739E+00    0.739734500398572683E+09   -0.965055156148843594E+02
    0.826294552366424129E+00    0.539768757735290095E+00    0.741803252230987191E+09   -0.963480667839583020E+02
    0.822493179231358895E+00    0.562018508141173712E+00    0.740217053139102221E+09   -0.962873445880853467E+02
    0.822775353047288660E+00    0.548892609011652155E+00    0.741027764212653399E+09   -0.961119116866840102E+02
    0.821492120746747378E+00    0.555787571597507579E+00    0.740085337682482004E+09   -0.963048528234525207E+02
    0.820572488483335527E+00    0.546956755357337343E+00    0.741850178304861069E+09   -0.960518387571613346E+02
    0.820317101708433527E+00    0.515171278759630979E+00    0.745004554401314974E+09   -0.961866904961227647E+02
    0.818843184356317089E+00    0.549355368737895589E+00    0.743243103047944188E+09   -0.964327068880217269E+02
    0.819620660227701081E+00    0.549557210180942945E+00    0.742662522781916142E+09   -0.961408137420535951E+02
    0.815333778377635543E+00    0.526632886573860759E+00    0.741870872976646423E+09   -0.961591680739230412E+02
    0.818625793784208855E+00    0.544546444830514176E+00    0.743429162591870785E+09   -0.962586479339487937E+02
    0.812815423586742192E+00    0.526939190498103116E+00    0.742600293168672681E+09   -0.963949114756144354E+02
    0.815158681598070256E+00    0.527436656270001691E+00    0.742012923088715076E+09   -0.960657662640317795E+02
    0.818520525182492076E+00    0.556987827669077618E+00    0.741909754464539647E+09   -0.963883480551177172E+02
    0.816525608352203114E+00    0.573591718514474991E+00    0.741625067720021963E+09   -0.961961080626109606E+02
    0.818614510294032760E+00    0.558178120806596567E+00    0.743707345295163870E+09   -0.962040460206694661E+02
    0.818614510294032760E+00    0.558178120806596567E+00    0.743707345295163870E+09   -0.962040460206694661E+02
    0.816499972257455298E+00    0.561704147924251274E+00    0.742734040964855433E+09   -0.960739712435413082E+02
    0.819422275288693158E+00    0.563799314142247709E+00    0.744004636774462938E+09   -0.963565545856582730E+02
    0.820855776900925704E+00    0.581848959973891411E+00    0.743791423807034492E+09   -0.963976527187621457E+02
    0.815841637352047511E+00    0.558959266509372554E+00    0.744105635631991148E+09   -0.959819866683210421E+02
    0.816997060722189361E+00    0.555710051694941143E+00    0.744767465576384068E+09   -0.962365108678481818E+02
    0.813158556052953729E+00    0.530530326334577751E+00    0.745539730666384578E+09   -0.963004987519426834E+02
    0.814837510965403355E+00    0.551314870488271325E+00    0.743488172668486714E+09   -0.962369971180186496E+02
    0.809908059537286396E+00    0.579745162844220729E+00    0.742608200783646584E+09   -0.962981002427908663E+02
    0.811184027140167685E+00    0.557546231603328835E+00    0.745001767259734392E+09   -0.960713560360531318E+02
    0.807970432910454117E+00    0.563465419674802348E+00    0.741544156002032995E+09   -0.964292326685211520E+02
    0.813331924479577917E+00    0.561930899661842176E+00    0.743009571482173443E+09   -0.961799710777385570E+02
    0.808672990318786811E+00    0.560124112896019710E+00    0.744867898539425850E+09   -0.964801930103261469E+02
    0.810883621370761198E+00    0.544857594537649703E+00    0.743191412550878048E+09   -0.961848389017491883E+02
    0.799884541847716513E+00    0.563273324155213473E+00    0.747668723729085922E+09   -0.961842890406415734E+02
    0.795061852496750543E+00    0.545236174416032782E+00    0.749535507103966117E+09   -0.961843696182822043E+02
    0.801802018688600238E+00    0.530011672241039733E+00    0.748459920677191019E+09   -0.963763217988485934E+02
    0.806491493677518712E+00    0.538242559406075571E+00    0.747089354927454233E+09   -0.963337576298637686E+02
    0.806866126345936130E+00    0.538376362055801749E+00    0.746813349294616938E+09   -0.963748142121649209E+02
    0.806881970510654578E+00    0.535956542634682620E+00    0.746644857735180855E+09   -0.965010605332098237E+02
    0.809184032531442665E+00    0.538054948999091565E+00    0.745400534233757019E+09   -0.964294580931238841E+02
    0.808566163776874958E+00    0.509403226111434293E+00    0.741743061749400616E+09   -0.963493775285714946E+02
    0.807703385917211580E+00    0.504505529635238759E+00    0.741627679068475962E+09   -0.964959691034929961E+02
    0.805801887950308826E+00    0.507521998460667589E+00    0.742657921558303475E+09   -0.962936341063153804E+02
    0.811362942479757376E+00    0.498512709245705565E+00    0.744969830627175093E+09   -0.961763612722268988E+02
    0.811362942479757376E+00    0.498512709245705565E+00    0.744969830627175093E+09   -0.961763612722268988E+02
    0.815553230796816520E+00    0.489167496653434952E+00    0.742752060938381195E+09   -0.959864706427384249E+02
    0.813521938846695103E+00    0.488739012060667832E+00    0.741634562189255476E+09   -0.960306632810678309E+02
    0.813521938846695103E+00    0.488739012060667832E+00    0.741634562189255476E+09   -0.960306632810678309E+02
    0.806050547993141242E+00    0.499518422090947212E+00    0.743109093299975634E+09   -0.962834457637412982E+02
    0.804821781058013386E+00    0.516038640692800143E+00    0.744882257013379216E+09   -0.962555510751348891E+02
    0.799715688626164045E+00    0.490192013491824952E+00    0.745825469308479071E+09   -0.963421354419060521E+02
    0.805917200821169688E+00    0.456803490316604055E+00    0.745263057682244778E+09   -0.960723821290503963E+02
    0.803120778336544161E+00    0.467172049976491977E+00    0.746895539199018240E+09   -0.961865687587413305E+02
    0.803024440189773481E+00    0.474333720314451313E+00    0.744880657399708629E+09   -0.961627937582998555E+02
