    0.249052815849987730E+00    0.481498422670444626E+00    0.880058689891905975E+10   -0.152474485143694096E+03
    0.237222706849974208E+00    0.486825311796131643E+00    0.882147278913804054E+10   -0.151169872509642175E+03
    0.197659301855682090E+00    0.544908136429560486E+00    0.965003407156151009E+10   -0.150668136095058458E+03
    0.205520508464783369E+00    0.485397246361065626E+00    0.959874691964883995E+10   -0.149853105061060518E+03
    0.197663812756771862E+00    0.535426817493302565E+00    0.979651229379982185E+10   -0.149728152255244112E+03
    0.233384188212008292E+00    0.388082745482931202E+00    0.903174088856334305E+10   -0.149652596225715399E+03
    0.298076001005457558E+00    0.465678023627106086E+00    0.802202260935859299E+10   -0.149484961640014035E+03
    0.196255993570186527E+00    0.389224473846654817E+00    0.971608779371554756E+10   -0.149441333897829537E+03
    0.245210006675194270E+00    0.488778770390723594E+00    0.875905610259499550E+10   -0.149217904720563041E+03
    0.203500422313323714E+00    0.461529360505611663E+00    0.964215398643422127E+10   -0.149213587518966250E+03
    0.237713127515045863E+00    0.548392094461442881E+00    0.903390956622621918E+10   -0.149082341723901550E+03
    0.215402768592588167E+00    0.398391552848289976E+00    0.922357197924542046E+10   -0.149044479903946268E+03
    0.210160881141404132E+00    0.485450402407437309E+00    0.947240623524153900E+10   -0.148978704664566635E+03
    0.257781101253677036E+00    0.514207461205483440E+00    0.867064475971660995E+10   -0.148909157678461156E+03
    0.219998472661439626E+00    0.535302419396177953E+00    0.912101469119993210E+10   -0.148897998499696882E+03
    0.217326201676022845E+00    0.408700795556804053E+00    0.931175918712858582E+10   -0.148855078772445324E+03
    0.235872997614390345E+00    0.456005290634454497E+00    0.892019310254763794E+10   -0.148752505959860343E+03
    0.228249364391532650E+00    0.400393795644713890E+00    0.900445208076980591E+10   -0.148746431469043131E+03
    0.232307240576559326E+00    0.508815940064582861E+00    0.905773333842219925E+10   -0.148623283421058943E+03
    0.262376307007082421E+00    0.506799262278203599E+00    0.841897113398926735E+10   -0.148495945413957372E+03
    0.201255603888531420E+00    0.576701187415318728E+00    0.967852336539692116E+10   -0.148463616007794769E+03
    0.197757726932537681E+00    0.461316691325768247E+00    0.977593436658230782E+10   -0.148439237369781608E+03
    0.231078481635715649E+00    0.495441434750345522E+00    0.909156593610767365E+10   -0.148425520410808588E+03
    0.251228387996628166E+00    0.500023823875171303E+00    0.856545179865949059E+10   -0.148380606085737099E+03
    0.242741054761597186E+00    0.500402432064122493E+00    0.887042526616006660E+10   -0.148366514374373082E+03
    0.230667373207179782E+00    0.469467499320559867E+00    0.893888275281957436E+10   -0.148354473055770882E+03
    0.196498714406684705E+00    0.442918333922699858E+00    0.974608625107782745E+10   -0.148244402773960246E+03
    0.235045358836337648E+00    0.559817453432851053E+00    0.889870033227760315E+10   -0.148204295397925790E+03
    0.212198514915165282E+00    0.465810110250064469E+00    0.948613382127340698E+10   -0.148203149724432222E+03
    0.228256967703633906E+00    0.561590592553411483E+00    0.919474942286017609E+10   -0.148127744089454779E+03
    0.237553126114244950E+00    0.503971040261035341E+00    0.883888308790550804E+10   -0.148023335388234159E+03
    0.213152339161022664E+00    0.547989620853410742E+00    0.936450500482481003E+10   -0.147999435190036138E+03
    0.260774093836664334E+00    0.516741677494644946E+00    0.867563426275202370E+10   -0.147846115064366359E+03
    0.243091222873173474E+00    0.449089624834233092E+00    0.876304122158394814E+10   -0.147841506856311014E+03
    0.248635124763582183E+00    0.439601612386510965E+00    0.872155366125989914E+10   -0.147788481952938724E+03
    0.220545987977490143E+00    0.480160484084105832E+00    0.928331710261818314E+10   -0.147783384125040101E+03
    0.242006661189664407E+00    0.519300914183320472E+00    0.873205473964693260E+10   -0.147764896056947123E+03
    0.228785585482353671E+00    0.437260574714578354E+00    0.898508941442222023E+10   -0.147746342715857850E+03
    0.238140247126976290E+00    0.446775965852218349E+00    0.880144557976972389E+10   -0.147685758847905220E+03
    0.235183230954372158E+00    0.480883498351241556E+00    0.895109866942463303E+10   -0.147589100448359829E+03
    0.221795218190327936E+00    0.490330867769950274E+00    0.910515040654981995E+10   -0.147569225748549798E+03
    0.226261466765757535E+00    0.483054672477400970E+00    0.917801720234896088E+10   -0.147539037673044078E+03
    0.240778975361887304E+00    0.338101547570602179E+00    0.884190076615153313E+10   -0.147528460691339490E+03
    0.247136832871813761E+00    0.455664190353118670E+00    0.870368866817224884E+10   -0.147432651613510870E+03
    0.224309482703478225E+00    0.452752685028222857E+00    0.917500337697102547E+10   -0.147409801853671240E+03
    0.231377301741779617E+00    0.473244787830140012E+00    0.899496890587684631E+10   -0.147353827881060624E+03
    0.213134535539704906E+00    0.619334757360320509E+00    0.934904688136280441E+10   -0.147349668668881890E+03
    0.228516127723413232E+00    0.458627751792711535E+00    0.901204013335692406E+10   -0.147312100413214864E+03
    0.233596078956113506E+00    0.570759734111181416E+00    0.901036031053490067E+10   -0.147308486834521148E+03
    0.209153655741495581E+00    0.541550030913086289E+00    0.941286642575000000E+10   -0.147306386183038057E+03
    0.238170048070635798E+00    0.436220899094823977E+00    0.888088497441645241E+10   -0.147300863852575191E+03
    0.236961548350524853E+00    0.480492987825890339E+00    0.882150868320698547E+10   -0.147295506258765045E+03
    0.238272051621176040E+00    0.512577409342149792E+00    0.903473434371924782E+10   -0.147278069745439723E+03
    0.260478982539314174E+00    0.591048605046291087E+00    0.849359361427029610E+10   -0.147253419203064226E+03
    0.224136094056945012E+00    0.436086405648953956E+00    0.921575724262698364E+10   -0.147245230030928752E+03
    0.208641023909606815E+00    0.472481395930405057E+00    0.948488136995643425E+10   -0.147219147650230298E+03
    0.225158818793936677E+00    0.522451216596216739E+00    0.911237786550366974E+10   -0.147215319522589880E+03
    0.212649734122709377E+00    0.470032621688831753E+00    0.937430427182040215E+10   -0.147210082556432127E+03
    0.238093767530169975E+00    0.495922423781326671E+00    0.880579135051448822E+10   -0.147197330647172919E+03
    0.235793190024316091E+00    0.652845676022780097E+00    0.905173864484853554E+10   -0.147190797553528910E+03
    0.239614024327505504E+00    0.543420667442646277E+00    0.897080578665680695E+10   -0.147183783491170630E+03
    0.260834089955923443E+00    0.525662504566742683E+00    0.859679855925114441E+10   -0.147163920716584983E+03
    0.236239041116343418E+00    0.519642592183863883E+00    0.898338219913803864E+10   -0.147162403008500974E+03
    0.239417189804261021E+00    0.539678924551116879E+00    0.881900502860866356E+10   -0.147146052664188289E+03
    0.262916258724879670E+00    0.489913492547213281E+00    0.849776486071425056E+10   -0.147105775763862482E+03
    0.246409079731504721E+00    0.540638661956730715E+00    0.866603928305178261E+10   -0.147084946526840895E+03
    0.268796546025057481E+00    0.442978942509576257E+00    0.836931702908343315E+10   -0.147073395512380642E+03
    0.260811098619264492E+00    0.591018641359559282E+00    0.850995036301536369E+10   -0.147037325690390219E+03
    0.304540544559962378E+00    0.471023734921182324E+00    0.787724025686961174E+10   -0.147001399331604176E+03
    0.205892276582719691E+00    0.598693373366504744E+00    0.954038358384258461E+10   -0.146985362578856268E+03
    0.232067026746693383E+00    0.442257748457413058E+00    0.896609020503980637E+10   -0.146967423630678098E+03
    0.202914418521880857E+00    0.601348401722974657E+00    0.958507511029444504E+10   -0.146954167246751069E+03
    0.247841828416073273E+00    0.578367007406143330E+00    0.874269006419855690E+10   -0.146929034580220844E+03
    0.235887048380184872E+00    0.429076975096812419E+00    0.886473324033360100E+10   -0.146916162016865769E+03
    0.224158405408089234E+00    0.443088494648106845E+00    0.920482006596628761E+10   -0.146897945367054206E+03
    0.230152847791784243E+00    0.502365068031059181E+00    0.909502317911231422E+10   -0.146896539332548997E+03
    0.208467505985841739E+00    0.557954100743302206E+00    0.947444835658534813E+10   -0.146895754163081278E+03
    0.235008092641466826E+00    0.449897523327324578E+00    0.891638006266189384E+10   -0.146856429094419980E+03
    0.219543817604980263E+00    0.414336055263618164E+00    0.918422099662236977E+10   -0.146799211427418044E+03
    0.210574216174342743E+00    0.429996044254878029E+00    0.943750757745722008E+10   -0.146792678651470965E+03
    0.264434075463442775E+00    0.498030449331208658E+00    0.838162107064583397E+10   -0.146791389884785872E+03
    0.245988408323172703E+00    0.571587212693616564E+00    0.867163854315089607E+10   -0.146789435005868114E+03
    0.206415837058047780E+00    0.554261808560596592E+00    0.950563627405002213E+10   -0.146788655812751784E+03
    0.223290037324338553E+00    0.475355769024867314E+00    0.912862227488216209E+10   -0.146778070154978366E+03
    0.206033891807669012E+00    0.508477397936539788E+00    0.951476705747459030E+10   -0.146772361411505926E+03
    0.236628911357712801E+00    0.573127448188303745E+00    0.885191014677437210E+10   -0.146728564702226947E+03
    0.263192365453037813E+00    0.503332550099184317E+00    0.839867577821597099E+10   -0.146703490600243896E+03
    0.213864238623827640E+00    0.577586445889224365E+00    0.935493510308231354E+10   -0.146697237881532430E+03
    0.230768907720526439E+00    0.525532584912840051E+00    0.904501717858911896E+10   -0.146696282523615338E+03
    0.238734676752274499E+00    0.571227645293308939E+00    0.880618503801733780E+10   -0.146671484232513535E+03
    0.227920510505825402E+00    0.433434939005248765E+00    0.900254186085680962E+10   -0.146671407980038936E+03
    0.265566919753849051E+00    0.483590208809578925E+00    0.837183702750722504E+10   -0.146654328369291648E+03
    0.222273096823448313E+00    0.505409533225977370E+00    0.912269514655661011E+10   -0.146634111500969283E+03
    0.262165691154838731E+00    0.494686802630358358E+00    0.856120109363660240E+10   -0.146589781733455197E+03
    0.243550477092543405E+00    0.536711751380964941E+00    0.874845774845993805E+10   -0.146585402500754213E+03
    0.243550477092543405E+00    0.536711751380964941E+00    0.874845774845993805E+10   -0.146585402500754213E+03
    0.237592562559092724E+00    0.540252708321775188E+00    0.887745672926419258E+10   -0.146579120959737111E+03
    0.207232779428652536E+00    0.448822960441477292E+00    0.954849290633518791E+10   -0.146579035887699320E+03
    0.221162543947279577E+00    0.514239005135531002E+00    0.916365956101175308E+10   -0.146570408577829141E+03
    0.267039901737158525E+00    0.441603312158695971E+00    0.840273834946898842E+10   -0.146570051071903777E+03
    0.245867431600701236E+00    0.561238585626730568E+00    0.871930852049698257E+10   -0.146536062440473955E+03
    0.241387792498447495E+00    0.501814255804536202E+00    0.877537600749152184E+10   -0.146527457609744374E+03
    0.269524280068458577E+00    0.432170801048361142E+00    0.831076879852589989E+10   -0.146525318213182146E+03
    0.238362301872164339E+00    0.518958676711285705E+00    0.883000783167581558E+10   -0.146519997676396656E+03
    0.207701631400803610E+00    0.481186403664635165E+00    0.949092612105796814E+10   -0.146516414100144573E+03
    0.238151584906983738E+00    0.569586434191597490E+00    0.884236755600699234E+10   -0.146504721082805872E+03
    0.268236878283014624E+00    0.446418651868789595E+00    0.836194092759187126E+10   -0.146494180570771704E+03
    0.273577738698402573E+00    0.617897068927259596E+00    0.827212994442392349E+10   -0.146489159498528153E+03
    0.208051763116038235E+00    0.447548780839348126E+00    0.951742559666385078E+10   -0.146464086496932026E+03
    0.258658747906914510E+00    0.582521506586921589E+00    0.852550973779060364E+10   -0.146459772064812910E+03
    0.226204543734558561E+00    0.430564861185629866E+00    0.919513315806853867E+10   -0.146439346306009242E+03
    0.238844986880922316E+00    0.493637882286028784E+00    0.898230813722983742E+10   -0.146420626416544792E+03
    0.239772929274633173E+00    0.579079129958540051E+00    0.879870375654398346E+10   -0.146405841803146188E+03
    0.241440063252397863E+00    0.494410266814293564E+00    0.881068515064780235E+10   -0.146400585513120461E+03
    0.233619052796052051E+00    0.555405305041690056E+00    0.891902949112796783E+10   -0.146393962472403132E+03
    0.240908501468301450E+00    0.603577951993987227E+00    0.883542852435978889E+10   -0.146373226839049266E+03
    0.262482659744199376E+00    0.459859035288246787E+00    0.842983232724369431E+10   -0.146367842744067531E+03
    0.237928327646091342E+00    0.515457604503396283E+00    0.887724535805775642E+10   -0.146351177547228758E+03
    0.270165466310578917E+00    0.464041499917859923E+00    0.833339957878119278E+10   -0.146350353676151542E+03
    0.257550721290133899E+00    0.531013868663505306E+00    0.850179092557497025E+10   -0.146305350324974654E+03
    0.270838813365902598E+00    0.467769059795454467E+00    0.832344109883973694E+10   -0.146280826011534714E+03
    0.270838813365902598E+00    0.467769059795454467E+00    0.832344109883973694E+10   -0.146280826011534714E+03
    0.235152017599699614E+00    0.546480593468245957E+00    0.896209566268925858E+10   -0.146253392756659792E+03
    0.268785483169210415E+00    0.494512077325415689E+00    0.836048874062363434E+10   -0.146221235112646070E+03
    0.264169049835704273E+00    0.528746975447031531E+00    0.842602123459544945E+10   -0.146181374640785975E+03
    0.224594225847086770E+00    0.474208285419841502E+00    0.912546012166146088E+10   -0.146178411150716840E+03
    0.217854940240923445E+00    0.496620965556470395E+00    0.934917218408782005E+10   -0.146173871149201091E+03
    0.217854940240923445E+00    0.496620965556470395E+00    0.934917218408782005E+10   -0.146173871149201091E+03
    0.231447900624260627E+00    0.394694395738024895E+00    0.899255976102250671E+10   -0.146159056562823224E+03
    0.226389213642446574E+00    0.443603631937939724E+00    0.914590355372889709E+10   -0.146147172698586843E+03
    0.230679398080085474E+00    0.574806271575205585E+00    0.901592157840285110E+10   -0.146142332559262172E+03
    0.262211103461709505E+00    0.518550494487858060E+00    0.850080401514664078E+10   -0.146139507267073725E+03
    0.226008309575850941E+00    0.499779491194203729E+00    0.905952541633101845E+10   -0.146134524901193032E+03
    0.248222239625900232E+00    0.555337345315995989E+00    0.867647769523578072E+10   -0.146104175109377280E+03
    0.264708118611321486E+00    0.554545253053785103E+00    0.844978940629569435E+10   -0.146095314270419578E+03
    0.240556662218932293E+00    0.490937595252681547E+00    0.893144947023622894E+10   -0.146075153371067245E+03
    0.231384731979058456E+00    0.472742030332156560E+00    0.898704653739492798E+10   -0.146056929472192763E+03
    0.239965363489555050E+00    0.522459857989360899E+00    0.898552961235050201E+10   -0.146055523476888141E+03
    0.239965363489555050E+00    0.522459857989360899E+00    0.898552961235050201E+10   -0.146055523476888141E+03
    0.262904977791498573E+00    0.483513407825299169E+00    0.842877752001176643E+10   -0.146048420022714424E+03
    0.264355535239931050E+00    0.558259390706943748E+00    0.840096710654655457E+10   -0.146031341139288031E+03
    0.264355535239931050E+00    0.558259390706943748E+00    0.840096710654655457E+10   -0.146031341139288031E+03
    0.246155943187122750E+00    0.548111089015419495E+00    0.875302075052923393E+10   -0.146020721243365699E+03
    0.224516530447106955E+00    0.469171298972456796E+00    0.913328073639510345E+10   -0.146012748570731844E+03
    0.236999919212197041E+00    0.513856023441100263E+00    0.889822667744438171E+10   -0.145989842769045026E+03
    0.242800223860438202E+00    0.495633945167304191E+00    0.886522884375708961E+10   -0.145959520307202979E+03
    0.242800223860438202E+00    0.495633945167304191E+00    0.886522884375708961E+10   -0.145959520307202979E+03
    0.237243602427412548E+00    0.506218588657727508E+00    0.897234374844325256E+10   -0.145938369701720717E+03
    0.212443442510904856E+00    0.463435655031158689E+00    0.940011344112475014E+10   -0.145933827597576197E+03
    0.267903254092683285E+00    0.528324931075692561E+00    0.839957081051188087E+10   -0.145932081528994786E+03
    0.234301576619491247E+00    0.487437361276709780E+00    0.896744422723648643E+10   -0.145929766464433811E+03
    0.234301576619491247E+00    0.487437361276709780E+00    0.896744422723648643E+10   -0.145929766464433811E+03
    0.232080406132659567E+00    0.514268078356327152E+00    0.905712130876665878E+10   -0.145924853056724317E+03
    0.271694912679672662E+00    0.580486158320457690E+00    0.833599100033970070E+10   -0.145912604929528982E+03
    0.265701326293070306E+00    0.512625281004952527E+00    0.841732205649889565E+10   -0.145887030800051178E+03
    0.265701326293070306E+00    0.512625281004952527E+00    0.841732205649889565E+10   -0.145887030800051178E+03
    0.236938510005986702E+00    0.473332398809224841E+00    0.899545710202744675E+10   -0.145865788867976732E+03
    0.221606772911851824E+00    0.474892775102205178E+00    0.919349083239071083E+10   -0.145846907044235195E+03
    0.221606772911851824E+00    0.474892775102205178E+00    0.919349083239071083E+10   -0.145846907044235195E+03
    0.245084684534200958E+00    0.584700026114536087E+00    0.881732560841292191E+10   -0.145818661099329631E+03
    0.214150770214268926E+00    0.456064393887150032E+00    0.935221959118344307E+10   -0.145800885569840517E+03
    0.250891677797367929E+00    0.546158706246524517E+00    0.867948019637831306E+10   -0.145791667366075160E+03
    0.253431369157338049E+00    0.528173515839274188E+00    0.860246422869611931E+10   -0.145791117382346869E+03
    0.255409092104230739E+00    0.555733344628636772E+00    0.858700689901341629E+10   -0.145783531224870927E+03
    0.255409092104230739E+00    0.555733344628636772E+00    0.858700689901341629E+10   -0.145783531224870927E+03
    0.232292496768739309E+00    0.418277443688694461E+00    0.902120963734180260E+10   -0.145778539654750261E+03
    0.219061551426984968E+00    0.463819912571697301E+00    0.923474897875400162E+10   -0.145772546417140973E+03
    0.231805312434859911E+00    0.487474527077957021E+00    0.901229223661137772E+10   -0.145757281610108720E+03
    0.236375304896537353E+00    0.511667579079670531E+00    0.894958446181447792E+10   -0.145754295830690836E+03
    0.227715880225715928E+00    0.454676065015656050E+00    0.906239204775512314E+10   -0.145730678737391287E+03
    0.230023450813882424E+00    0.478196776526491618E+00    0.902237667236021423E+10   -0.145719059236813536E+03
    0.245123620921848528E+00    0.515567297505782562E+00    0.880088330179196167E+10   -0.145718375313855717E+03
    0.227069848110452055E+00    0.504472870633874138E+00    0.907565134815674019E+10   -0.145711571317893345E+03
    0.233751461334880672E+00    0.545626169829011687E+00    0.893208116847623634E+10   -0.145677260133052641E+03
    0.233751461334880672E+00    0.545626169829011687E+00    0.893208116847623634E+10   -0.145677260133052641E+03
    0.229004087264088607E+00    0.449566453083512840E+00    0.904883146596210480E+10   -0.145676356360754937E+03
    0.226218429034872104E+00    0.494564483332787574E+00    0.917160669180029488E+10   -0.145672328136402882E+03
    0.226218429034872104E+00    0.494564483332787574E+00    0.917160669180029488E+10   -0.145672328136402882E+03
    0.259551037207008006E+00    0.525607080509153946E+00    0.848687800758769989E+10   -0.145648436843373901E+03
    0.269942079848520089E+00    0.480148796466918881E+00    0.838520644273837471E+10   -0.145648269231107776E+03
    0.220649948018608710E+00    0.495070835387101837E+00    0.920130889002300262E+10   -0.145634782516626871E+03
    0.220649948018608710E+00    0.495070835387101837E+00    0.920130889002300262E+10   -0.145634782516626871E+03
    0.244787620726988508E+00    0.565961087418997977E+00    0.875107267004968452E+10   -0.145633525007501248E+03
    0.230331331703455822E+00    0.559206468988563188E+00    0.897968367320959854E+10   -0.145631371884773415E+03
    0.264370133858116252E+00    0.542819210369337668E+00    0.842716179520885468E+10   -0.145616725340019968E+03
    0.264370133858116252E+00    0.542819210369337668E+00    0.842716179520885468E+10   -0.145616725340019968E+03
    0.235672794310989420E+00    0.516504030659083568E+00    0.896044967332327652E+10   -0.145607970910565768E+03
    0.235672794310989420E+00    0.516504030659083568E+00    0.896044967332327652E+10   -0.145607970910565768E+03
    0.240786580922975446E+00    0.525528369763607728E+00    0.884440257735731506E+10   -0.145599583905229679E+03
    0.271173042429555144E+00    0.461839202458801168E+00    0.833319760120545006E+10   -0.145586988956862399E+03
    0.226766251979195643E+00    0.491891347245489996E+00    0.906721199899103928E+10   -0.145580404565034627E+03
    0.221657419410323464E+00    0.454973142245240325E+00    0.918318116675580025E+10   -0.145559358590416650E+03
    0.221657419410323464E+00    0.454973142245240325E+00    0.918318116675580025E+10   -0.145559358590416650E+03
    0.225762182214862328E+00    0.456506182282607753E+00    0.914797260721800995E+10   -0.145546332109266018E+03
    0.236144537923208775E+00    0.474534242959672170E+00    0.896164563966364861E+10   -0.145507361958479578E+03
    0.229437962540898877E+00    0.526334399600841607E+00    0.906043599911373520E+10   -0.145494340888468287E+03
    0.268111153840714822E+00    0.536516993472792691E+00    0.843220387243126297E+10   -0.145493895389735655E+03
    0.268111153840714822E+00    0.536516993472792691E+00    0.843220387243126297E+10   -0.145493895389735655E+03
    0.258185919579556333E+00    0.539377641736425772E+00    0.849539835093567467E+10   -0.145481156864000553E+03
    0.245909801423948138E+00    0.526153497458413000E+00    0.871057607637759209E+10   -0.145477210870754220E+03
    0.253732207528440390E+00    0.520584219078578769E+00    0.859623420103934669E+10   -0.145467327789978867E+03
    0.253732207528440390E+00    0.520584219078578769E+00    0.859623420103934669E+10   -0.145467327789978867E+03
    0.255397748452760032E+00    0.560372535462491328E+00    0.855339404684911537E+10   -0.145412810475513822E+03
    0.289233955139471033E+00    0.527635253989220843E+00    0.806964257053172684E+10   -0.145404730247915552E+03
    0.226705590253171496E+00    0.523792458803276517E+00    0.909862838597501183E+10   -0.145398961323563555E+03
    0.236063355349215631E+00    0.540541278049992968E+00    0.887268256503001595E+10   -0.145390805551094161E+03
    0.252845552084837055E+00    0.567894565413805452E+00    0.860279700718878174E+10   -0.145336162355075146E+03
    0.233888996464582610E+00    0.547204559798924350E+00    0.893642187717486763E+10   -0.145315196648555229E+03
    0.233888996464582610E+00    0.547204559798924350E+00    0.893642187717486763E+10   -0.145315196648555229E+03
    0.218253438607521222E+00    0.495000470692257721E+00    0.929394939944685555E+10   -0.145310135122677224E+03
    0.236706877336562649E+00    0.557525564038938271E+00    0.902069490800570107E+10   -0.145302142747242215E+03
    0.236706877336562649E+00    0.557525564038938271E+00    0.902069490800570107E+10   -0.145302142747242215E+03
    0.247298549772683784E+00    0.559536860302518591E+00    0.867690345435094261E+10   -0.145282372553383823E+03
    0.247298549772683784E+00    0.559536860302518591E+00    0.867690345435094261E+10   -0.145282372553383823E+03
    0.233757153955633623E+00    0.463633399675138946E+00    0.895789921454533386E+10   -0.145281044975224916E+03
    0.244005061983712856E+00    0.576070640172938297E+00    0.883935420783640289E+10   -0.145266772077734458E+03
    0.244005061983712856E+00    0.576070640172938297E+00    0.883935420783640289E+10   -0.145266772077734458E+03
    0.262555316133373129E+00    0.507345538924095507E+00    0.844978461768165970E+10   -0.145242126277361024E+03
    0.262555316133373129E+00    0.507345538924095507E+00    0.844978461768165970E+10   -0.145242126277361024E+03
    0.233412831950966737E+00    0.499732020817098999E+00    0.897282397007240486E+10   -0.145236899030735202E+03
    0.231665987951070962E+00    0.500974233596602758E+00    0.904075229613175583E+10   -0.145232863531440898E+03
    0.231665987951070962E+00    0.500974233596602758E+00    0.904075229613175583E+10   -0.145232863531440898E+03
    0.250606453872990298E+00    0.552060364712364304E+00    0.863885599177263832E+10   -0.145231264302869761E+03
    0.250606453872990298E+00    0.552060364712364304E+00    0.863885599177263832E+10   -0.145231264302869761E+03
    0.262360951964537681E+00    0.470423592386186584E+00    0.846650029165105057E+10   -0.145223989687950734E+03
    0.262360951964537681E+00    0.470423592386186584E+00    0.846650029165105057E+10   -0.145223989687950734E+03
    0.223032236866491596E+00    0.496585291353765612E+00    0.915008522937952423E+10   -0.145217063808383614E+03
    0.245788272961654286E+00    0.544310220668752009E+00    0.876465753614033890E+10   -0.145208424281308908E+03
    0.245788272961654286E+00    0.544310220668752009E+00    0.876465753614033890E+10   -0.145208424281308908E+03
    0.240075234359226009E+00    0.487937231904840729E+00    0.891709653493650627E+10   -0.145164420843683160E+03
    0.240075234359226009E+00    0.487937231904840729E+00    0.891709653493650627E+10   -0.145164420843683160E+03
    0.221037352026547951E+00    0.479627051862244969E+00    0.922742794890334129E+10   -0.145149649239149767E+03
    0.221037352026547951E+00    0.479627051862244969E+00    0.922742794890334129E+10   -0.145149649239149767E+03
    0.249513245610580414E+00    0.564502501279591229E+00    0.866135683328875351E+10   -0.145134415666856796E+03
    0.249513245610580414E+00    0.564502501279591229E+00    0.866135683328875351E+10   -0.145134415666856796E+03
    0.269228796301693052E+00    0.524240032227210051E+00    0.840700350052999878E+10   -0.145112307055492266E+03
    0.269228796301693052E+00    0.524240032227210051E+00    0.840700350052999878E+10   -0.145112307055492266E+03
    0.231958911371226872E+00    0.563213639703706193E+00    0.901350445650939560E+10   -0.145078251651936910E+03
    0.231958911371226872E+00    0.563213639703706193E+00    0.901350445650939560E+10   -0.145078251651936910E+03
    0.258611120539439687E+00    0.546741619121240419E+00    0.857402328837668037E+10   -0.145077327229208038E+03
    0.258611120539439687E+00    0.546741619121240419E+00    0.857402328837668037E+10   -0.145077327229208038E+03
    0.249405660733472034E+00    0.562619764224612240E+00    0.867881120563727570E+10   -0.145073663982686469E+03
    0.231962063117544137E+00    0.520344349189672428E+00    0.900952265895120049E+10   -0.145069726437883617E+03
    0.241308482343945030E+00    0.530499955740928897E+00    0.894049168006682396E+10   -0.145029467372805641E+03
    0.260621054328944834E+00    0.534141568099940400E+00    0.854002797302155304E+10   -0.145028576580179816E+03
    0.260621054328944834E+00    0.534141568099940400E+00    0.854002797302155304E+10   -0.145028576580179816E+03
    0.233791358374695390E+00    0.450751239117533231E+00    0.897128632053258514E+10   -0.145008003162173793E+03
    0.233791358374695390E+00    0.450751239117533231E+00    0.897128632053258514E+10   -0.145008003162173793E+03
    0.247726559314031425E+00    0.499935698838937626E+00    0.879983071851420021E+10   -0.145004002917690855E+03
    0.261744411202857297E+00    0.587159833617524995E+00    0.846961473272249794E+10   -0.145000258653120198E+03
    0.261744411202857297E+00    0.587159833617524995E+00    0.846961473272249794E+10   -0.145000258653120198E+03
    0.251348481301422733E+00    0.564372660992571440E+00    0.865808668778794098E+10   -0.144992680120472301E+03
    0.234957527974581526E+00    0.529379137551790890E+00    0.899209528235795212E+10   -0.144987260860067693E+03
    0.258086046448346151E+00    0.601688665195815986E+00    0.854714745041984940E+10   -0.144983794563564857E+03
    0.258086046448346151E+00    0.601688665195815986E+00    0.854714745041984940E+10   -0.144983794563564857E+03
    0.250576991885992639E+00    0.539251111169310349E+00    0.865886014954154778E+10   -0.144956825312541554E+03
    0.229345508553540800E+00    0.421928711891496278E+00    0.908035625513801575E+10   -0.144955250183324409E+03
    0.239150963143351214E+00    0.524753921715392480E+00    0.899059800238387680E+10   -0.144954904599015208E+03
    0.239150963143351214E+00    0.524753921715392480E+00    0.899059800238387680E+10   -0.144954904599015208E+03
    0.264041365895268443E+00    0.598532918778978740E+00    0.841061154566722679E+10   -0.144931573432928076E+03
    0.264041365895268443E+00    0.598532918778978740E+00    0.841061154566722679E+10   -0.144931573432928076E+03
    0.257480688495124954E+00    0.584351839849887256E+00    0.854578543062819290E+10   -0.144931444601113782E+03
    0.257480688495124954E+00    0.584351839849887256E+00    0.854578543062819290E+10   -0.144931444601113782E+03
    0.238106163407689475E+00    0.521663488290801780E+00    0.888776753169514465E+10   -0.144919952849936180E+03
    0.255109526156419408E+00    0.562366673658424077E+00    0.856953431799405861E+10   -0.144898879772656784E+03
    0.237041460572391116E+00    0.479691015952418809E+00    0.891266099012350845E+10   -0.144895759479228957E+03
    0.237041460572391116E+00    0.479691015952418809E+00    0.891266099012350845E+10   -0.144895759479228957E+03
    0.241317132378188970E+00    0.528261916728760994E+00    0.884650274939219856E+10   -0.144878551328537412E+03
    0.241317132378188970E+00    0.528261916728760994E+00    0.884650274939219856E+10   -0.144878551328537412E+03
    0.230403934253219200E+00    0.472630946476925828E+00    0.904603453756408691E+10   -0.144870332846819281E+03
    0.230403934253219200E+00    0.472630946476925828E+00    0.904603453756408691E+10   -0.144870332846819281E+03
    0.237106409394262418E+00    0.371491631860280336E+00    0.887607645176347733E+10   -0.144869464783166222E+03
    0.230304554384124338E+00    0.495683265881757151E+00    0.904468165185283470E+10   -0.144851054267801715E+03
    0.230304554384124338E+00    0.495683265881757151E+00    0.904468165185283470E+10   -0.144851054267801715E+03
    0.224468378406297020E+00    0.448118720467601150E+00    0.917421186627715111E+10   -0.144846657468484494E+03
    0.229430488374939789E+00    0.505341299875357919E+00    0.907315795735829163E+10   -0.144840602687324292E+03
    0.238503498054710883E+00    0.466512964276930120E+00    0.887907988353026390E+10   -0.144811957575408371E+03
    0.238503498054710883E+00    0.466512964276930120E+00    0.887907988353026390E+10   -0.144811957575408371E+03
    0.238621451702990373E+00    0.527951290324157441E+00    0.894224366200688744E+10   -0.144799617326924078E+03
    0.238621451702990373E+00    0.527951290324157441E+00    0.894224366200688744E+10   -0.144799617326924078E+03
    0.259931816659948411E+00    0.518029713046484375E+00    0.852034912943018913E+10   -0.144795292906908827E+03
    0.236017024561775313E+00    0.476928437032198005E+00    0.896977531609519577E+10   -0.144793659650508602E+03
    0.260117636513771400E+00    0.528491156744737012E+00    0.848115877822044945E+10   -0.144785422998200715E+03
    0.235014799025358323E+00    0.516335866815458289E+00    0.892441730101290894E+10   -0.144785191915477810E+03
    0.235014799025358323E+00    0.516335866815458289E+00    0.892441730101290894E+10   -0.144785191915477810E+03
    0.245540972366663890E+00    0.496800316113343854E+00    0.882893118355351448E+10   -0.144765707089985881E+03
    0.245540972366663890E+00    0.496800316113343854E+00    0.882893118355351448E+10   -0.144765707089985881E+03
    0.260069426186611552E+00    0.497629681986786920E+00    0.851437469052815247E+10   -0.144758894846022741E+03
    0.234481567425138315E+00    0.462037204180568040E+00    0.896338311156868744E+10   -0.144743180755420497E+03
    0.226694647666102811E+00    0.515642586485324017E+00    0.910006451807513618E+10   -0.144741941970880987E+03
    0.236111022438906137E+00    0.510559255215575547E+00    0.894523196174881172E+10   -0.144728015646041626E+03
    0.228666436791860439E+00    0.493934800924193951E+00    0.907695072058848381E+10   -0.144727716474541154E+03
    0.226332105992019028E+00    0.494767809933820857E+00    0.911957265826662064E+10   -0.144721627292543246E+03
    0.226376777236475091E+00    0.503393699658751359E+00    0.912344377646036148E+10   -0.144715620464179040E+03
    0.226376777236475091E+00    0.503393699658751359E+00    0.912344377646036148E+10   -0.144715620464179040E+03
    0.232198101362305898E+00    0.458964442976251163E+00    0.901015756790139198E+10   -0.144714403879793451E+03
    0.232198101362305898E+00    0.458964442976251163E+00    0.901015756790139198E+10   -0.144714403879793451E+03
    0.254833869394912427E+00    0.509021856635797576E+00    0.862193201636299706E+10   -0.144708752825118836E+03
    0.254833869394912427E+00    0.509021856635797576E+00    0.862193201636299706E+10   -0.144708752825118836E+03
    0.256615343986727029E+00    0.541561983139889236E+00    0.856662981658310509E+10   -0.144702776348366740E+03
    0.245992945505861094E+00    0.549366724040954324E+00    0.879076849844497490E+10   -0.144694433399975793E+03
    0.237508032533584712E+00    0.481086195616180490E+00    0.891907863018872833E+10   -0.144681593672605203E+03
    0.265123633502155565E+00    0.486025620174640238E+00    0.845110234824799156E+10   -0.144677355551318811E+03
    0.265123633502155565E+00    0.486025620174640238E+00    0.845110234824799156E+10   -0.144677355551318811E+03
    0.289229175443967035E+00    0.532304756518435340E+00    0.814588760841112328E+10   -0.144674154180675743E+03
    0.289229175443967035E+00    0.532304756518435340E+00    0.814588760841112328E+10   -0.144674154180675743E+03
    0.250486930691074472E+00    0.557184231676629338E+00    0.868987814051849365E+10   -0.144657596499245585E+03
    0.250486930691074472E+00    0.557184231676629338E+00    0.868987814051849365E+10   -0.144657596499245585E+03
    0.237304388376819164E+00    0.524358864351272658E+00    0.898842600197838593E+10   -0.144655268118908225E+03
    0.258979628401673656E+00    0.528279660159290287E+00    0.851366803497582054E+10   -0.144639960978393020E+03
    0.268792609405325733E+00    0.563831866282047400E+00    0.838978680085044670E+10   -0.144637284675846360E+03
    0.253827890562136393E+00    0.499278167631327818E+00    0.865881715015070724E+10   -0.144636227661419923E+03
    0.253827890562136393E+00    0.499278167631327818E+00    0.865881715015070724E+10   -0.144636227661419923E+03
    0.226701850822440487E+00    0.518888764097622968E+00    0.913623093424578285E+10   -0.144609911574573914E+03
    0.226701850822440487E+00    0.518888764097622968E+00    0.913623093424578285E+10   -0.144609911574573914E+03
    0.234547759138136969E+00    0.550699860256578688E+00    0.897288110780553055E+10   -0.144607744954284641E+03
    0.234547759138136969E+00    0.550699860256578688E+00    0.897288110780553055E+10   -0.144607744954284641E+03
    0.235978223061240056E+00    0.473619543297743917E+00    0.891426283630876732E+10   -0.144593553394898919E+03
    0.235978223061240056E+00    0.473619543297743917E+00    0.891426283630876732E+10   -0.144593553394898919E+03
    0.234582918070962043E+00    0.504442934835232393E+00    0.897014899735800362E+10   -0.144586282783339811E+03
    0.234582918070962043E+00    0.504442934835232393E+00    0.897014899735800362E+10   -0.144586282783339811E+03
    0.233187769535719236E+00    0.562079954836216089E+00    0.901528096239337730E+10   -0.144585680456839441E+03
    0.229865273555460936E+00    0.501433934402182757E+00    0.907939451044924545E+10   -0.144581658639054268E+03
    0.229865273555460936E+00    0.501433934402182757E+00    0.907939451044924545E+10   -0.144581658639054268E+03
    0.242557777775435135E+00    0.603558953014752930E+00    0.879948440681388664E+10   -0.144581340732677177E+03
    0.239641485938651533E+00    0.523798842379481044E+00    0.889529543607874870E+10   -0.144573793722896937E+03
    0.228175242063727413E+00    0.450649124423055270E+00    0.907309072788317871E+10   -0.144564709754656803E+03
    0.228175242063727413E+00    0.450649124423055270E+00    0.907309072788317871E+10   -0.144564709754656803E+03
    0.235809588214423549E+00    0.564345616961217544E+00    0.896772305343117714E+10   -0.144560904804079570E+03
    0.258190912096283920E+00    0.546926208124126845E+00    0.855252096534919357E+10   -0.144560760780007683E+03
    0.258190912096283920E+00    0.546926208124126845E+00    0.855252096534919357E+10   -0.144560760780007683E+03
    0.235866588013787237E+00    0.413343276800517856E+00    0.892314907338520432E+10   -0.144551268602700816E+03
    0.244603412985487156E+00    0.545627511102724227E+00    0.880060065475617027E+10   -0.144544371070167642E+03
    0.237928318804786265E+00    0.435107302005546259E+00    0.887153341543103409E+10   -0.144539734414147063E+03
    0.237928318804786265E+00    0.435107302005546259E+00    0.887153341543103409E+10   -0.144539734414147063E+03
    0.231001422746522356E+00    0.528785783096619610E+00    0.907680471448749352E+10   -0.144532906617819890E+03
    0.231001422746522356E+00    0.528785783096619610E+00    0.907680471448749352E+10   -0.144532906617819890E+03
    0.231312644434130799E+00    0.522232586099899976E+00    0.907372286608041191E+10   -0.144514064082020383E+03
    0.230047274987963735E+00    0.522091307361144175E+00    0.904899913038097191E+10   -0.144499843395902303E+03
    0.233874471851698962E+00    0.450482146579529896E+00    0.894430661714733887E+10   -0.144479440290767656E+03
    0.237365126069715993E+00    0.536700805025002836E+00    0.890247191614739990E+10   -0.144477557748844617E+03
    0.237365126069715993E+00    0.536700805025002836E+00    0.890247191614739990E+10   -0.144477557748844617E+03
    0.233800255242411492E+00    0.524713853301747690E+00    0.903426292285810471E+10   -0.144475044099276488E+03
    0.239769745094116027E+00    0.593826769901042439E+00    0.883244187227947807E+10   -0.144458615632711059E+03
    0.252250246369916331E+00    0.543482405346665587E+00    0.862329419610221100E+10   -0.144457986028538642E+03
    0.252250246369916331E+00    0.543482405346665587E+00    0.862329419610221100E+10   -0.144457986028538642E+03
    0.237910180669390015E+00    0.543795846585572562E+00    0.888312626552658463E+10   -0.144445190734782102E+03
    0.237910180669390015E+00    0.543795846585572562E+00    0.888312626552658463E+10   -0.144445190734782102E+03
    0.264898508013292733E+00    0.526612953832204411E+00    0.846374925513240623E+10   -0.144440117878168053E+03
    0.237088811996231497E+00    0.404744743567723830E+00    0.890258979203617477E+10   -0.144431624863291489E+03
    0.237088811996231497E+00    0.404744743567723830E+00    0.890258979203617477E+10   -0.144431624863291489E+03
    0.229133303717876324E+00    0.498161720028484467E+00    0.906106116448256302E+10   -0.144395474415394261E+03
    0.229133303717876324E+00    0.498161720028484467E+00    0.906106116448256302E+10   -0.144395474415394261E+03
    0.257974808418627743E+00    0.571424962003938219E+00    0.855376234915594864E+10   -0.144394034073602000E+03
    0.243228390485025703E+00    0.583412621086180749E+00    0.879521572352426147E+10   -0.144390909309121099E+03
    0.243228390485025703E+00    0.583412621086180749E+00    0.879521572352426147E+10   -0.144390909309121099E+03
    0.227026908728675481E+00    0.508489638523400345E+00    0.911382447174070168E+10   -0.144382690539504239E+03
    0.256946531467654227E+00    0.555291650223178834E+00    0.857700450444534683E+10   -0.144362785203285455E+03
    0.256946531467654227E+00    0.555291650223178834E+00    0.857700450444534683E+10   -0.144362785203285455E+03
    0.232726834937912630E+00    0.496554448390742920E+00    0.898260028504217911E+10   -0.144358400714733165E+03
    0.232726834937912630E+00    0.496554448390742920E+00    0.898260028504217911E+10   -0.144358400714733165E+03
    0.228193718618297736E+00    0.474387963513102306E+00    0.907691225137195587E+10   -0.144348501788714941E+03
    0.244064274260472835E+00    0.574523514687179215E+00    0.881221384962288284E+10   -0.144336776947447561E+03
    0.244064274260472835E+00    0.574523514687179215E+00    0.881221384962288284E+10   -0.144336776947447561E+03
    0.231663525956650074E+00    0.474682013140647285E+00    0.905966110048760605E+10   -0.144332595261838634E+03
    0.231663525956650074E+00    0.474682013140647285E+00    0.905966110048760605E+10   -0.144332595261838634E+03
    0.270099467289440343E+00    0.529334194013832970E+00    0.837805601637162590E+10   -0.144330298304532818E+03
    0.259328585756986696E+00    0.547649865355426257E+00    0.854207862123526764E+10   -0.144320100238762251E+03
    0.230962465994103194E+00    0.457229725985744295E+00    0.902767937437980652E+10   -0.144318197612999455E+03
    0.259581829738152192E+00    0.537989547711479332E+00    0.851155706201420021E+10   -0.144303752018104376E+03
    0.226337262466386746E+00    0.513444407580385231E+00    0.914179970998526382E+10   -0.144303644038844510E+03
    0.226337262466386746E+00    0.513444407580385231E+00    0.914179970998526382E+10   -0.144303644038844510E+03
    0.239447049361845021E+00    0.549388263297876378E+00    0.885656316657855415E+10   -0.144296174064583681E+03
    0.239447049361845021E+00    0.549388263297876378E+00    0.885656316657855415E+10   -0.144296174064583681E+03
    0.235594972960613824E+00    0.390605500813760997E+00    0.893642258550819206E+10   -0.144279109362954785E+03
    0.236854924239325082E+00    0.490149311329123094E+00    0.892702951749341583E+10   -0.144278287878142180E+03
    0.247146035787133234E+00    0.497821296230414490E+00    0.879309077060246658E+10   -0.144267571091706003E+03
    0.235710719434249760E+00    0.490653682196919405E+00    0.894093704718229485E+10   -0.144243227891338933E+03
    0.240231828394940727E+00    0.477804561353252666E+00    0.887738889959569550E+10   -0.144226614353809907E+03
    0.230147466653302157E+00    0.526845510086177526E+00    0.903761799144160271E+10   -0.144221638243779097E+03
    0.230147466653302157E+00    0.526845510086177526E+00    0.903761799144160271E+10   -0.144221638243779097E+03
    0.237123386932753200E+00    0.548622772480216625E+00    0.897403205491748047E+10   -0.144207564210293640E+03
    0.237123386932753200E+00    0.548622772480216625E+00    0.897403205491748047E+10   -0.144207564210293640E+03
    0.238453958778662323E+00    0.411932879023114040E+00    0.886755942240661049E+10   -0.144200334731036747E+03
    0.238453958778662323E+00    0.411932879023114040E+00    0.886755942240661049E+10   -0.144200334731036747E+03
    0.263641624533175911E+00    0.584141270521174150E+00    0.843332459304150200E+10   -0.144188834533989763E+03
    0.263641624533175911E+00    0.584141270521174150E+00    0.843332459304150200E+10   -0.144188834533989763E+03
    0.240078355999448600E+00    0.491243200467309293E+00    0.889227270177837944E+10   -0.144187952769921992E+03
    0.236415792256725987E+00    0.560907187802687446E+00    0.893322189157029915E+10   -0.144184562265700777E+03
    0.264792185048205120E+00    0.513685197984756314E+00    0.846066465573696709E+10   -0.144168604073222241E+03
    0.269042740838717542E+00    0.585568235363103540E+00    0.836347397008900642E+10   -0.144160367358975833E+03
    0.269042740838717542E+00    0.585568235363103540E+00    0.836347397008900642E+10   -0.144160367358975833E+03
    0.240245752988548777E+00    0.327425258193658308E+00    0.885167539852941322E+10   -0.144158842541278887E+03
    0.234702673217219382E+00    0.551017663538111435E+00    0.896357003843887520E+10   -0.144152065293120074E+03
    0.234702673217219382E+00    0.551017663538111435E+00    0.896357003843887520E+10   -0.144152065293120074E+03
    0.244732006805757296E+00    0.573983486347998451E+00    0.881265066942161942E+10   -0.144148002527288668E+03
    0.237369727743157788E+00    0.412334389280328395E+00    0.889133490742807388E+10   -0.144144864240349364E+03
    0.243871662041645731E+00    0.543308469572409081E+00    0.879600178298682404E+10   -0.144137153067394394E+03
    0.229070817873631372E+00    0.497752538554024682E+00    0.909485229224183846E+10   -0.144136450813734967E+03
    0.229070817873631372E+00    0.497752538554024682E+00    0.909485229224183846E+10   -0.144136450813734967E+03
    0.257911918734870294E+00    0.542198241180066987E+00    0.855079446434513855E+10   -0.144128692076364786E+03
    0.231341910218896107E+00    0.524532900757758824E+00    0.904772570267045021E+10   -0.144125781947929340E+03
    0.248551303968341242E+00    0.501751745367970514E+00    0.877132997301811790E+10   -0.144113054204056908E+03
    0.248551303968341242E+00    0.501751745367970514E+00    0.877132997301811790E+10   -0.144113054204056908E+03
    0.226658019141196376E+00    0.441749875906305434E+00    0.912963272902934456E+10   -0.144109790093082893E+03
    0.226658019141196376E+00    0.441749875906305434E+00    0.912963272902934456E+10   -0.144109790093082893E+03
    0.244706828689292277E+00    0.542607988332889590E+00    0.878937558527658272E+10   -0.144091671033692364E+03
    0.287120745073492389E+00    0.538622125492052461E+00    0.814961040798567009E+10   -0.144089427025463891E+03
    0.287120745073492389E+00    0.538622125492052461E+00    0.814961040798567009E+10   -0.144089427025463891E+03
    0.245739611064994645E+00    0.510859624369297549E+00    0.878369607714105034E+10   -0.144066440539727608E+03
    0.259471328900548970E+00    0.552493928643366772E+00    0.854659857981733322E+10   -0.144060689059080005E+03
    0.259471328900548970E+00    0.552493928643366772E+00    0.854659857981733322E+10   -0.144060689059080005E+03
    0.241403344976151346E+00    0.512214413584295869E+00    0.884098633068357849E+10   -0.144060411206559849E+03
    0.269404867271195891E+00    0.493157253286891972E+00    0.837000114782358360E+10   -0.144048261748902519E+03
    0.243122868330860442E+00    0.505524849987287084E+00    0.882950748433210945E+10   -0.144045098648143124E+03
    0.243986520522136152E+00    0.527598503259556040E+00    0.879456080827619171E+10   -0.144033333382250333E+03
    0.241562042788343700E+00    0.513465080307886623E+00    0.891057945847410583E+10   -0.144024116697259956E+03
    0.227972449679903155E+00    0.507371786138806513E+00    0.912595106462058067E+10   -0.144019620352879940E+03
    0.227972449679903155E+00    0.507371786138806513E+00    0.912595106462058067E+10   -0.144019620352879940E+03
    0.249668296198947315E+00    0.557455337922725391E+00    0.867038109197675133E+10   -0.144018527230678558E+03
    0.263827696574644055E+00    0.483167836731526634E+00    0.846702540768825150E+10   -0.144006122418123795E+03
    0.250286030498430290E+00    0.558177907899679582E+00    0.867428966626940727E+10   -0.144001472832909087E+03
    0.250286030498430290E+00    0.558177907899679582E+00    0.867428966626940727E+10   -0.144001472832909087E+03
    0.238081707952630839E+00    0.540867454154112082E+00    0.892094052174018669E+10   -0.143998896542315293E+03
    0.236252188779933925E+00    0.518547747732242215E+00    0.892645381526989365E+10   -0.143991909001112333E+03
    0.258609309393726117E+00    0.530503412506270422E+00    0.852257756832551193E+10   -0.143986189716364237E+03
    0.268275514143299254E+00    0.522189794264962259E+00    0.842873850555486298E+10   -0.143982440188667852E+03
    0.259006530657406586E+00    0.576003983694612032E+00    0.854876543941708183E+10   -0.143974079947138165E+03
    0.232569027480689472E+00    0.508051490083145652E+00    0.902373983393263817E+10   -0.143969543415754401E+03
    0.237218593521804522E+00    0.546302894416415441E+00    0.890285279649505997E+10   -0.143967465980270248E+03
    0.266708150821408640E+00    0.531907780148292986E+00    0.844506367094811058E+10   -0.143964770917472805E+03
    0.266708150821408640E+00    0.531907780148292986E+00    0.844506367094811058E+10   -0.143964770917472805E+03
    0.236378654327462023E+00    0.536313633704004644E+00    0.895365193819465828E+10   -0.143961924506011258E+03
    0.235935380150922303E+00    0.532006792863501943E+00    0.896443420417105675E+10   -0.143953448051968167E+03
    0.259228731615626762E+00    0.484028516317362545E+00    0.850666797376158524E+10   -0.143944371404016408E+03
    0.238174671562970397E+00    0.520792628404018743E+00    0.893537086341875458E+10   -0.143935516613694574E+03
    0.238174671562970397E+00    0.520792628404018743E+00    0.893537086341875458E+10   -0.143935516613694574E+03
    0.233738617406603011E+00    0.513811913252816055E+00    0.899796647978630829E+10   -0.143932267917774197E+03
    0.233738617406603011E+00    0.513811913252816055E+00    0.899796647978630829E+10   -0.143932267917774197E+03
    0.230214351229574010E+00    0.512239614464604642E+00    0.904758171781423187E+10   -0.143931889500688271E+03
    0.230214351229574010E+00    0.512239614464604642E+00    0.904758171781423187E+10   -0.143931889500688271E+03
    0.230933104640476616E+00    0.457527944980085977E+00    0.903840614588242531E+10   -0.143928186167952333E+03
    0.271694690210938894E+00    0.474904590249870751E+00    0.835140125521596909E+10   -0.143927878874567114E+03
    0.233929459608801571E+00    0.507047013750458575E+00    0.901027231080747795E+10   -0.143927088170014400E+03
    0.233640224129317842E+00    0.464858195930906604E+00    0.900568602771216393E+10   -0.143925065344720394E+03
    0.233170041445101783E+00    0.523928440198886847E+00    0.898455641406688690E+10   -0.143922307366962684E+03
    0.237940937759565152E+00    0.512338841333303208E+00    0.889550522940637207E+10   -0.143889261318107344E+03
    0.240865587376655366E+00    0.503341955247506689E+00    0.884517422680644989E+10   -0.143889158127280837E+03
    0.237817020409001878E+00    0.498195177525847299E+00    0.891858118399042702E+10   -0.143887852651262250E+03
    0.266594845206073405E+00    0.558790524560624391E+00    0.844010295293019485E+10   -0.143871795303733109E+03
    0.266594845206073405E+00    0.558790524560624391E+00    0.844010295293019485E+10   -0.143871795303733109E+03
    0.242717566647838889E+00    0.582699362664538256E+00    0.880610302378926468E+10   -0.143866416263539520E+03
    0.242717566647838889E+00    0.582699362664538256E+00    0.880610302378926468E+10   -0.143866416263539520E+03
    0.236015711470264788E+00    0.478135982238836021E+00    0.893920547122662926E+10   -0.143855287543330064E+03
    0.238083928652160270E+00    0.489451293097298290E+00    0.890812108203513145E+10   -0.143846843891165321E+03
    0.238083928652160270E+00    0.489451293097298290E+00    0.890812108203513145E+10   -0.143846843891165321E+03
    0.243517288135523369E+00    0.528297291324406615E+00    0.880777109933529282E+10   -0.143846212219966304E+03
    0.238413720997044942E+00    0.545092076725918417E+00    0.891787343456943130E+10   -0.143842402405902220E+03
    0.231337696600856124E+00    0.463916172695924445E+00    0.902636665593204308E+10   -0.143836312728813994E+03
    0.266765607630492840E+00    0.511694000077213218E+00    0.845113308426921844E+10   -0.143834083714978703E+03
    0.259726397006109722E+00    0.557159163200395824E+00    0.855794544765848351E+10   -0.143831613917226605E+03
    0.236004876302672140E+00    0.521568010317817965E+00    0.897685483290830421E+10   -0.143821513046046533E+03
    0.234933090889602070E+00    0.518468428747116405E+00    0.894134840925292778E+10   -0.143821368609460961E+03
    0.235962512974396188E+00    0.532717747482694293E+00    0.897085735395389175E+10   -0.143790634235260626E+03
    0.234158676555636935E+00    0.515023749719043522E+00    0.897647750648873711E+10   -0.143790620633340239E+03
    0.236994429389778494E+00    0.503638716422576849E+00    0.892482493041839981E+10   -0.143785026746144183E+03
    0.234010425005117262E+00    0.539499409577972600E+00    0.900799030146485901E+10   -0.143781021791927259E+03
    0.241866200531286712E+00    0.545972197797670589E+00    0.885174885484870911E+10   -0.143778582967577620E+03
    0.239963527039104618E+00    0.525971166218635489E+00    0.886837132690880775E+10   -0.143772310624799587E+03
    0.242505870368229792E+00    0.533845898769625293E+00    0.879915208619033623E+10   -0.143767624183024139E+03
    0.259403146313999966E+00    0.534034783190687534E+00    0.856114412529396439E+10   -0.143764194503037231E+03
    0.260085139499358076E+00    0.490623268668313628E+00    0.853212335095875549E+10   -0.143746218993577031E+03
    0.237962863995588914E+00    0.540246614621448629E+00    0.895397917929967690E+10   -0.143736225388191997E+03
    0.245672754522955783E+00    0.480552704747402970E+00    0.880939422768959618E+10   -0.143723478897781405E+03
    0.240035187608194589E+00    0.493415790579703639E+00    0.885328166501933289E+10   -0.143720556825650561E+03
    0.243426377176750031E+00    0.585430319674387079E+00    0.883027802119888687E+10   -0.143715323891069147E+03
    0.243265217641488229E+00    0.532123112386365449E+00    0.881762533600525284E+10   -0.143711092852964526E+03
    0.261041853423444992E+00    0.503639502274165096E+00    0.849951422055306816E+10   -0.143710784326699468E+03
    0.237743320913389455E+00    0.517645541547995691E+00    0.892016708689433289E+10   -0.143697226961892596E+03
    0.245776370274183475E+00    0.505492022775829497E+00    0.878982349917145920E+10   -0.143682520521040715E+03
    0.236081634413279451E+00    0.524054040845975067E+00    0.892819925847749519E+10   -0.143665279780229810E+03
    0.241091605743640525E+00    0.517966707127307302E+00    0.886663178161150551E+10   -0.143663375691443036E+03
    0.237981261005096034E+00    0.554351920257436959E+00    0.893628510951382256E+10   -0.143658557197469520E+03
    0.234258107700367757E+00    0.533786201582211461E+00    0.897185520569909859E+10   -0.143651807590253412E+03
    0.238051413005821555E+00    0.487716717787371579E+00    0.892627569909830093E+10   -0.143651245790020852E+03
    0.238637091749352492E+00    0.487442118203993857E+00    0.890226043112276649E+10   -0.143649357376677813E+03
    0.268454003735327740E+00    0.541461531325499124E+00    0.842451926423506927E+10   -0.143644866282028715E+03
    0.235723079284049009E+00    0.508559567449990979E+00    0.895653695390534210E+10   -0.143643506511103851E+03
    0.270353354961924752E+00    0.484980063610876755E+00    0.836720517487551308E+10   -0.143642517930330399E+03
    0.242497225752213386E+00    0.514068137976376960E+00    0.882798160482181168E+10   -0.143630440327029703E+03
    0.237665934084822394E+00    0.511737121040138021E+00    0.892875955456433296E+10   -0.143629920158384181E+03
    0.241552852041614141E+00    0.517847936546607102E+00    0.888014322711357689E+10   -0.143627813089417657E+03
    0.241828775597062340E+00    0.558581695332172501E+00    0.883861070277506828E+10   -0.143617590577843174E+03
    0.236526260148966494E+00    0.491448495399215091E+00    0.893572434503591347E+10   -0.143615590172294731E+03
    0.232976322063415897E+00    0.537553595330432898E+00    0.904204320219558334E+10   -0.143602626421954312E+03
    0.273647881288773376E+00    0.538415688066489651E+00    0.837442570637828064E+10   -0.143596267653431397E+03
    0.266089645703184718E+00    0.527202115665041049E+00    0.845813782844650650E+10   -0.143593495936189868E+03
    0.239132324785636341E+00    0.546172951530309092E+00    0.890254757928099442E+10   -0.143589868194899708E+03
    0.239408577759346319E+00    0.501230585116962502E+00    0.886562325604076195E+10   -0.143580929885974427E+03
    0.237633904053113187E+00    0.543140010342810342E+00    0.895517546968586922E+10   -0.143557837358613625E+03
    0.256543278646205630E+00    0.556494146478542007E+00    0.856455176882179832E+10   -0.143557544308445557E+03
    0.244502373071221968E+00    0.510035679540054687E+00    0.881022283166737366E+10   -0.143556554258376366E+03
    0.263118989685848736E+00    0.484544688926057177E+00    0.849045900688694763E+10   -0.143554997435280740E+03
    0.242086569146649722E+00    0.508280054640890100E+00    0.881453417037896919E+10   -0.143550930714191395E+03
    0.238285194998757721E+00    0.486035528711589393E+00    0.892137809648570442E+10   -0.143550602041615633E+03
    0.266404839780695624E+00    0.507906660293414802E+00    0.845763334534599495E+10   -0.143544502201977906E+03
    0.291890309251538860E+00    0.522727145218709666E+00    0.808806857624346161E+10   -0.143542733025000700E+03
    0.257355874997154954E+00    0.519072245382957931E+00    0.855312399049244690E+10   -0.143537571329655833E+03
    0.269110770724730608E+00    0.475636100106747506E+00    0.840745952197595978E+10   -0.143533459983416520E+03
    0.242804388799981063E+00    0.580228082443944970E+00    0.881243768992254639E+10   -0.143524736759737493E+03
    0.238338828392816060E+00    0.538262568888260517E+00    0.892326630469430161E+10   -0.143518321945756753E+03
    0.237964050234946933E+00    0.480425734102581714E+00    0.891101111033011818E+10   -0.143507437512676233E+03
    0.244866463440298165E+00    0.514396313905194802E+00    0.880611629665046310E+10   -0.143500947337425259E+03
    0.240232977141200787E+00    0.507287570067793681E+00    0.886970466854153824E+10   -0.143500436171709964E+03
    0.262229868876641070E+00    0.546037613717842873E+00    0.853218966772148895E+10   -0.143499238441309643E+03
    0.252766783594252642E+00    0.571797113961524772E+00    0.865250138588879585E+10   -0.143499031560422225E+03
    0.262716439631727694E+00    0.587930861507494740E+00    0.847378169082215881E+10   -0.143492303800974412E+03
    0.261405120601902186E+00    0.494131486876019821E+00    0.847514772153284073E+10   -0.143491975432975266E+03
    0.239281954115719619E+00    0.509993103886685617E+00    0.888182657958799553E+10   -0.143487928185449221E+03
    0.239890333434701619E+00    0.523758137904433596E+00    0.889319479937869263E+10   -0.143483945676883422E+03
    0.240793744982864599E+00    0.509236026219262783E+00    0.887075454131593895E+10   -0.143481238223894422E+03
    0.240748685646401228E+00    0.530952750922315531E+00    0.884056996047252846E+10   -0.143472359917152176E+03
    0.237972756861805301E+00    0.498059299722994453E+00    0.890369830132847786E+10   -0.143471417019071851E+03
    0.241843828531499605E+00    0.495453010378771097E+00    0.884612482457519150E+10   -0.143466678957539330E+03
    0.239385249512533926E+00    0.540535338640575347E+00    0.894806240717416191E+10   -0.143446780569962556E+03
    0.263676808907321092E+00    0.492865059912666936E+00    0.845139744909326553E+10   -0.143441478774386212E+03
    0.239684935172191194E+00    0.527941419000235612E+00    0.888847113799307060E+10   -0.143436008079227577E+03
    0.238828035185164211E+00    0.523798232460801927E+00    0.889241825871212006E+10   -0.143430278768861456E+03
    0.238544243015887170E+00    0.552358942121752960E+00    0.893279503745933342E+10   -0.143416114402177413E+03
    0.238243010548669309E+00    0.512753837871047224E+00    0.890822584903881454E+10   -0.143414985388337413E+03
    0.232852363202299684E+00    0.526560310676813970E+00    0.901449838470588875E+10   -0.143409948795418131E+03
    0.238984696773058336E+00    0.535860649789313470E+00    0.892455713755664062E+10   -0.143387323321470120E+03
    0.262750946320588430E+00    0.516851963675723169E+00    0.849354374571894836E+10   -0.143383116183766447E+03
    0.245333814560620533E+00    0.580367252065867589E+00    0.882217758649293709E+10   -0.143382424490333733E+03
    0.238568387530298964E+00    0.545957141928795409E+00    0.891872505016480255E+10   -0.143380834284563377E+03
    0.235777918592520286E+00    0.490762536686503381E+00    0.896690222146210289E+10   -0.143378442811717974E+03
    0.242030830257810359E+00    0.506603127343002058E+00    0.883085810934975433E+10   -0.143377117529571507E+03
    0.240972019103543933E+00    0.519583815351934319E+00    0.885599098949072838E+10   -0.143375328717275693E+03
    0.254423143263188545E+00    0.559466036805787326E+00    0.860047424671755791E+10   -0.143358348863638753E+03
    0.255409788788493186E+00    0.565212486994601804E+00    0.860699277898553085E+10   -0.143355546344276064E+03
    0.238615742355119287E+00    0.546588802098513682E+00    0.894100284390931511E+10   -0.143338559793704803E+03
    0.261712093929031997E+00    0.592937864631108980E+00    0.849595172022756767E+10   -0.143328200994884980E+03
    0.256339197589736167E+00    0.555902243099076543E+00    0.857621228297857857E+10   -0.143320190637804274E+03
    0.261812920505256397E+00    0.490753483441011440E+00    0.848168500049293137E+10   -0.143313769180006403E+03
    0.236068022344671835E+00    0.484573229792601978E+00    0.895627273742124939E+10   -0.143313254736647963E+03
    0.245514978104593939E+00    0.492171871826105445E+00    0.881995582898930931E+10   -0.143306816659949789E+03
    0.255768099688967354E+00    0.560472588365099611E+00    0.859685597286522865E+10   -0.143305713933319396E+03
    0.241157256852777946E+00    0.519781828104829202E+00    0.887733551664422607E+10   -0.143300698729872011E+03
    0.262388270660279643E+00    0.576327697877708545E+00    0.849867277533061409E+10   -0.143271107805303529E+03
    0.243910017922502886E+00    0.514232520216321376E+00    0.881984824606969452E+10   -0.143262127588756073E+03
    0.239873681962223417E+00    0.546093745497394423E+00    0.891303096754613876E+10   -0.143259666886390193E+03
    0.241223613858303598E+00    0.555789522198303132E+00    0.886399279590881538E+10   -0.143255709601196372E+03
    0.240830032769114188E+00    0.502820419792671558E+00    0.884620763202108192E+10   -0.143249140804944773E+03
    0.239782841739293318E+00    0.560983087686700799E+00    0.889270539949533463E+10   -0.143245204336862599E+03
    0.241655113296956159E+00    0.507529595889542051E+00    0.882946114806541061E+10   -0.143235769715367866E+03
    0.244126928554406208E+00    0.513413452040822449E+00    0.881883106780591393E+10   -0.143229228056506258E+03
    0.259062012040917222E+00    0.552491253968236506E+00    0.855272732259774780E+10   -0.143229131411485639E+03
    0.245595530438947773E+00    0.502303183442565526E+00    0.880531595567027473E+10   -0.143226500501548628E+03
    0.239675215453493851E+00    0.556090075845091292E+00    0.888213153250744820E+10   -0.143222939573952033E+03
    0.263989929723619843E+00    0.489273110207236073E+00    0.846856306036538506E+10   -0.143219407091631581E+03
    0.242503968544022563E+00    0.494182827430581284E+00    0.885596806868880081E+10   -0.143213604199574377E+03
    0.239987689659324210E+00    0.503219973125419884E+00    0.886486133880998993E+10   -0.143198412121931256E+03
    0.255999000815095967E+00    0.553763086971734708E+00    0.856991066794520760E+10   -0.143179669136711141E+03
    0.238850330383490184E+00    0.509843494958268195E+00    0.888987047078237343E+10   -0.143177169728360809E+03
    0.264763876524636788E+00    0.493447708345023273E+00    0.846512160180839539E+10   -0.143176636421506515E+03
    0.252790040219303125E+00    0.578752546186722228E+00    0.866828969835121155E+10   -0.143172945787311590E+03
    0.241314724420098048E+00    0.503050980852716378E+00    0.885135682021161079E+10   -0.143167873691990224E+03
    0.237930028673277283E+00    0.557133340896026397E+00    0.892109418330187035E+10   -0.143166738608440539E+03
    0.244726194097428462E+00    0.513125097628959637E+00    0.880408511759634781E+10   -0.143155044092740411E+03
    0.240210352366359792E+00    0.517408944484433420E+00    0.886067278176451492E+10   -0.143142600863544942E+03
    0.268943125856808019E+00    0.485246401514704218E+00    0.838402787005826378E+10   -0.143129009084148805E+03
    0.267945021363586333E+00    0.549968470288877853E+00    0.845475926247645569E+10   -0.143128957225235865E+03
    0.238017873120748513E+00    0.541974047394887748E+00    0.893383681018235397E+10   -0.143117354047774171E+03
    0.243338842348324258E+00    0.532580269963535358E+00    0.883206184806367493E+10   -0.143116288746852888E+03
    0.255288385782140304E+00    0.560180951122832838E+00    0.859797787194110489E+10   -0.143106409108253757E+03
    0.237277925885442553E+00    0.548888480693774383E+00    0.897778398689307976E+10   -0.143081553791235393E+03
    0.264297290967878684E+00    0.492618102897342425E+00    0.847518999971124649E+10   -0.143075333607719188E+03
    0.241229511946250308E+00    0.546485417303159693E+00    0.886589632481269836E+10   -0.143054670146530441E+03
    0.260299887554196585E+00    0.576004009044172705E+00    0.852349281064718628E+10   -0.143050921946996823E+03
    0.241805439020839119E+00    0.556295085861005845E+00    0.885456034613985443E+10   -0.143040581871346149E+03
    0.257665488861787473E+00    0.555756647842823526E+00    0.856234830492995262E+10   -0.143039019517420911E+03
    0.238895348947504138E+00    0.506208031001351699E+00    0.889620667000996780E+10   -0.143031236875839539E+03
    0.252665942242501051E+00    0.570829809860677884E+00    0.868006254875344658E+10   -0.143027532642818244E+03
    0.245733645066239959E+00    0.514786474773885061E+00    0.880658088475368690E+10   -0.143016934237581950E+03
    0.257868202450497186E+00    0.553266209886437821E+00    0.854747342271897507E+10   -0.142997994646435473E+03
    0.267919268177862213E+00    0.483657372343458292E+00    0.841050089587075615E+10   -0.142996620524330154E+03
    0.241197755722536100E+00    0.544443951037546725E+00    0.885088103668075371E+10   -0.142981317419628510E+03
    0.266462260420581354E+00    0.558327813366826575E+00    0.845177435827024078E+10   -0.142972103841126540E+03
    0.258684432524471597E+00    0.553900792259451435E+00    0.857975111976647758E+10   -0.142939870487815710E+03
    0.238579856297368276E+00    0.561480966872043297E+00    0.892764198188745499E+10   -0.142922733829813922E+03
    0.238109623218650923E+00    0.559110743612883709E+00    0.893555328026240730E+10   -0.142915421623405678E+03
    0.240656043754360671E+00    0.558684817774535603E+00    0.887425898525827026E+10   -0.142906375884875956E+03
    0.240613876121316239E+00    0.553530974100276296E+00    0.887399588765378189E+10   -0.142888557132096537E+03
    0.260715379958383286E+00    0.581426313347852997E+00    0.850985059076113701E+10   -0.142884314810614455E+03
    0.244514139933766805E+00    0.524919117491320364E+00    0.882236906859041405E+10   -0.142882456871179670E+03
    0.242914404724669353E+00    0.514831428519544332E+00    0.881798800637856293E+10   -0.142859873102632264E+03
    0.238008200406229109E+00    0.543460353563887111E+00    0.894296539078503418E+10   -0.142849774407790790E+03
    0.246211699028812125E+00    0.508268681019234947E+00    0.878698773418953133E+10   -0.142845412937748279E+03
    0.241634000314919495E+00    0.524630726049162277E+00    0.885143825549948883E+10   -0.142843714868985245E+03
    0.243937610366557645E+00    0.583536722884648640E+00    0.882256620156750488E+10   -0.142555466532895821E+03
    0.254003299947794525E+00    0.567501782777931396E+00    0.862998729920336342E+10   -0.142830060615070778E+03
    0.252580652777962988E+00    0.576533110369037871E+00    0.866732341099665260E+10   -0.142576491152057486E+03
    0.253676444466932327E+00    0.568839450867999474E+00    0.863984299482147789E+10   -0.142534526752338309E+03
    0.254171799334582837E+00    0.578785736758298697E+00    0.864070294289492035E+10   -0.142346807867725232E+03
    0.253051463445871094E+00    0.575451685860087991E+00    0.865869548276637077E+10   -0.142449187720208784E+03
    0.256811339126257032E+00    0.559488478288130864E+00    0.860118095924191475E+10   -0.142363555757076654E+03
    0.255995604968590085E+00    0.561288218448485310E+00    0.860024436323834991E+10   -0.142160689862313035E+03
    0.256993009660483995E+00    0.553932851294039352E+00    0.858187187932469940E+10   -0.142273616673908577E+03
    0.257246439313524811E+00    0.553408746191548673E+00    0.858098624022432899E+10   -0.142819815998196617E+03
    0.257236735689012730E+00    0.559265058089424727E+00    0.859741414541283226E+10   -0.142770021703744902E+03
    0.258932045011732226E+00    0.552320736873628704E+00    0.857772128733565331E+10   -0.142188369811598420E+03
    0.260289743845682653E+00    0.543649669041883499E+00    0.852494838770121002E+10   -0.142191230020844500E+03
    0.259570246914571756E+00    0.547058010707177189E+00    0.856389357127882195E+10   -0.141819708149375771E+03
    0.259591192906229729E+00    0.546864859934119707E+00    0.854979153280941582E+10   -0.142069941695119468E+03
    0.259959035234024916E+00    0.544652774135665041E+00    0.854493682264647102E+10   -0.142776201928221099E+03
    0.265476279282777838E+00    0.563732824288054601E+00    0.846901144271625519E+10   -0.142624078646907776E+03
    0.264780328576942614E+00    0.571634442649704866E+00    0.847243267551403618E+10   -0.142487818409931350E+03
    0.264283465669742201E+00    0.566182479794328231E+00    0.848026022613042831E+10   -0.141838275146770599E+03
    0.244539833934172168E+00    0.501861349967821724E+00    0.880718171581960869E+10   -0.142739036888428444E+03
    0.244183792202737504E+00    0.504499884347030303E+00    0.880571361231650734E+10   -0.142766686028167385E+03
    0.244786393385133971E+00    0.492666575590659406E+00    0.885208871694940567E+10   -0.142533284437153043E+03
    0.243859032215976768E+00    0.492103086687444957E+00    0.885883044317987442E+10   -0.142498816712786493E+03
    0.242945293102421522E+00    0.497244344846489383E+00    0.886782004727571297E+10   -0.142315620124318315E+03
    0.244501700966123670E+00    0.518393748719576664E+00    0.882044753915593910E+10   -0.142629791461043794E+03
    0.243114146344270254E+00    0.523599904389175919E+00    0.883104782992336082E+10   -0.142585548824286803E+03
    0.245104217800646895E+00    0.512719111819833984E+00    0.881418733384162521E+10   -0.142373457497479308E+03
    0.245328742604309258E+00    0.512115293022539220E+00    0.880366118243972206E+10   -0.142794804776474280E+03
    0.238818410158144201E+00    0.555827856327201886E+00    0.892399707467142105E+10   -0.142836406393647678E+03
    0.240051674928186021E+00    0.556891322827874902E+00    0.890400725518038368E+10   -0.142655122122080058E+03
    0.240849016566618057E+00    0.545538002287781154E+00    0.888348929224916267E+10   -0.142638133922306196E+03
    0.269457380602023733E+00    0.534755153860878352E+00    0.843207062708783150E+10   -0.141429213354793205E+03
    0.269457380602023733E+00    0.534755153860878352E+00    0.843207062708783150E+10   -0.141429213354793205E+03
    0.268806114758146975E+00    0.538803070120692951E+00    0.843982087818765640E+10   -0.140950412466297308E+03
    0.268806114758146975E+00    0.538803070120692951E+00    0.843982087818765640E+10   -0.140950412466297308E+03
    0.268806114758146975E+00    0.538803070120692951E+00    0.843982087818765640E+10   -0.140950412466297308E+03
    0.270705522181277136E+00    0.539834633747126702E+00    0.841250052545005226E+10   -0.142292392645320575E+03
    0.268749620510192300E+00    0.544932486524871251E+00    0.843772502358518219E+10   -0.142575391131686047E+03
    0.268544687262209536E+00    0.546777181289336056E+00    0.841813894758748817E+10   -0.142693953446820302E+03
    0.269915673070813655E+00    0.541941225159208173E+00    0.840901503971531105E+10   -0.142814765818787009E+03
    0.269069466916899980E+00    0.547982001934517626E+00    0.841805291444154167E+10   -0.142639521491455184E+03
    0.266288233906036897E+00    0.552574356954046664E+00    0.845413295749581146E+10   -0.141567310299536985E+03
    0.267139519412246562E+00    0.551079609039373253E+00    0.845841701793090630E+10   -0.142688136156081214E+03
    0.266830511399390569E+00    0.549041642471397751E+00    0.846170345662628174E+10   -0.141768884832988931E+03
    0.266830511399390569E+00    0.549041642471397751E+00    0.846170345662628174E+10   -0.141768884832988931E+03
    0.266531108956932106E+00    0.550286419022681272E+00    0.846106153884237862E+10   -0.142625799975256115E+03
    0.267814541216709445E+00    0.547118032159533030E+00    0.846267688944548035E+10   -0.141009339840294643E+03
    0.267814541216709445E+00    0.547118032159533030E+00    0.846267688944548035E+10   -0.141009339840294643E+03
    0.265329344531350986E+00    0.557461566897565319E+00    0.845559622580721092E+10   -0.142830970012356943E+03
    0.259272851450641661E+00    0.525248529868196812E+00    0.852804167221694565E+10   -0.142644756653420615E+03
    0.262106307176791620E+00    0.524522308591921060E+00    0.849521197914599800E+10   -0.142246956658300547E+03
    0.265128661530364573E+00    0.526580962044011613E+00    0.846411046508367348E+10   -0.141636828720845614E+03
    0.263132036000843506E+00    0.529839796462724166E+00    0.848425834914806747E+10   -0.142507356276095152E+03
    0.262198219130031440E+00    0.524409471231235713E+00    0.849519781041836739E+10   -0.142337652608142321E+03
    0.264547410654232651E+00    0.492143674046801038E+00    0.847876612416667175E+10   -0.141325236460365687E+03
    0.264547410654232651E+00    0.492143674046801038E+00    0.847876612416667175E+10   -0.141325236460365687E+03
    0.263557365368362995E+00    0.490096156472647593E+00    0.846892329067188644E+10   -0.142783005447205994E+03
    0.263425995780699362E+00    0.487817182991634013E+00    0.848694504124949646E+10   -0.141720131125198520E+03
    0.263425995780699362E+00    0.487817182991634013E+00    0.848694504124949646E+10   -0.141720131125198520E+03
    0.267754138514244400E+00    0.505038445935959146E+00    0.844098902785741806E+10   -0.141520565899118850E+03
    0.267754138514244400E+00    0.505038445935959146E+00    0.844098902785741806E+10   -0.141520565899118850E+03
    0.267423417144505071E+00    0.503694004076439938E+00    0.844637330114346504E+10   -0.142223483106225217E+03
    0.260718050912809751E+00    0.485068363562826121E+00    0.852878756784373665E+10   -0.142181998110325793E+03
    0.260518828300789096E+00    0.486856155700031934E+00    0.853291651789550972E+10   -0.142226966163909196E+03
    0.257531211993382969E+00    0.478878045890073878E+00    0.856929289734571838E+10   -0.142255313453662893E+03
    0.261763154888430050E+00    0.490000587153463840E+00    0.851760396357803535E+10   -0.141752498364002406E+03
    0.260898023835931359E+00    0.490448096403376610E+00    0.852890265196149635E+10   -0.142347483878413925E+03
    0.270635914201446615E+00    0.484374090801084733E+00    0.836925865670061302E+10   -0.142367522449021038E+03
    0.266869709415587630E+00    0.482993526812112606E+00    0.844253408375252914E+10   -0.141962124576203763E+03
    0.267296398784030720E+00    0.486565047764720759E+00    0.842704770556856537E+10   -0.142359690803216722E+03
    0.265982052555787274E+00    0.483942781086103224E+00    0.845457657112508202E+10   -0.142057077105386099E+03
    0.293155657678679737E+00    0.525084443120471533E+00    0.805183420577365875E+10   -0.142756455940561580E+03
    0.264519787917021076E+00    0.517223210695249236E+00    0.846943203287673378E+10   -0.142234102377951103E+03
    0.264744262401425234E+00    0.513076763053451401E+00    0.847995774804455566E+10   -0.142278968968059786E+03
    0.265021389834535270E+00    0.510409645287833058E+00    0.847996808026035881E+10   -0.142722899098032485E+03
    0.264598307912103370E+00    0.509681700557349515E+00    0.848243107561336899E+10   -0.141914261723705351E+03
    0.264219723601055334E+00    0.512971644301863705E+00    0.848277627203905678E+10   -0.141733341926062423E+03
    0.264947994842811063E+00    0.508554467950798283E+00    0.849000397795685005E+10   -0.141803316808369033E+03
    0.264947994842811063E+00    0.508554467950798283E+00    0.849000397795685005E+10   -0.141803316808369033E+03
    0.264019309995103979E+00    0.507952021471652415E+00    0.849601659659728622E+10   -0.142372916003444516E+03
