 F
        2132       65609           3         100
   -0.108152214678288075E+03   -0.928338201265195551E+02
 T
   2
    0.200000000000000000E+01    0.300000000000000000E+01    0.800000000000000044E+00    0.200000000000000011E+00
   0
   0
 T T     0           0
    0.000000000000000000E+00   -0.100000000000000002+101    0.000000000000000000E+00
 T F     1          80
    0.150700205854525187E-08   -0.108397541400514399E+03   -0.929019281189522133E+02
 T F     1          20
    0.131839227068300723E-09   -0.109677535975967956E+03   -0.925888615441048302E+02
