    0.215460035952755924E+00    0.367067570526067755E+00    0.139232676671416187E+10   -0.995079911479835033E+02
    0.147177813686112463E+00    0.521912552771159000E+00    0.170453094333358431E+10   -0.991520398701334784E+02
    0.155865533636107167E+00    0.454253320198318988E+00    0.164316581073446369E+10   -0.984438416219364569E+02
    0.166518684591932087E+00    0.418859962530635954E+00    0.159043980620703793E+10   -0.978853376426860535E+02
    0.151010042028982244E+00    0.376381193368588995E+00    0.165227235241030526E+10   -0.976563437660653619E+02
    0.170270619624184050E+00    0.400464223878771008E+00    0.157536531318728495E+10   -0.975105353688479539E+02
    0.147428631346989525E+00    0.367574216907177842E+00    0.168620868398132610E+10   -0.973886229419928782E+02
    0.152271769537287577E+00    0.358671377904606459E+00    0.166057048665429592E+10   -0.973608989388169164E+02
    0.172582496366828875E+00    0.635389786894823061E+00    0.155354490482733297E+10   -0.972825222346047269E+02
    0.170099481295048427E+00    0.425735502903952678E+00    0.156529865444050026E+10   -0.972318135278782165E+02
    0.162953373613293373E+00    0.366794180047161689E+00    0.160726913504665279E+10   -0.971426172750001911E+02
    0.140151080792120797E+00    0.546592016050738039E+00    0.173792363502426577E+10   -0.970199625761839570E+02
    0.174048565004143646E+00    0.476526322480570030E+00    0.153965648593845224E+10   -0.969994853713340319E+02
    0.207601265136863888E+00    0.393031872554722383E+00    0.142307297513613462E+10   -0.967100068602325962E+02
    0.159442500250102204E+00    0.416282726571706618E+00    0.163201070865560961E+10   -0.966378181430841039E+02
    0.154447494199178470E+00    0.412183389814478218E+00    0.165625004571693659E+10   -0.966263469834961768E+02
    0.199431380216888388E+00    0.517416885156013251E+00    0.147881202707716227E+10   -0.966044067783036553E+02
    0.138543959293373320E+00    0.358265476051041531E+00    0.173229514570375848E+10   -0.963614749160986150E+02
    0.179947006479132865E+00    0.547422194370803084E+00    0.153297990114300370E+10   -0.963234419244161444E+02
    0.144312106376682681E+00    0.441223067785042389E+00    0.169611747274031520E+10   -0.962996002039769223E+02
    0.167944381289250488E+00    0.415741880449555623E+00    0.156911639459670281E+10   -0.962945402551142422E+02
    0.165931845244412457E+00    0.440869283425973535E+00    0.157752109169723773E+10   -0.961953615087448952E+02
    0.136930496022543258E+00    0.445474303402043859E+00    0.175754175933636713E+10   -0.961806506301679462E+02
    0.149586446568183706E+00    0.501392937358499324E+00    0.166425318389595866E+10   -0.961684694030573866E+02
    0.133454243874287420E+00    0.525574275022526294E+00    0.176948842493038130E+10   -0.961350361243158176E+02
    0.147715619245934737E+00    0.541347679730687759E+00    0.168797615725453305E+10   -0.960765402358048277E+02
    0.165884822746840688E+00    0.524880315292051591E+00    0.158037558276173854E+10   -0.960659927976499830E+02
    0.145820449811792596E+00    0.498347582430561431E+00    0.168920298273309302E+10   -0.960620140637246607E+02
    0.144244864963012920E+00    0.441002161647237045E+00    0.170164101677896380E+10   -0.960480371023862176E+02
    0.149540095776397874E+00    0.507940368649464347E+00    0.166824914686584187E+10   -0.960403786880089996E+02
    0.146449441994174062E+00    0.532164000764545619E+00    0.170787819329293323E+10   -0.960045070188561454E+02
    0.147009699111570025E+00    0.514073338440896421E+00    0.169689490923461723E+10   -0.959733031631608355E+02
    0.177646168920958192E+00    0.557927447884647876E+00    0.153598154480455351E+10   -0.958884641793715531E+02
    0.153839303187989829E+00    0.441773491234071614E+00    0.164134560643048096E+10   -0.958738480860330924E+02
    0.164236473514124487E+00    0.348829600927240691E+00    0.159564207574351716E+10   -0.958633176734789316E+02
    0.152018686263689695E+00    0.442509190537961672E+00    0.165277959969360399E+10   -0.958060805563747522E+02
    0.155605624165992440E+00    0.483912035257700879E+00    0.166197253542425323E+10   -0.957756394493260785E+02
    0.169832842607118506E+00    0.480228445692617356E+00    0.157736996617184377E+10   -0.957511651820916825E+02
    0.155609424927488582E+00    0.424252124386617524E+00    0.163293306668501329E+10   -0.957352381050789631E+02
    0.158843100798478853E+00    0.417235601054631644E+00    0.161768764690196848E+10   -0.957339302683982822E+02
    0.168599046141923198E+00    0.458336661445100546E+00    0.157645587518685079E+10   -0.956941597468712501E+02
    0.140847051623676250E+00    0.503239254477136910E+00    0.172102787729430175E+10   -0.956799910969164387E+02
    0.182277853106833754E+00    0.508150918894873627E+00    0.152102740227533317E+10   -0.956718885851012999E+02
    0.137851959941368230E+00    0.489745764678366058E+00    0.176036371446109796E+10   -0.956391280707945839E+02
    0.154788303517650633E+00    0.479939809332472933E+00    0.164640170165478015E+10   -0.956336755865131209E+02
    0.207697085571496576E+00    0.414007442581851848E+00    0.142635740405972481E+10   -0.955738378244936087E+02
    0.154046966265666219E+00    0.473730626049952974E+00    0.165265635767920899E+10   -0.955076402328668905E+02
    0.151727551731179189E+00    0.363779439307659658E+00    0.166367466388152671E+10   -0.954890062917941975E+02
    0.156372694074020380E+00    0.388443072561408087E+00    0.163851076595938993E+10   -0.954558297138596998E+02
    0.172864706977909843E+00    0.497436423640175818E+00    0.156398183368415070E+10   -0.954383998791078056E+02
    0.157197305959204087E+00    0.448510397667682525E+00    0.164367352086380625E+10   -0.953765667360459304E+02
    0.149563105470864932E+00    0.407433922068946686E+00    0.167717534554788113E+10   -0.953727554499107839E+02
    0.185111646149411280E+00    0.533636870065599567E+00    0.151470061602548909E+10   -0.953653233254534030E+02
    0.168802444648907923E+00    0.477937540185365606E+00    0.157841580337793446E+10   -0.953421225948513751E+02
    0.157054709512855079E+00    0.395995579586889690E+00    0.163470958945850444E+10   -0.953271265639148595E+02
    0.174350148348205614E+00    0.383515426549148941E+00    0.155542016295127439E+10   -0.953250604281840737E+02
    0.142608201366204945E+00    0.415268476981122348E+00    0.172211722938010907E+10   -0.953182665113162244E+02
    0.153179944057026340E+00    0.471029822436152656E+00    0.165175698007565546E+10   -0.953133600017782499E+02
    0.157042172787167145E+00    0.466086723356029964E+00    0.163131475489776921E+10   -0.952717602001894903E+02
    0.135269501310522428E+00    0.446124834153032168E+00    0.177981791271184707E+10   -0.952216955901541411E+02
    0.145071165008931136E+00    0.473150385548517960E+00    0.170076681250510144E+10   -0.951311664387569635E+02
    0.167690308859431036E+00    0.534651647800789220E+00    0.157733342543883395E+10   -0.951220892472264552E+02
    0.139458804617432097E+00    0.494362715405694431E+00    0.173983915351261234E+10   -0.951020700646260053E+02
    0.216430841672299368E+00    0.398782502035553321E+00    0.140137425468855143E+10   -0.950913538409917294E+02
    0.148125085046422550E+00    0.442668568090425651E+00    0.168002936610506654E+10   -0.950851281892667117E+02
    0.154667963269672137E+00    0.489454977934794755E+00    0.166548846640074515E+10   -0.950718691086218541E+02
    0.152386971539640842E+00    0.533656885319564012E+00    0.165218134398716235E+10   -0.950617882026209315E+02
    0.146463251743141731E+00    0.525000428087974313E+00    0.168598107213356757E+10   -0.950550115541392984E+02
    0.171666294913447259E+00    0.426920413072354066E+00    0.156189392807646298E+10   -0.950494873292218330E+02
    0.135483212721185048E+00    0.452418087364108601E+00    0.175899949123778534E+10   -0.950333194732868520E+02
    0.144897671932891103E+00    0.454174006455460244E+00    0.170429315446055865E+10   -0.950328191167921830E+02
    0.135970760924978840E+00    0.444234268774838625E+00    0.176635793747877979E+10   -0.950271463881130387E+02
    0.169978352810669420E+00    0.449460421707815527E+00    0.156380170916925311E+10   -0.949652647436931261E+02
    0.136704163032133341E+00    0.492396396792688762E+00    0.175563341094016552E+10   -0.949520717627753186E+02
    0.160192875310658983E+00    0.474011754806690888E+00    0.161977983744896531E+10   -0.949487488198369789E+02
    0.164231395800595315E+00    0.484019972117582853E+00    0.161039625236754012E+10   -0.949164039130551345E+02
    0.163904097263854631E+00    0.472596744046132500E+00    0.160170780792811060E+10   -0.949125387290277871E+02
    0.185682150462123219E+00    0.449962578347410158E+00    0.150643190615000844E+10   -0.949111928654056669E+02
    0.140342134957752968E+00    0.505054868480867114E+00    0.173126078889066696E+10   -0.948998289936075139E+02
    0.149173321213218996E+00    0.416192188385242190E+00    0.167687953928323078E+10   -0.948787543197910992E+02
    0.152645523697897689E+00    0.531150992074994832E+00    0.167342907492854762E+10   -0.948439606738098604E+02
    0.176879313653227233E+00    0.437297379644519424E+00    0.153548118697554827E+10   -0.948321382435063072E+02
    0.152278337683182940E+00    0.529980664957044212E+00    0.165253546797420049E+10   -0.947819386551229996E+02
    0.146618075011826277E+00    0.492385174649527357E+00    0.168516289167413926E+10   -0.947782485619537454E+02
    0.145726931961456141E+00    0.491503561657612664E+00    0.170942203367269802E+10   -0.947554033639302133E+02
    0.146281043171333863E+00    0.434798943702503493E+00    0.169703982560206223E+10   -0.947546967913503124E+02
    0.135602637526438419E+00    0.457146773113116467E+00    0.176208497004926634E+10   -0.947446681247187286E+02
    0.168181900208417723E+00    0.429799923054483557E+00    0.158692598953362250E+10   -0.947266545915795177E+02
    0.155483296924387671E+00    0.454939698755413957E+00    0.163490460317102313E+10   -0.947145350581044170E+02
    0.167893358484602129E+00    0.427681124884138342E+00    0.157292702963912129E+10   -0.947073683167197373E+02
    0.156048773412205993E+00    0.474509389486250654E+00    0.164429871785311937E+10   -0.946730809549635950E+02
    0.160308019045871608E+00    0.484432367949780840E+00    0.162202916835226035E+10   -0.946322736796498702E+02
    0.150601158233668819E+00    0.396822168175461343E+00    0.166188400042920756E+10   -0.946129034686610169E+02
    0.150191601087008797E+00    0.474972536732598982E+00    0.168585865597507429E+10   -0.946024926402176334E+02
    0.164474564476426166E+00    0.499529270528704217E+00    0.159832151419566655E+10   -0.945950583705216559E+02
    0.151294143654629926E+00    0.492793345431275398E+00    0.166213774504265928E+10   -0.945882521909729803E+02
    0.153217347918340158E+00    0.551123174000862193E+00    0.167266353166479135E+10   -0.945726791627737526E+02
    0.164931439534923008E+00    0.484266808756403933E+00    0.160778219485390615E+10   -0.945400417709280703E+02
    0.179461155793270322E+00    0.416193211901010329E+00    0.153100434642295671E+10   -0.945310980912884276E+02
    0.155654175706147702E+00    0.504450627164764853E+00    0.163649822961979079E+10   -0.945274127050494286E+02
    0.162058253743480929E+00    0.436735959386410855E+00    0.160767595790842223E+10   -0.944832984192550498E+02
    0.160320564271204946E+00    0.511984925081929276E+00    0.162003547088145876E+10   -0.944662051673758185E+02
    0.172643311947870914E+00    0.508134830528771175E+00    0.156365437054106903E+10   -0.944639156579140433E+02
    0.163012861681435806E+00    0.486043747050699082E+00    0.160188395810027242E+10   -0.944590384878416813E+02
    0.160794203923940282E+00    0.499926831564454943E+00    0.161346868243222117E+10   -0.944330022995497700E+02
    0.155272301832623416E+00    0.525546358749194198E+00    0.166237414450271201E+10   -0.944218809919084947E+02
    0.156620233967626893E+00    0.493190716214042979E+00    0.163361584848466945E+10   -0.944152924154033286E+02
    0.158305186582984481E+00    0.506703507204219861E+00    0.162788136934115124E+10   -0.943353012772598447E+02
    0.166601140746065801E+00    0.443458325835329958E+00    0.158345225875733328E+10   -0.943340122105090018E+02
    0.143591088851345861E+00    0.415361829566844420E+00    0.170656579348172665E+10   -0.943140968976350678E+02
    0.170298909343259502E+00    0.440729881732552897E+00    0.157817817468273377E+10   -0.943140798924609527E+02
    0.140587971183850746E+00    0.458726613285751483E+00    0.173390725960411191E+10   -0.943134705922965964E+02
    0.160956703793389777E+00    0.502104508307235520E+00    0.162499389261951065E+10   -0.943041539864913148E+02
    0.153770494360612575E+00    0.524553237682019002E+00    0.166783112399556565E+10   -0.942964150319127867E+02
    0.146274074568382983E+00    0.531437982002954001E+00    0.169383760292894363E+10   -0.942830856036938201E+02
    0.159842268949443311E+00    0.450246846027368974E+00    0.161442388879585958E+10   -0.942669199723697488E+02
    0.143524848497653290E+00    0.420075666011765492E+00    0.171142568884118772E+10   -0.942663000382306393E+02
    0.145905353642277968E+00    0.513752782236720051E+00    0.170647255761647010E+10   -0.942568008885289714E+02
    0.157333158158655451E+00    0.531666592667917826E+00    0.165069244087953448E+10   -0.942556970830874832E+02
    0.158024381532570646E+00    0.414520503078586344E+00    0.164083692605984926E+10   -0.942161786348940637E+02
    0.172543731118056098E+00    0.426789810114215129E+00    0.156381508721296716E+10   -0.942135706320674586E+02
    0.141620292098439793E+00    0.514416723700080070E+00    0.173116178270908380E+10   -0.941814127535007231E+02
    0.180353371900831949E+00    0.449494903547426716E+00    0.152242703891767073E+10   -0.941318399039802500E+02
    0.159974753798445002E+00    0.481007372987436455E+00    0.163302488725944543E+10   -0.941024536980855970E+02
    0.147907541980158819E+00    0.533909462076566754E+00    0.168130786024204803E+10   -0.940890082073654241E+02
    0.170398095575811814E+00    0.479106946586394855E+00    0.157515738091705656E+10   -0.940799764948421569E+02
    0.151649449828624550E+00    0.533126590867329497E+00    0.167727568597688866E+10   -0.940690899975967909E+02
    0.146383157934598884E+00    0.473614567779662821E+00    0.168985622583349490E+10   -0.940573631590928443E+02
    0.146383157934598884E+00    0.473614567779662821E+00    0.168985622583349490E+10   -0.940573631590928443E+02
    0.145822565844668628E+00    0.469725707982531659E+00    0.170149771473469567E+10   -0.940495989638248773E+02
    0.166854842073370480E+00    0.463103446105028738E+00    0.158876238529945803E+10   -0.940391610053303140E+02
    0.166854842073370480E+00    0.463103446105028738E+00    0.158876238529945803E+10   -0.940391610053303140E+02
    0.156853140050761064E+00    0.499031034688627528E+00    0.163321037005337715E+10   -0.940292884720998074E+02
    0.171749772422527480E+00    0.478344996165727565E+00    0.156502305425716043E+10   -0.940143970233991553E+02
    0.153677081028353146E+00    0.556069224727060885E+00    0.165569188272973895E+10   -0.940124671406873631E+02
    0.160905375666246159E+00    0.493405389185541665E+00    0.161368028408007956E+10   -0.940088673444734866E+02
    0.151724329258803192E+00    0.533367864425176919E+00    0.166002139287089562E+10   -0.939916548969449366E+02
    0.191809132699675200E+00    0.543083821743998385E+00    0.148419421601674867E+10   -0.939796757735548169E+02
    0.156957913148581873E+00    0.373073015595451807E+00    0.165327290729633689E+10   -0.939795843916672027E+02
    0.140677701322289295E+00    0.455485827428343981E+00    0.173294921615296054E+10   -0.939564550445060291E+02
    0.155658086376393501E+00    0.500107790966328736E+00    0.164176862216257238E+10   -0.939207646301326378E+02
    0.154505285989893271E+00    0.551003021752574540E+00    0.166445287891691089E+10   -0.939206098662898938E+02
    0.165409480335519110E+00    0.479373148252745906E+00    0.159972130235265088E+10   -0.939044160290697505E+02
    0.154432703024946133E+00    0.507366726699959969E+00    0.164860239086496997E+10   -0.939022706544802901E+02
    0.152186108698773304E+00    0.541214497833699681E+00    0.166575882725978804E+10   -0.938917929243634148E+02
    0.152186108698773304E+00    0.541214497833699681E+00    0.166575882725978804E+10   -0.938917929243634148E+02
    0.181697683218107309E+00    0.421957060034049647E+00    0.152691906252575922E+10   -0.938746702389567105E+02
    0.181697683218107309E+00    0.421957060034049647E+00    0.152691906252575922E+10   -0.938746702389567105E+02
    0.170112125803199732E+00    0.456880246784720612E+00    0.158243166827333641E+10   -0.938716981054505197E+02
    0.165074737122131776E+00    0.463649138940823491E+00    0.158933970634006715E+10   -0.938697381748192186E+02
    0.164521194125829218E+00    0.502892615994687375E+00    0.160197042543538332E+10   -0.938622893918775105E+02
    0.164521194125829218E+00    0.502892615994687375E+00    0.160197042543538332E+10   -0.938622893918775105E+02
    0.173615862299267065E+00    0.432302788086307288E+00    0.155648505124181414E+10   -0.938423591863861333E+02
    0.170282421043574717E+00    0.422526047885927625E+00    0.157789209682171941E+10   -0.938234531089997716E+02
    0.180988683474888612E+00    0.528201236291970133E+00    0.153278910784330153E+10   -0.938142099404057319E+02
    0.162602500939580508E+00    0.494849862181368394E+00    0.160385967002330995E+10   -0.938083531108915736E+02
    0.160947161877065426E+00    0.465851504668954419E+00    0.161725026765273261E+10   -0.938003894835045742E+02
    0.144760697818487383E+00    0.469915937362333835E+00    0.170246733771049452E+10   -0.937861149472941662E+02
    0.167525003673935274E+00    0.439020085540082761E+00    0.159780804201818466E+10   -0.937642549439888455E+02
    0.160724932701899553E+00    0.456947506590578811E+00    0.161154432894365525E+10   -0.937614873567575557E+02
    0.186528379755481255E+00    0.535354923776406366E+00    0.150636551987486625E+10   -0.937373053325160299E+02
    0.186528379755481255E+00    0.535354923776406366E+00    0.150636551987486625E+10   -0.937373053325160299E+02
    0.143075239328579518E+00    0.424721897428533168E+00    0.172374707704270601E+10   -0.937127030840576936E+02
    0.153081133155930332E+00    0.492604108479671510E+00    0.165702631727679062E+10   -0.936889598535603056E+02
    0.159222450131894511E+00    0.473329633719348664E+00    0.162660234122848034E+10   -0.936793410854448041E+02
    0.146878502298335045E+00    0.346437045329118121E+00    0.169536772756272006E+10   -0.936459898258385124E+02
    0.182992947274705164E+00    0.444360443611394373E+00    0.151190926323952532E+10   -0.936289140834427087E+02
    0.153785778637379245E+00    0.533426597079424525E+00    0.165685001763927174E+10   -0.936269564772906904E+02
    0.153785778637379245E+00    0.533426597079424525E+00    0.165685001763927174E+10   -0.936269564772906904E+02
    0.170019472576695668E+00    0.431869036767052350E+00    0.157031126017578506E+10   -0.936220579099921792E+02
    0.147110001172763183E+00    0.535604818427577456E+00    0.169093962805722809E+10   -0.936208786049599553E+02
    0.167555967230926389E+00    0.485838358949600035E+00    0.158753035617390704E+10   -0.936054285509590613E+02
    0.150321133022345510E+00    0.531565537760274154E+00    0.168347387802868080E+10   -0.935982859755070535E+02
    0.150321133022345510E+00    0.531565537760274154E+00    0.168347387802868080E+10   -0.935982859755070535E+02
    0.153882544873882032E+00    0.379282652266182296E+00    0.166235739245241952E+10   -0.935803881582342427E+02
    0.153882544873882032E+00    0.379282652266182296E+00    0.166235739245241952E+10   -0.935803881582342427E+02
    0.160827331757310954E+00    0.470152656773283439E+00    0.161070706344518185E+10   -0.935718480771572274E+02
    0.160827331757310954E+00    0.470152656773283439E+00    0.161070706344518185E+10   -0.935718480771572274E+02
    0.160993579586350688E+00    0.503696524885873131E+00    0.161443462108141279E+10   -0.935492771470750739E+02
    0.183530002021222882E+00    0.427252370653572910E+00    0.151512268927908659E+10   -0.935440774414840348E+02
    0.146290543923420890E+00    0.429117254510602564E+00    0.169646862221222305E+10   -0.934994236335024596E+02
    0.160193670609314054E+00    0.450910788454947919E+00    0.161529846546089816E+10   -0.934836036487279785E+02
    0.156541395351837420E+00    0.496902468556255528E+00    0.163744868820753574E+10   -0.934818839541215993E+02
    0.156671062541050954E+00    0.456920378503383517E+00    0.163742478179806519E+10   -0.933719675092693677E+02
    0.163967529816281488E+00    0.451043175418170961E+00    0.160276991500834465E+10   -0.933578316846045340E+02
    0.163967529816281488E+00    0.451043175418170961E+00    0.160276991500834465E+10   -0.933578316846045340E+02
    0.181092753648884441E+00    0.538620196260115591E+00    0.153554645920206833E+10   -0.933375264277145362E+02
    0.162037841746852512E+00    0.486120611458144225E+00    0.162017997022567105E+10   -0.933082717457814397E+02
    0.162037841746852512E+00    0.486120611458144225E+00    0.162017997022567105E+10   -0.933082717457814397E+02
    0.162531985460225459E+00    0.530317701041884249E+00    0.161732506668525934E+10   -0.933076817473518361E+02
    0.162531985460225459E+00    0.530317701041884249E+00    0.161732506668525934E+10   -0.933076817473518361E+02
    0.157151850180952679E+00    0.524798063621735977E+00    0.164243598649572611E+10   -0.933068742711638635E+02
    0.157151850180952679E+00    0.524798063621735977E+00    0.164243598649572611E+10   -0.933068742711638635E+02
    0.170738494293675436E+00    0.464002921664100398E+00    0.156703698222086740E+10   -0.932988611985010579E+02
    0.147243081768280271E+00    0.476646791605864095E+00    0.169238240990743971E+10   -0.932958033804132185E+02
    0.147243081768280271E+00    0.476646791605864095E+00    0.169238240990743971E+10   -0.932958033804132185E+02
    0.153423684336929267E+00    0.548066146945185295E+00    0.165961757169547367E+10   -0.932771949324116463E+02
    0.153423684336929267E+00    0.548066146945185295E+00    0.165961757169547367E+10   -0.932771949324116463E+02
    0.146647155059841605E+00    0.456378856509303432E+00    0.170083860660584140E+10   -0.932695651177957359E+02
    0.153087057228592005E+00    0.459117596308352915E+00    0.166241602539091945E+10   -0.932645241389431590E+02
    0.153087057228592005E+00    0.459117596308352915E+00    0.166241602539091945E+10   -0.932645241389431590E+02
    0.168172805216155075E+00    0.530190630395125595E+00    0.159417813203762245E+10   -0.932429760484301369E+02
    0.168172805216155075E+00    0.530190630395125595E+00    0.159417813203762245E+10   -0.932429760484301369E+02
    0.156906696752897701E+00    0.453734814769880757E+00    0.164277103979198980E+10   -0.932061673127600159E+02
    0.176875095701509499E+00    0.394050783725843345E+00    0.153787403285170555E+10   -0.931962252268824187E+02
    0.158548989151592934E+00    0.519087138791258340E+00    0.163771519968929029E+10   -0.931803509415203592E+02
    0.158548989151592934E+00    0.519087138791258340E+00    0.163771519968929029E+10   -0.931803509415203592E+02
    0.160324635969632534E+00    0.454187015921554860E+00    0.161483392560347605E+10   -0.931765411912419665E+02
    0.167799676978606982E+00    0.485152146307372689E+00    0.159289364654614830E+10   -0.931706086807737677E+02
    0.158058679370758570E+00    0.465941166774822335E+00    0.163703597702190614E+10   -0.931697118497854291E+02
    0.158058679370758570E+00    0.465941166774822335E+00    0.163703597702190614E+10   -0.931697118497854291E+02
    0.149692604808952856E+00    0.526730819047582344E+00    0.168272271083428335E+10   -0.931518660645705268E+02
    0.163088912767263783E+00    0.465031324378752942E+00    0.160777719037779427E+10   -0.931494403356340399E+02
    0.154490087115835062E+00    0.448783417952927977E+00    0.166499928879941654E+10   -0.931465303798202626E+02
    0.154490087115835062E+00    0.448783417952927977E+00    0.166499928879941654E+10   -0.931465303798202626E+02
    0.158430144244546711E+00    0.473733020539730987E+00    0.163524774467958665E+10   -0.931368959431289056E+02
    0.150154241937914823E+00    0.513480491794274130E+00    0.167901919702804160E+10   -0.931169385366257529E+02
    0.150154241937914823E+00    0.513480491794274130E+00    0.167901919702804160E+10   -0.931169385366257529E+02
    0.162130822913780392E+00    0.486928865921051113E+00    0.161086212370513988E+10   -0.931166476578827798E+02
    0.162130822913780392E+00    0.486928865921051113E+00    0.161086212370513988E+10   -0.931166476578827798E+02
    0.220773104123849984E+00    0.539199451677580655E+00    0.139209243522612810E+10   -0.931086040913874768E+02
    0.220773104123849984E+00    0.539199451677580655E+00    0.139209243522612810E+10   -0.931086040913874768E+02
    0.187547019225577705E+00    0.429072935506111364E+00    0.150312166095814419E+10   -0.931059564252108203E+02
    0.187547019225577705E+00    0.429072935506111364E+00    0.150312166095814419E+10   -0.931059564252108203E+02
    0.157519817030556009E+00    0.478923610373222175E+00    0.163406145629626870E+10   -0.930930458508683785E+02
    0.157519817030556009E+00    0.478923610373222175E+00    0.163406145629626870E+10   -0.930930458508683785E+02
    0.177347776362218879E+00    0.426534868185832750E+00    0.153961944675739765E+10   -0.930910282999205947E+02
    0.169685215859145616E+00    0.466794094348120581E+00    0.157986113253472805E+10   -0.930875269822035563E+02
    0.168738169838450747E+00    0.490950324358932377E+00    0.158663942607554245E+10   -0.930808676746307242E+02
    0.168738169838450747E+00    0.490950324358932377E+00    0.158663942607554245E+10   -0.930808676746307242E+02
    0.179810526525660430E+00    0.434489995318838140E+00    0.152711697782525587E+10   -0.930791698635073601E+02
    0.175162726753721687E+00    0.519612321581242043E+00    0.155105921099016905E+10   -0.930680419279307216E+02
    0.169070672216649398E+00    0.530893138077946247E+00    0.158951306822858715E+10   -0.930570409674796224E+02
    0.165712070077817242E+00    0.525234159219214902E+00    0.159619150330782485E+10   -0.930440177462248528E+02
    0.186747381363277898E+00    0.542523631472427326E+00    0.150656391135741162E+10   -0.930333457082357853E+02
    0.182208772771034422E+00    0.535953930205954165E+00    0.152689140237062740E+10   -0.930327959725617859E+02
    0.150924003757929637E+00    0.521930546552065167E+00    0.167379941274261975E+10   -0.930165003855129697E+02
    0.157506220841158645E+00    0.510482716197151021E+00    0.164515049809199810E+10   -0.930160110969704306E+02
    0.165568780638983920E+00    0.522318268078940662E+00    0.160008520013664150E+10   -0.930078600314084980E+02
    0.156134499535438731E+00    0.531955431427434178E+00    0.165200604429838562E+10   -0.930069533477213497E+02
    0.153729048071907404E+00    0.453228384364781078E+00    0.166783267915369034E+10   -0.929852718172673036E+02
    0.153729048071907404E+00    0.453228384364781078E+00    0.166783267915369034E+10   -0.929852718172673036E+02
    0.156589707340583778E+00    0.530251865192767013E+00    0.164722927999812603E+10   -0.929829032133536373E+02
    0.153398166133623448E+00    0.497385434584831643E+00    0.167375538499830770E+10   -0.929792409336692174E+02
    0.151252585950768709E+00    0.523098758388769625E+00    0.167266044980637527E+10   -0.929770385226695737E+02
    0.166603461256652680E+00    0.527028383244044107E+00    0.160289814638841724E+10   -0.929743581458828316E+02
    0.166603461256652680E+00    0.527028383244044107E+00    0.160289814638841724E+10   -0.929743581458828316E+02
    0.155244389148922302E+00    0.519519333374001135E+00    0.165688834191840696E+10   -0.929591852049940996E+02
    0.157793274301784470E+00    0.494330139594286067E+00    0.163184830248470259E+10   -0.929577706592295669E+02
    0.166938736720628311E+00    0.496851507087388455E+00    0.159131857734682941E+10   -0.929516077111341303E+02
    0.182168689366166481E+00    0.529324252457525901E+00    0.152537040312988758E+10   -0.929451530478170014E+02
    0.166441467507645324E+00    0.505948241225040007E+00    0.159351056240230870E+10   -0.929422512799447134E+02
    0.163883622382003435E+00    0.468585862022363742E+00    0.160490929395800948E+10   -0.929343086219771664E+02
    0.163883622382003435E+00    0.468585862022363742E+00    0.160490929395800948E+10   -0.929343086219771664E+02
    0.164927623298430581E+00    0.510872398645192405E+00    0.160720406244530296E+10   -0.929009029850618617E+02
    0.169382050211496049E+00    0.475836707761743583E+00    0.157878140781680250E+10   -0.928871965724890316E+02
    0.162325050183587921E+00    0.494379061555534349E+00    0.161352148113463736E+10   -0.928848731319391874E+02
    0.162325050183587921E+00    0.494379061555534349E+00    0.161352148113463736E+10   -0.928848731319391874E+02
    0.165053029056118683E+00    0.509639166982118752E+00    0.160081174840333509E+10   -0.928813368278529907E+02
    0.166548797788331926E+00    0.429711496020919625E+00    0.159018187729815483E+10   -0.928744799329676027E+02
    0.154134809398319195E+00    0.555251515458170530E+00    0.166187871220350695E+10   -0.928713569290601129E+02
    0.156750345612693215E+00    0.512805455607054483E+00    0.164968354143123388E+10   -0.928443580221891978E+02
    0.156394051802727890E+00    0.497647481394009716E+00    0.163759907253709579E+10   -0.928421086780445393E+02
    0.157209194273612102E+00    0.448044082696952728E+00    0.163333398474902940E+10   -0.927834750812731954E+02
    0.165895353936463819E+00    0.433961691886127099E+00    0.159944651635638285E+10   -0.927728090733831294E+02
    0.156606288585930120E+00    0.444184944456573305E+00    0.165612971080971789E+10   -0.927359499992497547E+02
    0.158230863695708712E+00    0.509887478987501197E+00    0.163644469295890760E+10   -0.927342259089151639E+02
    0.158230863695708712E+00    0.509887478987501197E+00    0.163644469295890760E+10   -0.927342259089151639E+02
    0.172098280666200171E+00    0.444754574114094581E+00    0.156360525419580889E+10   -0.926992917035829151E+02
    0.172098280666200171E+00    0.444754574114094581E+00    0.156360525419580889E+10   -0.926992917035829151E+02
    0.150364369263613518E+00    0.352126311095970479E+00    0.168366834185954618E+10   -0.926660217347376118E+02
    0.150364369263613518E+00    0.352126311095970479E+00    0.168366834185954618E+10   -0.926660217347376118E+02
    0.151483738585716315E+00    0.535324864260253719E+00    0.167298487281470418E+10   -0.926645628205507990E+02
    0.166660729181261069E+00    0.469977081976363564E+00    0.159733717606276655E+10   -0.926548318810845757E+02
    0.166660729181261069E+00    0.469977081976363564E+00    0.159733717606276655E+10   -0.926548318810845757E+02
    0.156598435277284287E+00    0.533459768944288371E+00    0.164966736480664539E+10   -0.926548258060668672E+02
    0.151275289870618057E+00    0.457163768466831044E+00    0.167314330422722030E+10   -0.926513436062674316E+02
    0.167205103187626825E+00    0.431604160322116570E+00    0.160200694870477843E+10   -0.926342271366502956E+02
    0.164543321223251215E+00    0.492190888881875566E+00    0.160250835564306974E+10   -0.926319642303596282E+02
    0.164725120271562886E+00    0.424048540994309775E+00    0.159974388473265457E+10   -0.926213399570340243E+02
    0.164725120271562886E+00    0.424048540994309775E+00    0.159974388473265457E+10   -0.926213399570340243E+02
    0.166878068560598891E+00    0.458154783514778785E+00    0.159161097378352618E+10   -0.926201104240127080E+02
    0.166878068560598891E+00    0.458154783514778785E+00    0.159161097378352618E+10   -0.926201104240127080E+02
    0.157582348849741538E+00    0.439393138275566031E+00    0.164981517578532791E+10   -0.926153603549304592E+02
    0.168072933182942086E+00    0.482302998673262096E+00    0.159113079237235785E+10   -0.926133289703594613E+02
    0.167507655290646373E+00    0.457688165729248198E+00    0.158466276303145981E+10   -0.926061244586013856E+02
    0.165951590121526882E+00    0.524438321156718956E+00    0.159466607154205203E+10   -0.925876209448118033E+02
    0.165951590121526882E+00    0.524438321156718956E+00    0.159466607154205203E+10   -0.925876209448118033E+02
    0.163104803499920986E+00    0.495736056807192682E+00    0.160605234746481895E+10   -0.925565791965345710E+02
    0.179948322033043395E+00    0.531437721581038858E+00    0.153944397782625723E+10   -0.925443089030831345E+02
    0.179948322033043395E+00    0.531437721581038858E+00    0.153944397782625723E+10   -0.925443089030831345E+02
    0.165860558904893374E+00    0.463277123220745324E+00    0.159353471772580814E+10   -0.925427169485119521E+02
    0.165860558904893374E+00    0.463277123220745324E+00    0.159353471772580814E+10   -0.925427169485119521E+02
    0.159349100654202269E+00    0.499676392400630220E+00    0.162939290938867855E+10   -0.925284970910816185E+02
    0.159349100654202269E+00    0.499676392400630220E+00    0.162939290938867855E+10   -0.925284970910816185E+02
    0.154568429654398543E+00    0.552131880754927806E+00    0.165545293987827730E+10   -0.925103195390445592E+02
    0.154568429654398543E+00    0.552131880754927806E+00    0.165545293987827730E+10   -0.925103195390445592E+02
    0.165372558992492424E+00    0.530733627631603255E+00    0.160486543095808172E+10   -0.924978573241124877E+02
    0.151086939098833917E+00    0.509092101323853186E+00    0.167221059923742747E+10   -0.924879640302768564E+02
    0.151086939098833917E+00    0.509092101323853186E+00    0.167221059923742747E+10   -0.924879640302768564E+02
    0.181128344847630629E+00    0.537747315854620211E+00    0.153356568852353644E+10   -0.924861131105516563E+02
    0.167283590584170638E+00    0.466771349843179806E+00    0.158976413720260859E+10   -0.924809616878692538E+02
    0.167283590584170638E+00    0.466771349843179806E+00    0.158976413720260859E+10   -0.924809616878692538E+02
    0.167044951428648114E+00    0.529847605666853738E+00    0.159570110116992235E+10   -0.924715075013493646E+02
    0.194335603159377646E+00    0.532481604987216528E+00    0.148864711396173549E+10   -0.924646042562173420E+02
    0.170070348997262533E+00    0.530344479700698201E+00    0.158235652015722179E+10   -0.924570467490337506E+02
    0.161656132666030322E+00    0.515467375878975176E+00    0.161299825849977279E+10   -0.924551760273252938E+02
    0.161656132666030322E+00    0.515467375878975176E+00    0.161299825849977279E+10   -0.924551760273252938E+02
    0.166288290979512920E+00    0.485989830094998965E+00    0.159248925157025075E+10   -0.924421845493783394E+02
    0.171207382179966505E+00    0.460553334309221185E+00    0.157128442473022270E+10   -0.924224666372477799E+02
    0.173508204530702148E+00    0.523732447490218078E+00    0.156587484177523327E+10   -0.924166487826418575E+02
    0.177436527708192460E+00    0.531381271740801964E+00    0.155000045640383601E+10   -0.923867345530976536E+02
    0.158342740606018662E+00    0.508714795720164759E+00    0.162802285799519610E+10   -0.923747513487468268E+02
    0.152786270296164983E+00    0.503601860959291159E+00    0.166363258646430683E+10   -0.923726728297525028E+02
    0.160205170518194662E+00    0.501409201172677399E+00    0.162431106750382519E+10   -0.923669190398412354E+02
    0.160205170518194662E+00    0.501409201172677399E+00    0.162431106750382519E+10   -0.923669190398412354E+02
    0.162740615726081839E+00    0.536729807583260055E+00    0.162005340867262411E+10   -0.923602872377109918E+02
    0.162740615726081839E+00    0.536729807583260055E+00    0.162005340867262411E+10   -0.923602872377109918E+02
    0.154448060996323078E+00    0.560240230396473748E+00    0.165326433800994706E+10   -0.923351552730869969E+02
    0.157942996126006374E+00    0.492416641081675266E+00    0.163571980525157642E+10   -0.923250655252956847E+02
    0.168763926342097859E+00    0.488556653200934221E+00    0.158492133018026471E+10   -0.923116888009942187E+02
    0.189550270635867490E+00    0.538931161518913626E+00    0.149053142958907127E+10   -0.923109916748458943E+02
    0.189550270635867490E+00    0.538931161518913626E+00    0.149053142958907127E+10   -0.923109916748458943E+02
    0.172558910291609857E+00    0.538757707342114145E+00    0.157456693899133420E+10   -0.923066704185392837E+02
    0.164384828404501748E+00    0.468182542873979202E+00    0.160632070084955478E+10   -0.923021579243881831E+02
    0.183053172190661417E+00    0.521894329403105317E+00    0.151868521388237786E+10   -0.923000220433827110E+02
    0.183053172190661417E+00    0.521894329403105317E+00    0.151868521388237786E+10   -0.923000220433827110E+02
    0.183206678194681061E+00    0.438774290920759924E+00    0.151310542239196301E+10   -0.922956169099206107E+02
    0.183206678194681061E+00    0.438774290920759924E+00    0.151310542239196301E+10   -0.922956169099206107E+02
    0.166246356799797212E+00    0.516386686540981188E+00    0.159429813141752791E+10   -0.922906297220058036E+02
    0.166246356799797212E+00    0.516386686540981188E+00    0.159429813141752791E+10   -0.922906297220058036E+02
    0.166295087274819370E+00    0.531282296196103232E+00    0.159990146860753727E+10   -0.922906076913589430E+02
    0.166295087274819370E+00    0.531282296196103232E+00    0.159990146860753727E+10   -0.922906076913589430E+02
    0.170963823141095483E+00    0.470993158413024915E+00    0.157296085291507769E+10   -0.922768193925227820E+02
    0.156022538018687318E+00    0.522620365282834953E+00    0.164479015406764960E+10   -0.922721904251742870E+02
    0.168593618562077330E+00    0.531123842957798686E+00    0.158880879143613815E+10   -0.922593578754321868E+02
    0.172793279170721903E+00    0.429036410185769768E+00    0.155959278192878866E+10   -0.922581773536398373E+02
    0.154301864923511112E+00    0.531912749908773463E+00    0.165704228230821466E+10   -0.922463911230748721E+02
    0.156066469931317620E+00    0.455054051224632161E+00    0.164648593817466903E+10   -0.922379716435493293E+02
    0.176807504195666765E+00    0.531756951919522436E+00    0.155464586761842465E+10   -0.922300017049532670E+02
    0.176807504195666765E+00    0.531756951919522436E+00    0.155464586761842465E+10   -0.922300017049532670E+02
    0.183513272478438183E+00    0.539620903222957082E+00    0.152607170914896941E+10   -0.922147238780566738E+02
    0.161363612929176586E+00    0.507298179224020984E+00    0.162417663063015342E+10   -0.921926910089297280E+02
    0.168793669677645641E+00    0.524274572903390634E+00    0.158724328671850395E+10   -0.921790879009264472E+02
    0.168793669677645641E+00    0.524274572903390634E+00    0.158724328671850395E+10   -0.921790879009264472E+02
    0.188684343419913081E+00    0.540535530718713630E+00    0.149592743867823410E+10   -0.921786792982062337E+02
    0.165211550873265278E+00    0.509650412327481206E+00    0.159840203582492328E+10   -0.921755165230763112E+02
    0.170629881971067293E+00    0.450102390726092594E+00    0.158279833216488886E+10   -0.921654006478450754E+02
    0.170629881971067293E+00    0.450102390726092594E+00    0.158279833216488886E+10   -0.921654006478450754E+02
    0.158322239384079855E+00    0.454001691480698355E+00    0.163450530752524161E+10   -0.921645615413651740E+02
    0.166364969993143541E+00    0.499439268633519617E+00    0.159623409853534174E+10   -0.921628310447130730E+02
    0.166364969993143541E+00    0.499439268633519617E+00    0.159623409853534174E+10   -0.921628310447130730E+02
    0.194350258016297683E+00    0.534712294071864491E+00    0.148745753419572186E+10   -0.921557521650382796E+02
    0.173692691935767363E+00    0.517196607682691933E+00    0.155843045939680862E+10   -0.921547791083256840E+02
    0.165231310141944421E+00    0.473182192414757452E+00    0.159861626124331307E+10   -0.921514017976972752E+02
    0.163391255131175583E+00    0.508246670109826937E+00    0.160854864754500651E+10   -0.921486438875871983E+02
    0.163391255131175583E+00    0.508246670109826937E+00    0.160854864754500651E+10   -0.921486438875871983E+02
    0.156685326499345690E+00    0.463075480146100560E+00    0.164048408692900491E+10   -0.921471308958451516E+02
    0.156685326499345690E+00    0.463075480146100560E+00    0.164048408692900491E+10   -0.921471308958451516E+02
    0.155975935960227519E+00    0.520280575974407355E+00    0.164715904676910758E+10   -0.921423656356038663E+02
    0.155975935960227519E+00    0.520280575974407355E+00    0.164715904676910758E+10   -0.921423656356038663E+02
    0.162410924255109029E+00    0.507745281404808679E+00    0.161134237895041513E+10   -0.921320645435155257E+02
    0.162410924255109029E+00    0.507745281404808679E+00    0.161134237895041513E+10   -0.921320645435155257E+02
    0.174946175157263295E+00    0.425220327374063345E+00    0.155213543495808530E+10   -0.921245481369152230E+02
    0.159742023084735951E+00    0.502480268373783900E+00    0.162999208480276513E+10   -0.921206840684732526E+02
    0.158662895852297980E+00    0.509005795464627653E+00    0.163439803267123127E+10   -0.921144347254828233E+02
    0.158662895852297980E+00    0.509005795464627653E+00    0.163439803267123127E+10   -0.921144347254828233E+02
    0.157899209506418392E+00    0.508684232079927412E+00    0.164202332572491121E+10   -0.920976237275911558E+02
    0.168624486489192205E+00    0.522775918660585148E+00    0.159001717564062691E+10   -0.920939030362823701E+02
    0.168624486489192205E+00    0.522775918660585148E+00    0.159001717564062691E+10   -0.920939030362823701E+02
    0.152676184857644281E+00    0.502265664481274854E+00    0.166724545899561787E+10   -0.920937956273296834E+02
    0.152676184857644281E+00    0.502265664481274854E+00    0.166724545899561787E+10   -0.920937956273296834E+02
    0.169379063784040440E+00    0.431364063559581012E+00    0.158428173250204349E+10   -0.920774058118303316E+02
    0.161945822092199043E+00    0.513949879508855290E+00    0.161040592152629471E+10   -0.920718218409969182E+02
    0.164492838675832226E+00    0.468914986605565076E+00    0.160418030304890871E+10   -0.920704089523718210E+02
    0.164525979029024605E+00    0.521802828506618965E+00    0.160349511848485136E+10   -0.920645085151815152E+02
    0.178167161766321303E+00    0.525858961299526584E+00    0.154195767116278219E+10   -0.920643590469830428E+02
    0.197862830797762457E+00    0.532523443812520370E+00    0.148346417535095310E+10   -0.920574170798653455E+02
    0.158311429494487510E+00    0.528957896972045205E+00    0.163991658825969625E+10   -0.920363535319389854E+02
    0.158311429494487510E+00    0.528957896972045205E+00    0.163991658825969625E+10   -0.920363535319389854E+02
    0.162028811755523999E+00    0.498948148994088569E+00    0.162077974631934190E+10   -0.920326858601267759E+02
    0.169980879932112805E+00    0.471309428561234256E+00    0.157647494663351965E+10   -0.920246968289524290E+02
    0.151381767785171734E+00    0.505057274930331701E+00    0.167509050175264907E+10   -0.920161379400382060E+02
    0.168070745153787338E+00    0.487305551303677476E+00    0.158584822183056355E+10   -0.920152204818495250E+02
    0.165284573630956749E+00    0.489938967024325933E+00    0.160088850067290235E+10   -0.920087487560301440E+02
    0.173512646536053028E+00    0.432253527431766926E+00    0.155540272219140220E+10   -0.920021043217257670E+02
    0.157989048259075837E+00    0.510510045764199560E+00    0.164233531437239909E+10   -0.920014783874671025E+02
    0.157989048259075837E+00    0.510510045764199560E+00    0.164233531437239909E+10   -0.920014783874671025E+02
    0.171197826240859857E+00    0.525310501101674987E+00    0.158085150413386083E+10   -0.919928549186216173E+02
    0.157504374096314959E+00    0.487502898581864130E+00    0.163530945976710987E+10   -0.919867904599989572E+02
    0.170213752855943951E+00    0.432376596421686799E+00    0.157015752609852457E+10   -0.919723054615893432E+02
    0.170213752855943951E+00    0.432376596421686799E+00    0.157015752609852457E+10   -0.919723054615893432E+02
    0.178051621494984713E+00    0.422810758391527486E+00    0.154106209269029093E+10   -0.919674900123875574E+02
    0.161045339928024556E+00    0.469613213261972362E+00    0.161741978296231580E+10   -0.919596109602016725E+02
    0.179442768548263687E+00    0.533932853877443492E+00    0.153548438247610402E+10   -0.919573001437721871E+02
    0.166468638447905465E+00    0.502063400024292505E+00    0.160002771373968172E+10   -0.919500431137016250E+02
    0.193382268697954440E+00    0.528744202193461632E+00    0.149405433631728101E+10   -0.919351625841597695E+02
    0.181230131015344798E+00    0.427527716214957110E+00    0.152728352785611153E+10   -0.919281545372038806E+02
    0.166962107216488964E+00    0.433361192005502716E+00    0.159041754546795225E+10   -0.919250230802023083E+02
    0.181053602635371902E+00    0.544045536990616085E+00    0.153477751765780592E+10   -0.919016237422220854E+02
    0.181053602635371902E+00    0.544045536990616085E+00    0.153477751765780592E+10   -0.919016237422220854E+02
    0.154100418048149307E+00    0.516790385820476317E+00    0.165690308947203469E+10   -0.918936635474647687E+02
    0.161384352672857084E+00    0.487775413871592178E+00    0.161567648270960307E+10   -0.918914796590393621E+02
    0.163420907480835154E+00    0.493026353688799546E+00    0.160815807468047953E+10   -0.918887096884689640E+02
    0.179386477740972383E+00    0.537482996664717660E+00    0.153764536243724275E+10   -0.918877623443476352E+02
    0.166511735484008550E+00    0.502822204665882566E+00    0.159993597972195411E+10   -0.918847454274908984E+02
    0.166511735484008550E+00    0.502822204665882566E+00    0.159993597972195411E+10   -0.918847454274908984E+02
    0.174956828335252557E+00    0.520369800452511910E+00    0.155547058928093171E+10   -0.918595768944076951E+02
    0.174956828335252557E+00    0.520369800452511910E+00    0.155547058928093171E+10   -0.918595768944076951E+02
    0.170822741849695481E+00    0.511771542952022429E+00    0.158334709640430760E+10   -0.918575773463892062E+02
    0.164482126828075670E+00    0.431975536384880954E+00    0.161089612309822679E+10   -0.918461294106278530E+02
    0.158528667493775755E+00    0.524362698251298553E+00    0.163711154995369148E+10   -0.918370559433142688E+02
    0.159141879565127264E+00    0.518476313234986108E+00    0.162814369803623605E+10   -0.918334716492590246E+02
    0.159141879565127264E+00    0.518476313234986108E+00    0.162814369803623605E+10   -0.918334716492590246E+02
    0.156460829851404248E+00    0.459832014115955090E+00    0.164322603815694022E+10   -0.918235519531444595E+02
    0.156460829851404248E+00    0.459832014115955090E+00    0.164322603815694022E+10   -0.918235519531444595E+02
    0.178540784624971471E+00    0.534480032503770630E+00    0.154112911033929372E+10   -0.918168870812189937E+02
    0.154375641779112227E+00    0.520411921422327950E+00    0.166085870735985446E+10   -0.918028760832434898E+02
    0.169679890245075266E+00    0.519584357745380032E+00    0.157821157688086963E+10   -0.917935044339329949E+02
    0.164375431830504681E+00    0.500905045825971840E+00    0.161236469549157667E+10   -0.917847543004256465E+02
    0.164375431830504681E+00    0.500905045825971840E+00    0.161236469549157667E+10   -0.917847543004256465E+02
    0.158101017101208108E+00    0.464426152257892966E+00    0.163931284069415665E+10   -0.917765501333959719E+02
    0.158101017101208108E+00    0.464426152257892966E+00    0.163931284069415665E+10   -0.917765501333959719E+02
    0.156507263052898277E+00    0.462273626916122282E+00    0.164280375831320572E+10   -0.917695272522452967E+02
    0.157630748244714736E+00    0.453250533436417413E+00    0.164270856191464281E+10   -0.917621450337451563E+02
    0.157630748244714736E+00    0.453250533436417413E+00    0.164270856191464281E+10   -0.917621450337451563E+02
    0.152593026697923045E+00    0.504516766551860840E+00    0.166851423484140134E+10   -0.917384598340130282E+02
    0.159247078088104399E+00    0.508317954563350938E+00    0.163339431056287026E+10   -0.917289613062632441E+02
    0.179585128309025899E+00    0.523831977477291488E+00    0.153829105771590400E+10   -0.917276726629151824E+02
    0.156191538333110558E+00    0.513538153868092095E+00    0.165284321223806024E+10   -0.917252258412472656E+02
    0.156191538333110558E+00    0.513538153868092095E+00    0.165284321223806024E+10   -0.917252258412472656E+02
    0.157359492708496362E+00    0.469855899691175694E+00    0.164358391283377409E+10   -0.917081211323616685E+02
    0.166197629146200010E+00    0.491019155706624133E+00    0.159721156183952856E+10   -0.917040795412869016E+02
    0.169803408189536542E+00    0.442288608816575390E+00    0.157401583473032665E+10   -0.916918865023293677E+02
    0.156797480590190219E+00    0.466722386080643759E+00    0.164458981345490956E+10   -0.916822002249748351E+02
    0.157956688789542693E+00    0.455930636667279288E+00    0.163989220735839581E+10   -0.916685580417161816E+02
    0.164663152982860245E+00    0.483016118311685005E+00    0.160556778537802601E+10   -0.916666387050456706E+02
    0.161458378577860190E+00    0.469737954232513744E+00    0.161572728544839048E+10   -0.916607306148882799E+02
    0.174333721029890809E+00    0.527235373686767872E+00    0.156347539480642700E+10   -0.916570367475624153E+02
    0.162031838778930043E+00    0.510710296496888816E+00    0.161751602460338259E+10   -0.916500767488436736E+02
    0.158029935809897937E+00    0.507351303620760419E+00    0.163652214752343798E+10   -0.916376668784417632E+02
    0.171156812833644228E+00    0.438372922291531353E+00    0.157333765335439754E+10   -0.916180925651813567E+02
    0.169695386111522462E+00    0.437275950743984509E+00    0.158977229521919036E+10   -0.916100715331656374E+02
    0.154607275958642348E+00    0.522794512656876265E+00    0.165770378588757205E+10   -0.916098446025582973E+02
    0.176862359160246674E+00    0.540951846252601953E+00    0.155151068546521282E+10   -0.916089711257768897E+02
    0.176862359160246674E+00    0.540951846252601953E+00    0.155151068546521282E+10   -0.916089711257768897E+02
    0.161150664643526620E+00    0.484425891774522555E+00    0.161931279868554759E+10   -0.916089681395092725E+02
    0.158178289333218480E+00    0.538569345531387356E+00    0.163274826958601904E+10   -0.916083700035196671E+02
    0.162754371603562265E+00    0.510461747853472758E+00    0.160925363618881035E+10   -0.916024828341746797E+02
    0.174182609622776624E+00    0.522773722143076824E+00    0.156288178903053713E+10   -0.915975200849575799E+02
    0.177880869744216186E+00    0.518256155252117878E+00    0.154416972248412156E+10   -0.915957194860885977E+02
    0.156102633802941038E+00    0.530944083047394599E+00    0.164808178543145108E+10   -0.915943357184294484E+02
    0.180137942295051201E+00    0.539434980379668971E+00    0.153769314078313017E+10   -0.915903378042698932E+02
    0.184179444514906476E+00    0.423286411437880261E+00    0.151485820403185296E+10   -0.915872973059150723E+02
    0.192081663920272372E+00    0.541488428035965086E+00    0.148263009536284399E+10   -0.915720859306025545E+02
    0.192081663920272372E+00    0.541488428035965086E+00    0.148263009536284399E+10   -0.915720859306025545E+02
    0.166633963480541075E+00    0.436886697451068784E+00    0.159995581812768459E+10   -0.915538902839711142E+02
    0.164500512628645623E+00    0.498811841531502154E+00    0.160700772863318253E+10   -0.915466693957316124E+02
    0.171074139602236830E+00    0.511632391174332568E+00    0.157595157313086748E+10   -0.915390711910200423E+02
    0.157102811943259757E+00    0.520668246866611284E+00    0.164639022724045658E+10   -0.915375697929239038E+02
    0.162332529352363253E+00    0.499325768680318305E+00    0.161749864655693746E+10   -0.915232781359593304E+02
    0.177403638230027139E+00    0.536262342959581417E+00    0.154635355420459843E+10   -0.915214245353707980E+02
    0.185703310435978264E+00    0.537029488118694331E+00    0.151046529271214747E+10   -0.915166795717938157E+02
    0.191543792400416579E+00    0.540309036295825607E+00    0.148960634135201597E+10   -0.915149869443097117E+02
    0.170307398465187942E+00    0.444308951724170953E+00    0.157372283339884162E+10   -0.915086601416502958E+02
    0.161658580719624800E+00    0.505221911635214127E+00    0.161830553898218489E+10   -0.915076754223251214E+02
    0.165777429481431871E+00    0.488553597433782016E+00    0.159899682632133031E+10   -0.914968943467872862E+02
    0.176544399654342821E+00    0.544832018824276787E+00    0.155794285833998108E+10   -0.914963150471007651E+02
    0.169746578150020117E+00    0.440815010292933351E+00    0.157728502982588553E+10   -0.914899838976803608E+02
    0.186538802630309974E+00    0.543855927044280207E+00    0.150928705651069355E+10   -0.914830025775552542E+02
    0.163277800617976754E+00    0.510848161213726115E+00    0.161377811621023822E+10   -0.914774833434749581E+02
    0.177250678343150503E+00    0.552499257895966878E+00    0.155659706497356844E+10   -0.914756785322063593E+02
    0.154081746487571336E+00    0.517043949152082405E+00    0.166203107674602818E+10   -0.914659933368560161E+02
    0.166770452044182949E+00    0.491482950262764007E+00    0.159596808677715540E+10   -0.914389614322640796E+02
    0.154676384108806103E+00    0.532808107748339310E+00    0.165572454103278804E+10   -0.914358514129577316E+02
    0.188615822603313499E+00    0.537616619616525071E+00    0.149757179682803774E+10   -0.914356584436178252E+02
    0.164790125128361331E+00    0.529003119633761898E+00    0.160210357660098195E+10   -0.914340976516192399E+02
    0.169420216232028020E+00    0.528515330254178295E+00    0.158758441871745658E+10   -0.914244303298250145E+02
    0.162967506885102198E+00    0.515517550257218460E+00    0.160830738026405692E+10   -0.914145962120479680E+02
    0.168414739004259545E+00    0.512432377869835420E+00    0.159012374288524222E+10   -0.914123071493183943E+02
    0.168606413441325709E+00    0.464881583769935602E+00    0.158340147459559155E+10   -0.914051390784748037E+02
    0.185838419480304162E+00    0.524351914187388246E+00    0.150462943279197168E+10   -0.913950293995014533E+02
    0.169815099929168156E+00    0.529165953830103675E+00    0.158132546515655088E+10   -0.913918596344180969E+02
    0.163114823511122720E+00    0.510783590744356530E+00    0.160785677307360601E+10   -0.913793242206505454E+02
    0.167441768679300773E+00    0.491441080200594627E+00    0.159052373610753393E+10   -0.913637129528922856E+02
    0.160764759527149859E+00    0.510913764595194664E+00    0.162443537336048913E+10   -0.913545076499114259E+02
    0.165911850337298050E+00    0.524457838818918276E+00    0.159572243207501936E+10   -0.913543959063538438E+02
    0.171120795314121166E+00    0.459621393182807481E+00    0.156977114819943094E+10   -0.913239249576898260E+02
    0.167046450468479241E+00    0.486877593593547431E+00    0.158917340206408000E+10   -0.913231694309459670E+02
    0.184668750674111537E+00    0.542001673255423810E+00    0.151881958033639526E+10   -0.913202531531759263E+02
    0.171548387987179529E+00    0.460004545057694614E+00    0.156713847385672188E+10   -0.913179189649643206E+02
    0.169631070612004775E+00    0.516167464414323263E+00    0.158340494837146330E+10   -0.913158161488178735E+02
    0.177838877898952030E+00    0.524168183483716632E+00    0.154134376533945465E+10   -0.913141153205935296E+02
    0.161429012031995334E+00    0.498618291684149284E+00    0.162300494028812671E+10   -0.913139760139202394E+02
    0.170160924821360499E+00    0.471806528577561224E+00    0.157550038255496836E+10   -0.912954746234874932E+02
    0.162832820474734630E+00    0.481559928562131034E+00    0.161139818927537823E+10   -0.912907141525121801E+02
    0.171517194950639773E+00    0.445994185061282522E+00    0.157239700778805161E+10   -0.912702835468172111E+02
    0.163661391791959460E+00    0.528231613519194454E+00    0.161148786142799878E+10   -0.912658949989881449E+02
    0.162442092271844307E+00    0.493722516327231631E+00    0.161592376490704703E+10   -0.912568707691946059E+02
    0.178058240092001940E+00    0.425200604494914813E+00    0.153961170379963374E+10   -0.912554244265808876E+02
    0.188608960306627826E+00    0.534705573158259284E+00    0.149537245827817941E+10   -0.912546785685580772E+02
    0.162095826200733373E+00    0.501597937175340292E+00    0.161773024816981030E+10   -0.912493286968066855E+02
    0.169069664769541328E+00    0.532706881404374499E+00    0.158750368717906475E+10   -0.912379225170979709E+02
    0.169593380719951975E+00    0.464587143355018384E+00    0.157776605962582016E+10   -0.912365884775954328E+02
    0.168258843316397899E+00    0.468220573148759200E+00    0.158565483515437984E+10   -0.912347308638924233E+02
    0.165266932611125961E+00    0.434744116514341528E+00    0.160629603115099287E+10   -0.912345059727785639E+02
    0.186152665521641281E+00    0.532800609844397144E+00    0.150562157156899905E+10   -0.912190745914907382E+02
    0.159991653490828112E+00    0.509814006925013885E+00    0.162735577999097705E+10   -0.911947264289679822E+02
    0.192345374899401622E+00    0.530055516454988052E+00    0.149080736988006783E+10   -0.911880593195291738E+02
    0.163086710830822212E+00    0.480951212205011913E+00    0.161196804548487782E+10   -0.911787319760081658E+02
    0.160326812511367711E+00    0.507055837460590908E+00    0.162698401497634435E+10   -0.911591804359943865E+02
    0.177809408209392228E+00    0.519255962682356298E+00    0.154524952501950574E+10   -0.911575209147398198E+02
    0.176262572832008246E+00    0.515145844933268648E+00    0.154899584432311606E+10   -0.911533081701448680E+02
    0.170726267524426434E+00    0.515298251609078051E+00    0.157257919432155848E+10   -0.911517774619373427E+02
    0.191451289897356214E+00    0.540998710820106865E+00    0.148730987094030547E+10   -0.911473594105054872E+02
    0.172551258283471343E+00    0.516078964094486281E+00    0.156785017968239474E+10   -0.911345088005757304E+02
    0.177508860549196346E+00    0.513937322485201520E+00    0.154322884585187912E+10   -0.911284416349702440E+02
    0.181246489772282193E+00    0.539689287116125627E+00    0.153160010627340531E+10   -0.911193670022848607E+02
    0.175316600524398680E+00    0.522038823432062316E+00    0.155660792703334546E+10   -0.911129631316403277E+02
    0.168314448669558137E+00    0.513974633107812551E+00    0.158654522863317180E+10   -0.911123101840176162E+02
    0.166167037065032552E+00    0.511688226802768042E+00    0.159872376184578586E+10   -0.911017661399899481E+02
    0.163951336410840531E+00    0.485124533479645237E+00    0.160858153690471053E+10   -0.910662031246531996E+02
    0.162135481501901546E+00    0.506150887197724941E+00    0.161764775025602245E+10   -0.910613473658383725E+02
    0.166456196039328652E+00    0.520121067575285423E+00    0.159377467417472243E+10   -0.910600781625616094E+02
    0.163421595241173834E+00    0.506843395335343061E+00    0.161207628264248824E+10   -0.910460388399210103E+02
    0.170955692576695434E+00    0.516796156339463408E+00    0.157253559320602274E+10   -0.910444011427971418E+02
    0.172440541274922698E+00    0.516762106126400056E+00    0.156801849210212231E+10   -0.910430317248929271E+02
    0.191331184267374221E+00    0.533141205139358476E+00    0.150407796760540009E+10   -0.910329991826354643E+02
    0.160427316252714447E+00    0.506208379057806468E+00    0.162675845302325344E+10   -0.910299668149871053E+02
    0.167803238081307760E+00    0.435463772410390249E+00    0.159529145407273197E+10   -0.910232889806393075E+02
    0.163609778886988272E+00    0.520754674737911927E+00    0.161268931281950998E+10   -0.910222858790562839E+02
    0.176020855189102099E+00    0.422585507659645643E+00    0.154853160929224229E+10   -0.910210442888915878E+02
    0.162416878812230520E+00    0.513007745301656826E+00    0.161679581486507487E+10   -0.910079407248243228E+02
    0.167878454818785772E+00    0.515719979981854593E+00    0.159022513865100932E+10   -0.910074828183682314E+02
    0.178798036460251775E+00    0.521466810044673323E+00    0.154076385896246314E+10   -0.909980439773905516E+02
    0.171998611165649490E+00    0.515728626863067419E+00    0.156962565551671863E+10   -0.909822254438802673E+02
    0.165674011450265501E+00    0.511021508100471422E+00    0.160368381121687388E+10   -0.909650545902423460E+02
    0.168475749104534778E+00    0.467343302654377624E+00    0.158522859556002641E+10   -0.909536837063323276E+02
    0.165118490782748317E+00    0.526561510321831960E+00    0.160275564133188295E+10   -0.909474719413659756E+02
    0.188285211893366167E+00    0.531161632277735052E+00    0.149665082712429714E+10   -0.909364411954024234E+02
    0.163114969030755508E+00    0.488398313495647329E+00    0.161414324756361794E+10   -0.909296172081189411E+02
    0.160095754757200448E+00    0.506990091125075537E+00    0.163067985907477665E+10   -0.909260143889561618E+02
    0.160059311611261468E+00    0.500120405132713941E+00    0.162946822102333665E+10   -0.909246224999379393E+02
    0.175576070973949394E+00    0.520859363130718123E+00    0.155645785862270045E+10   -0.909197068413251088E+02
    0.178397510028355077E+00    0.534729481135510554E+00    0.154421799005852795E+10   -0.909196341655441245E+02
    0.165426774598341542E+00    0.434893240383495083E+00    0.160824065898770833E+10   -0.909173705702875168E+02
    0.177654576033398570E+00    0.522857884374499093E+00    0.154684499989339924E+10   -0.909019483584188208E+02
    0.171318962403761654E+00    0.517139803248596763E+00    0.157324576854729366E+10   -0.908970688975564656E+02
    0.183758077769240080E+00    0.543262812640213255E+00    0.152231872941204119E+10   -0.908951984362917074E+02
    0.166981370157818387E+00    0.488630800816542532E+00    0.159110641842352033E+10   -0.908824802780233512E+02
    0.171383951546105723E+00    0.463770916776466535E+00    0.156829599762083173E+10   -0.908608075951910195E+02
    0.161584612527466642E+00    0.485806454791308795E+00    0.161993738240506697E+10   -0.908554642273885378E+02
    0.169002715446488205E+00    0.515383684345124493E+00    0.158021800804123521E+10   -0.908524525823468707E+02
    0.177819217439165622E+00    0.517621130948754171E+00    0.154233873761586213E+10   -0.908335772406279318E+02
    0.178453270719592216E+00    0.517540630996553119E+00    0.153999829785381293E+10   -0.908232086382961796E+02
    0.163050974914104807E+00    0.483190864961022370E+00    0.161500357671911740E+10   -0.907967492029076197E+02
    0.161938301625433212E+00    0.503988682529607601E+00    0.161994999415737891E+10   -0.907819792195946889E+02
    0.161545264299416153E+00    0.491385260729440887E+00    0.162179169040830183E+10   -0.907571208447947697E+02
    0.160889269401111756E+00    0.503084486731266267E+00    0.162454064189988375E+10   -0.907469875090845051E+02
    0.170921458789170033E+00    0.517135250672303926E+00    0.157161537363440394E+10   -0.907312001931740184E+02
    0.191673654391194548E+00    0.531239015231603773E+00    0.149937777352168107E+10   -0.907098572046257345E+02
    0.169149582458863523E+00    0.511482858837982945E+00    0.158340286374211669E+10   -0.906894701105539411E+02
    0.178015653887979686E+00    0.524493701877101870E+00    0.154529799404046488E+10   -0.906871673862654575E+02
    0.175952263823471899E+00    0.527096461106575376E+00    0.155761861826095176E+10   -0.906859024511276743E+02
    0.169606359406159479E+00    0.512400964604522002E+00    0.158173021806843925E+10   -0.906782020091043393E+02
    0.163778258906068563E+00    0.514605777070475057E+00    0.161533824943717742E+10   -0.906773061388402368E+02
    0.178733602412659398E+00    0.525125723746375783E+00    0.154366887287010956E+10   -0.906663051855963573E+02
    0.163924369396198588E+00    0.483669820998731126E+00    0.160945896717995811E+10   -0.906607322688469282E+02
    0.166680450963112292E+00    0.517062787472051255E+00    0.159704301587417030E+10   -0.906514622873802267E+02
    0.170711917906115618E+00    0.526164491532910006E+00    0.157825465362676835E+10   -0.906074503555892647E+02
    0.174526514449599157E+00    0.523874570953626773E+00    0.156257113916483355E+10   -0.905985656453257633E+02
    0.158661782858801448E+00    0.519129268499117558E+00    0.164000767157210255E+10   -0.905923475892330288E+02
    0.163415241869506733E+00    0.530351211612458684E+00    0.161121015154571080E+10   -0.905854126525610894E+02
    0.191008460100824173E+00    0.532690594229753955E+00    0.148912672035169792E+10   -0.905828566974366254E+02
    0.190076060872694130E+00    0.531427707833952212E+00    0.149990100983935833E+10   -0.905651660701426096E+02
    0.166940580564507529E+00    0.523313452809501811E+00    0.159387981490234303E+10   -0.905579173965162312E+02
    0.169091078874087142E+00    0.509269411513230352E+00    0.158486980299697948E+10   -0.905567720421836668E+02
    0.160388274275828135E+00    0.525027180230479118E+00    0.162905864746572924E+10   -0.905512810972393254E+02
    0.191240394028071359E+00    0.534982989367183137E+00    0.148888868740214419E+10   -0.905501801275698597E+02
    0.169952650570984798E+00    0.513222112110810258E+00    0.158426016996235251E+10   -0.905418713800323474E+02
    0.177191686195311504E+00    0.517747027332935872E+00    0.154623057346862888E+10   -0.905308996089955826E+02
    0.163659570326319892E+00    0.510588967732488186E+00    0.161455106585127091E+10   -0.905163158432536079E+02
    0.190240767767864694E+00    0.532130487934734830E+00    0.149873407574259686E+10   -0.904960644188291781E+02
    0.169014985055695816E+00    0.526948031253933635E+00    0.158255559376837301E+10   -0.904955793300009930E+02
    0.170447250486636781E+00    0.467483063772416330E+00    0.157581883305811238E+10   -0.904823521925811747E+02
    0.179476042442436756E+00    0.537971157879095330E+00    0.153853112977347088E+10   -0.904819250918046976E+02
    0.160743038440409713E+00    0.470096857142545232E+00    0.163149364638176632E+10   -0.903955215422885772E+02
    0.163686641661893562E+00    0.487433752265145515E+00    0.161311995560575294E+10   -0.902058938660431409E+02
    0.167171915502651286E+00    0.487680979466130538E+00    0.159304105965546131E+10   -0.903861682140691585E+02
    0.168714788631865592E+00    0.458277197415535298E+00    0.158897002067592263E+10   -0.900654264770108455E+02
    0.169477365051917073E+00    0.460630541630935753E+00    0.158492700184774876E+10   -0.902526850746456262E+02
    0.169578499386057180E+00    0.436561515046285820E+00    0.158657077981490016E+10   -0.901299852387130613E+02
    0.170296420409629612E+00    0.433907309211882364E+00    0.158370016706136322E+10   -0.896432080699218687E+02
    0.170296420409629612E+00    0.433907309211882364E+00    0.158370016706136322E+10   -0.896432080699218687E+02
    0.170254707937363803E+00    0.435356458453480144E+00    0.158083886593611479E+10   -0.903041277685493213E+02
    0.170104609540824042E+00    0.447623900387704055E+00    0.158363945554155135E+10   -0.897339568381332811E+02
    0.169890660484014633E+00    0.442268708959582924E+00    0.158386934874748087E+10   -0.900515829713642120E+02
    0.170040177437417339E+00    0.446531831555489589E+00    0.158401090719222307E+10   -0.894567457927559104E+02
    0.184172544082072231E+00    0.545473999619153105E+00    0.152081634545219517E+10   -0.901785784107901094E+02
    0.183772494676077147E+00    0.541449940633739857E+00    0.152226074571934843E+10   -0.888999110247117130E+02
    0.183772494676077147E+00    0.541449940633739857E+00    0.152226074571934843E+10   -0.888999110247117130E+02
    0.184202956065591339E+00    0.543032015247641553E+00    0.151997024992903662E+10   -0.893602151036864569E+02
    0.184202956065591339E+00    0.543032015247641553E+00    0.151997024992903662E+10   -0.893602151036864569E+02
    0.184460350900955528E+00    0.544090695810746539E+00    0.152000692303259706E+10   -0.894092431230034066E+02
    0.184460350900955528E+00    0.544090695810746539E+00    0.152000692303259706E+10   -0.894092431230034066E+02
    0.185666873217422479E+00    0.545853711741434822E+00    0.151548922420095491E+10   -0.891409789576941591E+02
    0.185666873217422479E+00    0.545853711741434822E+00    0.151548922420095491E+10   -0.891409789576941591E+02
    0.184188549258551437E+00    0.534982798225332346E+00    0.151562913243668032E+10   -0.896314251294509177E+02
    0.183502068085278247E+00    0.539400553893482737E+00    0.152052237962958336E+10   -0.893987784050654284E+02
    0.183502068085278247E+00    0.539400553893482737E+00    0.152052237962958336E+10   -0.893987784050654284E+02
    0.185999534459087956E+00    0.538556007375616375E+00    0.150970627487769675E+10   -0.900793811876914674E+02
    0.180655033009459676E+00    0.537883272064284768E+00    0.153319739959827328E+10   -0.897478726692162354E+02
    0.179627883700965441E+00    0.539754165456841406E+00    0.153809626297758174E+10   -0.897859420409280773E+02
    0.179627883700965441E+00    0.539754165456841406E+00    0.153809626297758174E+10   -0.897859420409280773E+02
    0.177730430173124787E+00    0.519312991945499292E+00    0.154580772389909911E+10   -0.895743791089404624E+02
    0.177473400860518826E+00    0.524310869340942176E+00    0.154781762950759697E+10   -0.895582569072544317E+02
    0.177659308029716301E+00    0.524074790300879556E+00    0.154897462573958039E+10   -0.899820508209759566E+02
    0.178492424070502531E+00    0.525357955830237700E+00    0.154361739704261112E+10   -0.904011154521864739E+02
    0.178232383165351838E+00    0.519552247504337927E+00    0.154351754086332464E+10   -0.903840786615589877E+02
    0.176446179507561252E+00    0.517124669785260949E+00    0.154960379440956116E+10   -0.901495824506417591E+02
    0.176086144462739569E+00    0.519165610595466731E+00    0.155176416129017448E+10   -0.898054172240709931E+02
    0.175630304108508717E+00    0.516618013338344895E+00    0.155442417287924242E+10   -0.894636421139397271E+02
    0.175315298487390192E+00    0.516719816780000230E+00    0.155532061831947541E+10   -0.899273320343713749E+02
    0.176191295247075441E+00    0.516465448505233127E+00    0.155055237849622846E+10   -0.898652687993073442E+02
    0.176395341716524101E+00    0.519706120110367209E+00    0.155260067766255045E+10   -0.895735324978256813E+02
    0.176395341716524101E+00    0.519706120110367209E+00    0.155260067766255045E+10   -0.895735324978256813E+02
    0.174339619023978487E+00    0.518993050808811418E+00    0.156159116533312130E+10   -0.894246867290139562E+02
    0.174571081931200800E+00    0.525708876616512555E+00    0.156344771515938210E+10   -0.897170833431335808E+02
    0.174571081931200800E+00    0.525708876616512555E+00    0.156344771515938210E+10   -0.897170833431335808E+02
    0.176533392043620341E+00    0.525667787031773415E+00    0.155429473611181998E+10   -0.899019373689048962E+02
    0.176552584242688326E+00    0.521690645871306202E+00    0.155180358963790560E+10   -0.898386955099699662E+02
    0.176196743002627332E+00    0.521397442055107518E+00    0.155471247707279038E+10   -0.892031190697481406E+02
    0.176196743002627332E+00    0.521397442055107518E+00    0.155471247707279038E+10   -0.892031190697481406E+02
    0.168061258355542059E+00    0.523529335027854259E+00    0.158915811946318388E+10   -0.902813190046710758E+02
    0.168642035851306771E+00    0.522092921494028417E+00    0.158814194767980218E+10   -0.902381039579955484E+02
    0.169170377630668362E+00    0.530900850975854155E+00    0.158609988873553133E+10   -0.904173369189572611E+02
    0.169004911042985650E+00    0.529950892693481279E+00    0.158725278138847208E+10   -0.895402303258796053E+02
    0.169380927778449430E+00    0.532726290645458178E+00    0.158958348819939709E+10   -0.900228346311167513E+02
    0.169113259788540804E+00    0.534615658294772089E+00    0.159227132514842463E+10   -0.893506003707808247E+02
    0.169239402697274943E+00    0.534737691571168128E+00    0.159080746886179829E+10   -0.901474558588752757E+02
    0.169254904215922708E+00    0.531028880230017819E+00    0.158928673294396567E+10   -0.896745749314019207E+02
    0.169254904215922708E+00    0.531028880230017819E+00    0.158928673294396567E+10   -0.896745749314019207E+02
    0.168700649985194934E+00    0.535310494055121211E+00    0.159214775649954462E+10   -0.898980781186459978E+02
    0.171079378485192946E+00    0.529065740858936095E+00    0.158218039469001007E+10   -0.899650434719276149E+02
    0.169080928785576845E+00    0.527732906989824002E+00    0.158441438873812771E+10   -0.899622134110655196E+02
    0.169713094453138286E+00    0.526534129497681747E+00    0.158580471917400908E+10   -0.893289434677955683E+02
    0.169713094453138286E+00    0.526534129497681747E+00    0.158580471917400908E+10   -0.893289434677955683E+02
    0.169641828710153153E+00    0.526290925465495718E+00    0.158248093854833984E+10   -0.898041693719267187E+02
    0.172933695953664646E+00    0.521330487522874364E+00    0.156409867267497802E+10   -0.903859026368532170E+02
    0.172207001850526620E+00    0.520128130537418798E+00    0.156645745542022657E+10   -0.903782111382288633E+02
    0.168397984116760546E+00    0.505765759484496868E+00    0.158883068010454893E+10   -0.902588322503722367E+02
    0.168488729759290801E+00    0.499650370595247750E+00    0.158901505861054015E+10   -0.900507697991560008E+02
    0.168941034016638458E+00    0.505805323200274159E+00    0.158406517214400220E+10   -0.903017576100384929E+02
    0.168817787736379565E+00    0.499770367141644911E+00    0.158595624626325607E+10   -0.903768308723413583E+02
    0.168271818948964896E+00    0.499337839454552679E+00    0.159100658440581727E+10   -0.902995381011803318E+02
    0.169816567584572309E+00    0.510168993258421466E+00    0.158180961580564570E+10   -0.896559335125167252E+02
    0.170106856580719445E+00    0.513119013035440830E+00    0.158170530271535254E+10   -0.894969300039756348E+02
    0.170106856580719445E+00    0.513119013035440830E+00    0.158170530271535254E+10   -0.894969300039756348E+02
    0.167818537372611487E+00    0.515199490197868926E+00    0.159192465259242940E+10   -0.903137778640218301E+02
    0.168937815832509164E+00    0.511763460467344444E+00    0.158640909642085147E+10   -0.897048603495248926E+02
    0.169985497778588873E+00    0.512267908385100057E+00    0.158480352190594578E+10   -0.903859993017394459E+02
    0.169573653508121369E+00    0.513981555692545555E+00    0.158419484653898382E+10   -0.900568571029235869E+02
    0.169514920088968152E+00    0.512192966177861919E+00    0.158639243856207585E+10   -0.897933332552335060E+02
    0.191920986929304760E+00    0.528349951150069330E+00    0.149628613108859539E+10   -0.902309943579413556E+02
    0.191193845874640167E+00    0.523941973334112632E+00    0.149838877899224544E+10   -0.901524791322761700E+02
    0.191653899951001294E+00    0.523061661061529293E+00    0.150029700346184444E+10   -0.899552196432497482E+02
    0.192302475666224326E+00    0.534290989483167778E+00    0.149453544026234579E+10   -0.899253786599199003E+02
    0.192243154335359490E+00    0.539795088703350245E+00    0.148794066745780325E+10   -0.896751674167872466E+02
    0.192616733267915008E+00    0.537513111469976934E+00    0.149099603387287664E+10   -0.895308499968250970E+02
    0.191911281998216943E+00    0.531127068957390591E+00    0.149536209856772304E+10   -0.894109532709058641E+02
    0.191675234170102071E+00    0.533932885457282680E+00    0.149135049679175591E+10   -0.894078987986445100E+02
    0.189633969625761845E+00    0.533171055765873092E+00    0.149487124025963664E+10   -0.893924674368427077E+02
    0.191064265416734491E+00    0.526497468328560814E+00    0.149577640175609541E+10   -0.893876284803065744E+02
    0.192526507385944901E+00    0.533811725837695761E+00    0.149495819084123492E+10   -0.892353896064486207E+02
    0.192181019750313875E+00    0.532896891853749111E+00    0.149374666359093833E+10   -0.886769033068844266E+02
    0.192181019750313875E+00    0.532896891853749111E+00    0.149374666359093833E+10   -0.886769033068844266E+02
    0.191799199616935145E+00    0.537906580165117276E+00    0.148990276526956081E+10   -0.882612655653082072E+02
    0.191799199616935145E+00    0.537906580165117276E+00    0.148990276526956081E+10   -0.882612655653082072E+02
    0.192421924906152564E+00    0.538673720520396415E+00    0.149067386070837951E+10   -0.881271757081776599E+02
    0.192421924906152564E+00    0.538673720520396415E+00    0.149067386070837951E+10   -0.881271757081776599E+02
    0.191893389842257400E+00    0.537883452723601607E+00    0.148982696511570191E+10   -0.887475607989436241E+02
    0.191676000678978276E+00    0.534198676340977840E+00    0.149238761533426857E+10   -0.887575618962621320E+02
    0.191805745243876946E+00    0.524520730423422066E+00    0.149984266303931618E+10   -0.887602530936053995E+02
    0.192268769441048315E+00    0.526970538819558243E+00    0.149811308144877100E+10   -0.893371060810615063E+02
    0.191643720094629044E+00    0.528103090267631359E+00    0.149516896478786445E+10   -0.891227976316397417E+02
    0.191381041220855586E+00    0.528347430446514110E+00    0.149531231582512665E+10   -0.881062739577230047E+02
    0.191381041220855586E+00    0.528347430446514110E+00    0.149531231582512665E+10   -0.881062739577230047E+02
    0.191648134682089077E+00    0.527055875964244080E+00    0.149760291134513116E+10   -0.885044218657389337E+02
    0.191293424805453749E+00    0.526231257955117826E+00    0.149653454494773889E+10   -0.886615781687419968E+02
    0.191293424805453749E+00    0.526231257955117826E+00    0.149653454494773889E+10   -0.886615781687419968E+02
    0.191369156567183618E+00    0.526584800242117623E+00    0.149674846387426424E+10   -0.889219365741559642E+02
    0.192390936601445517E+00    0.527153866137084037E+00    0.149860045942038321E+10   -0.892465124162220320E+02
    0.190964682937557140E+00    0.534111636897037556E+00    0.149871597595111299E+10   -0.876719526945354488E+02
    0.190964682937557140E+00    0.534111636897037556E+00    0.149871597595111299E+10   -0.876719526945354488E+02
    0.190964682937557140E+00    0.534111636897037556E+00    0.149871597595111299E+10   -0.876719526945354488E+02
    0.190017257877792445E+00    0.533163050979972297E+00    0.150073833788836408E+10   -0.890271055535250611E+02
    0.190754445605900103E+00    0.533738055788855803E+00    0.150323768515688324E+10   -0.877756968376904751E+02
    0.190754445605900103E+00    0.533738055788855803E+00    0.150323768515688324E+10   -0.877756968376904751E+02
    0.190754445605900103E+00    0.533738055788855803E+00    0.150323768515688324E+10   -0.877756968376904751E+02
    0.191098645928321709E+00    0.534340379774477015E+00    0.149543101456675744E+10   -0.886891391196635652E+02
