    0.327944175212261879E+00    0.509372422947135917E+00    0.481145297449870300E+10   -0.122857898475345280E+03
    0.392026818262755150E+00    0.331472130609933302E+00    0.429239435665774059E+10   -0.122424599063588346E+03
    0.349736198165825796E+00    0.337703408326051502E+00    0.462467989799781227E+10   -0.121988669348047154E+03
    0.376174842196005832E+00    0.444643961332889859E+00    0.438833036520042229E+10   -0.121983215006021851E+03
    0.306984900350579848E+00    0.422733510540794555E+00    0.487438841267907715E+10   -0.121800922010746262E+03
    0.404164862677410031E+00    0.464800596427348722E+00    0.425705613345632648E+10   -0.121776157006115852E+03
    0.353462778106168163E+00    0.385640977300166554E+00    0.455924262828101444E+10   -0.121717778055008154E+03
    0.348873741494470979E+00    0.448376597662754506E+00    0.466033345900026512E+10   -0.121707641119890326E+03
    0.347607273040317188E+00    0.572706032109715935E+00    0.460469275546852684E+10   -0.121582941931900280E+03
    0.374521798028012609E+00    0.378910485876495784E+00    0.439584444226307964E+10   -0.121100187063517339E+03
    0.383224511983670080E+00    0.387910281781163491E+00    0.441727903596716976E+10   -0.121072507769511049E+03
    0.338554938123553473E+00    0.398090489678601500E+00    0.473019775507861519E+10   -0.121028663843638824E+03
    0.326211064673568640E+00    0.623127101361895086E+00    0.478533776756976318E+10   -0.120720853165920118E+03
    0.349691408878185395E+00    0.391189995135825086E+00    0.462168429501622677E+10   -0.120710352206951441E+03
    0.327787586150792065E+00    0.469100279244313967E+00    0.468990176376295471E+10   -0.120609980094890147E+03
    0.374817744397454800E+00    0.469240937005643843E+00    0.440070706928478718E+10   -0.120600058174421150E+03
    0.342640981361338359E+00    0.421129671113948945E+00    0.460954951956969929E+10   -0.120598351465734879E+03
    0.360157720683064397E+00    0.471948197229385968E+00    0.455302830839267159E+10   -0.120412375739575111E+03
    0.324872829061183199E+00    0.534470674807121071E+00    0.478225548183823109E+10   -0.120410908306373329E+03
    0.410263308622191847E+00    0.529683433391248570E+00    0.423907582116348076E+10   -0.120267461896729912E+03
    0.327507424493936161E+00    0.410396927887898499E+00    0.471888173627641296E+10   -0.120211185479541186E+03
    0.366516989228475421E+00    0.405249983174030604E+00    0.443633950594291019E+10   -0.120177171074599542E+03
    0.318445356745919395E+00    0.545952569937673715E+00    0.483015258065214348E+10   -0.120125699102731602E+03
    0.329087999139355492E+00    0.578180323027355669E+00    0.476575800451007175E+10   -0.120094341931092458E+03
    0.324495600262017903E+00    0.524990927681800557E+00    0.474786956511987686E+10   -0.120059136623457263E+03
    0.399923640926162560E+00    0.412673895199656471E+00    0.431576567725751781E+10   -0.119952486710404770E+03
    0.386966037168352428E+00    0.421615260370982625E+00    0.433976397780858040E+10   -0.119924821361754098E+03
    0.352479628433620018E+00    0.407951194656121174E+00    0.452679599081609535E+10   -0.119920913750999972E+03
    0.322556869998846529E+00    0.400008850595369836E+00    0.478159942983072281E+10   -0.119918989112192648E+03
    0.329335822374514142E+00    0.521853368204745038E+00    0.474088437816715050E+10   -0.119854798046776068E+03
    0.352513898063638587E+00    0.504148099863023447E+00    0.452294134146564293E+10   -0.119853189792803931E+03
    0.374802770107608485E+00    0.435788079039120646E+00    0.442901641393436241E+10   -0.119812829802035282E+03
    0.391108099157915112E+00    0.415011296406998298E+00    0.431698915943790627E+10   -0.119811393651716784E+03
    0.404331967062648068E+00    0.369531435771566663E+00    0.426639825053580379E+10   -0.119784987230723374E+03
    0.357188567887694541E+00    0.391718122626997456E+00    0.459107352901469231E+10   -0.119772293653404176E+03
    0.383829867693263493E+00    0.371317140201778528E+00    0.435288548414971161E+10   -0.119744034204871099E+03
    0.390982376041658475E+00    0.532908483577511305E+00    0.432751233894471073E+10   -0.119697908458000597E+03
    0.358922925568348761E+00    0.497600420456361547E+00    0.453017282692289925E+10   -0.119695009560749241E+03
    0.331528683681392156E+00    0.450686663427255496E+00    0.470967377042948627E+10   -0.119682096635037453E+03
    0.361590713321222224E+00    0.460693340253698125E+00    0.453588140185883141E+10   -0.119677725298997217E+03
    0.341309372364671293E+00    0.422839985987016220E+00    0.462301379504418850E+10   -0.119669509275664012E+03
    0.324806680881220999E+00    0.491785448392610292E+00    0.478630193114876652E+10   -0.119667625361056807E+03
    0.339637874446234889E+00    0.600502731036572257E+00    0.468668299552495766E+10   -0.119656296718684274E+03
    0.344122311327163533E+00    0.473513338810288786E+00    0.466774372535979176E+10   -0.119633615044176082E+03
    0.386633921021235394E+00    0.517397609515754198E+00    0.434527889815958977E+10   -0.119620331114799157E+03
    0.384507593943741066E+00    0.394551938381175304E+00    0.435893541149144840E+10   -0.119593875370155175E+03
    0.368497575928366961E+00    0.499568466726799443E+00    0.450154580184815979E+10   -0.119566306378464134E+03
    0.330292161998948675E+00    0.457711611734371360E+00    0.469481685549195576E+10   -0.119551833072761951E+03
    0.310338918879391967E+00    0.347171092111583590E+00    0.484812420269634724E+10   -0.119540685632948879E+03
    0.382191850391407517E+00    0.454202497567449015E+00    0.436187882211395168E+10   -0.119527354493524712E+03
    0.347542719743138939E+00    0.596846944151803172E+00    0.459613549849830246E+10   -0.119503209489069633E+03
    0.357446613452751361E+00    0.385378929070022025E+00    0.455420691749523926E+10   -0.119501993442022112E+03
    0.389903568626863484E+00    0.363556184350631639E+00    0.437187097905865669E+10   -0.119497943077318297E+03
    0.376986790817553263E+00    0.469077705557081615E+00    0.444834706603489304E+10   -0.119485418584386736E+03
    0.357454829782654360E+00    0.504255748389603298E+00    0.451925533560976696E+10   -0.119436371663101994E+03
    0.331998581640658263E+00    0.430353195915140319E+00    0.469079905160103130E+10   -0.119431469650310163E+03
    0.338161435366473417E+00    0.539730441601125932E+00    0.469522497707393456E+10   -0.119417796731854210E+03
    0.333949742023100959E+00    0.530138820413306178E+00    0.469683307166672421E+10   -0.119414332017449539E+03
    0.348417852359499514E+00    0.495769058981140986E+00    0.457527318831599998E+10   -0.119381120650161094E+03
    0.366199261566431566E+00    0.476321941122794357E+00    0.448597003496119404E+10   -0.119369486861259588E+03
    0.354694312446982352E+00    0.391476947227996419E+00    0.453196368999926281E+10   -0.119339059614194227E+03
    0.399740107432043690E+00    0.466777838241828391E+00    0.430572040354992867E+10   -0.119337964750967942E+03
    0.346814244866394283E+00    0.418511134467067336E+00    0.462276686480086613E+10   -0.119310176304587202E+03
    0.361348596597048433E+00    0.507469105619428262E+00    0.453633461264306927E+10   -0.119309835451614646E+03
    0.358780816206528574E+00    0.591961065851497992E+00    0.456744982334416008E+10   -0.119299371086448787E+03
    0.347547544758247451E+00    0.405084068207312242E+00    0.457037357199262142E+10   -0.119296958337242302E+03
    0.389822873401430126E+00    0.488762299586912974E+00    0.435448037037158775E+10   -0.119256201882700566E+03
    0.332755117275090995E+00    0.455921442265939447E+00    0.474323338340594959E+10   -0.119238905463660316E+03
    0.370873697736681496E+00    0.533301356466965970E+00    0.443123162859165764E+10   -0.119234136503217968E+03
    0.339244656727349436E+00    0.334863031408996648E+00    0.460327744260921097E+10   -0.119230384910223620E+03
    0.363660579100033410E+00    0.485100798869089189E+00    0.446930124576195335E+10   -0.119227519317639818E+03
    0.353709109394518939E+00    0.565964669403181020E+00    0.459258335347624493E+10   -0.119206165749814687E+03
    0.386691655684067770E+00    0.494706737872885327E+00    0.436854824371768093E+10   -0.119196063308731112E+03
    0.339365141724421393E+00    0.422849015759785729E+00    0.465364793601567841E+10   -0.119155178849956940E+03
    0.396197590696418855E+00    0.363490054749417979E+00    0.431430400299255180E+10   -0.119141990373325655E+03
    0.392055883923249526E+00    0.491364359093928726E+00    0.435221375335477638E+10   -0.119137483197068690E+03
    0.334620276283709439E+00    0.469652897246518819E+00    0.466175353430695820E+10   -0.119128170752117938E+03
    0.348275450278525633E+00    0.376942469243534362E+00    0.456633098713220406E+10   -0.119125949130507564E+03
    0.349746193451366649E+00    0.467411659970370152E+00    0.454755242012248230E+10   -0.119093611712135896E+03
    0.355263852744980846E+00    0.430702732591184301E+00    0.458078204324070835E+10   -0.119092512394142261E+03
    0.321876763128949195E+00    0.532756070570307827E+00    0.476531598845902348E+10   -0.119088064710363255E+03
    0.321876763128949195E+00    0.532756070570307827E+00    0.476531598845902348E+10   -0.119088064710363255E+03
    0.350086000553898880E+00    0.507093914923695266E+00    0.460590629050151730E+10   -0.119056013792843402E+03
    0.350086000553898880E+00    0.507093914923695266E+00    0.460590629050151730E+10   -0.119056013792843402E+03
    0.390936680522005475E+00    0.437920704583781628E+00    0.434238380300562382E+10   -0.119039898062225774E+03
    0.336963978408020115E+00    0.423916913343699520E+00    0.467469787164247417E+10   -0.119035473085557882E+03
    0.343807277732253613E+00    0.438787941301182371E+00    0.464200970754517078E+10   -0.119011710804933202E+03
    0.351405895437114257E+00    0.420726225064607107E+00    0.454693529668742657E+10   -0.118983502892137722E+03
    0.388291224059147899E+00    0.436857047515088581E+00    0.439648352459560108E+10   -0.118960982210265854E+03
    0.397690811794872368E+00    0.494268715665892699E+00    0.431608998083568096E+10   -0.118958683579871959E+03
    0.389695712020448726E+00    0.458942808802158098E+00    0.435431910679168510E+10   -0.118954493031989728E+03
    0.390170164708911693E+00    0.491817220525669896E+00    0.437260944082649517E+10   -0.118933601926526535E+03
    0.359652519000749793E+00    0.403595239304610942E+00    0.448560616855026436E+10   -0.118931158801026243E+03
    0.380070031783816875E+00    0.448396222006559597E+00    0.439791150826665020E+10   -0.118921801567666250E+03
    0.368204814792917445E+00    0.384511937617524779E+00    0.450079938010203075E+10   -0.118918533410472349E+03
    0.367227724154789603E+00    0.534866971972578042E+00    0.450305348827559280E+10   -0.118906168621571368E+03
    0.343066250598837719E+00    0.433642482472194501E+00    0.462799199062982845E+10   -0.118903231019138133E+03
    0.341397081819234283E+00    0.406152555197367704E+00    0.459191204173519802E+10   -0.118889457833943212E+03
    0.367283498283849763E+00    0.485536600226799564E+00    0.445569317513139629E+10   -0.118873795804908468E+03
    0.336577166789401916E+00    0.461026616548217305E+00    0.466704702220533466E+10   -0.118837775052572212E+03
    0.336577166789401916E+00    0.461026616548217305E+00    0.466704702220533466E+10   -0.118837775052572212E+03
    0.383371521325501952E+00    0.446861388162558271E+00    0.436394490206713390E+10   -0.118804155017160724E+03
    0.329549098521400796E+00    0.383322429301722778E+00    0.467997159136741257E+10   -0.118796377868562914E+03
    0.365073484551579175E+00    0.564012736975191942E+00    0.450182944016476345E+10   -0.118795162957962901E+03
    0.365073484551579175E+00    0.564012736975191942E+00    0.450182944016476345E+10   -0.118795162957962901E+03
    0.346748331329230386E+00    0.529868648502231920E+00    0.461521458916689682E+10   -0.118772157276094518E+03
    0.370104065089155276E+00    0.426344283988751016E+00    0.444538092852961159E+10   -0.118762960146989442E+03
    0.386225907888379016E+00    0.414993149480267220E+00    0.434885900352532196E+10   -0.118759161054502840E+03
    0.388827606865075170E+00    0.510776380992535195E+00    0.437428069568102551E+10   -0.118726997495433864E+03
    0.359268226799513202E+00    0.419512953664911592E+00    0.449161652752900600E+10   -0.118710829084853458E+03
    0.315736330447313474E+00    0.370874929072964932E+00    0.482884076076725388E+10   -0.118698860592309046E+03
    0.371330873439414955E+00    0.498239706109039560E+00    0.444013372419051456E+10   -0.118694115887896800E+03
    0.348128538259620146E+00    0.392657149990609966E+00    0.458987143116711521E+10   -0.118690597507449866E+03
    0.348128538259620146E+00    0.392657149990609966E+00    0.458987143116711521E+10   -0.118690597507449866E+03
    0.379341774434054257E+00    0.415871768769308758E+00    0.442481314515836048E+10   -0.118673836663136157E+03
    0.357237482414458796E+00    0.469176198670325562E+00    0.453688506040494537E+10   -0.118673210738897751E+03
    0.357237482414458796E+00    0.469176198670325562E+00    0.453688506040494537E+10   -0.118673210738897751E+03
    0.367341923657499236E+00    0.439842921028276379E+00    0.451107484221256447E+10   -0.118614381165514757E+03
    0.350451054824478025E+00    0.470789731275010226E+00    0.456877437039095211E+10   -0.118595388084335127E+03
    0.363726659392292651E+00    0.490662637336708229E+00    0.448967080381428242E+10   -0.118591403628698885E+03
    0.337464426489646196E+00    0.406646373075004064E+00    0.464878555191292095E+10   -0.118585644867974310E+03
    0.356000133258794704E+00    0.470182454605092559E+00    0.458758068773962402E+10   -0.118583601881284608E+03
    0.339921618397455549E+00    0.430241901318815678E+00    0.462703128423267460E+10   -0.118580189226150807E+03
    0.339776914808024189E+00    0.479027078393844619E+00    0.465575417663250923E+10   -0.118558217567073513E+03
    0.339776914808024189E+00    0.479027078393844619E+00    0.465575417663250923E+10   -0.118558217567073513E+03
    0.330697976148984607E+00    0.441789228407280632E+00    0.471609735508329773E+10   -0.118505460436695998E+03
    0.335970667665929978E+00    0.496538341283716989E+00    0.470151969922045803E+10   -0.118481124074128672E+03
    0.341531250022437172E+00    0.399120286793330337E+00    0.461868796999820042E+10   -0.118474789727331753E+03
    0.335935183204983889E+00    0.446996294870068311E+00    0.467414572517796612E+10   -0.118472294444486209E+03
    0.335935183204983889E+00    0.446996294870068311E+00    0.467414572517796612E+10   -0.118472294444486209E+03
    0.339540359279814186E+00    0.426196339932491952E+00    0.462260385817070866E+10   -0.118442415564766975E+03
    0.396014732290860316E+00    0.512833292797818530E+00    0.431770897036821842E+10   -0.118403312067515344E+03
    0.396014732290860316E+00    0.512833292797818530E+00    0.431770897036821842E+10   -0.118403312067515344E+03
    0.337002144541684978E+00    0.415970808549079862E+00    0.468113546998791885E+10   -0.118384686741910514E+03
    0.374168532620182848E+00    0.542881578666055020E+00    0.442382219113703823E+10   -0.118383580391131431E+03
    0.322563201913106612E+00    0.476750806644785641E+00    0.477422259937602234E+10   -0.118363751603902344E+03
    0.347025312473976555E+00    0.516013340454533065E+00    0.460719749804726601E+10   -0.118354415640201978E+03
    0.334013800904980895E+00    0.414074153937312062E+00    0.466729044561082554E+10   -0.118312883655775892E+03
    0.360961691097218484E+00    0.490614348512734111E+00    0.451802792257145214E+10   -0.118286783324705283E+03
    0.378995220405169697E+00    0.344798615165931466E+00    0.442128034061132812E+10   -0.118285941069756916E+03
    0.378995220405169697E+00    0.344798615165931466E+00    0.442128034061132812E+10   -0.118285941069756916E+03
    0.347720847708040737E+00    0.529470184029010582E+00    0.461063593188337421E+10   -0.118284608330954939E+03
    0.363061722358585415E+00    0.519383435266982829E+00    0.451643874275571346E+10   -0.118283328322236656E+03
    0.392096568414219748E+00    0.489422698351615892E+00    0.433519368058833981E+10   -0.118278574928549844E+03
    0.392096568414219748E+00    0.489422698351615892E+00    0.433519368058833981E+10   -0.118278574928549844E+03
    0.351911766001855364E+00    0.502776439050800050E+00    0.455649169919261646E+10   -0.118270772575683736E+03
    0.351911766001855364E+00    0.502776439050800050E+00    0.455649169919261646E+10   -0.118270772575683736E+03
    0.344876810536903278E+00    0.416971794250162731E+00    0.463503785095274544E+10   -0.118263444061514065E+03
    0.344876810536903278E+00    0.416971794250162731E+00    0.463503785095274544E+10   -0.118263444061514065E+03
    0.396435509865706082E+00    0.536994554389703893E+00    0.431708971630780220E+10   -0.118248926119821277E+03
    0.356557135177082984E+00    0.564456628945155359E+00    0.457894107856716442E+10   -0.118237654993978083E+03
    0.356557135177082984E+00    0.564456628945155359E+00    0.457894107856716442E+10   -0.118237654993978083E+03
    0.368868443156640746E+00    0.488502868999756146E+00    0.450733275673630238E+10   -0.118222786443456783E+03
    0.368868443156640746E+00    0.488502868999756146E+00    0.450733275673630238E+10   -0.118222786443456783E+03
    0.390341923362752641E+00    0.471987473016572068E+00    0.437373658468252277E+10   -0.118196265618083913E+03
    0.390341923362752641E+00    0.471987473016572068E+00    0.437373658468252277E+10   -0.118196265618083913E+03
    0.362342820994811299E+00    0.435795180524213066E+00    0.448418120699876690E+10   -0.118191342546491100E+03
    0.362342820994811299E+00    0.435795180524213066E+00    0.448418120699876690E+10   -0.118191342546491100E+03
    0.346799506340697561E+00    0.496420500094664874E+00    0.462750049789778233E+10   -0.118188026430334475E+03
    0.363121860000482799E+00    0.445182181671949451E+00    0.448919642556126595E+10   -0.118175953804868101E+03
    0.352146377359683904E+00    0.449645184552771582E+00    0.455256462243084717E+10   -0.118175471959549881E+03
    0.343016672556119229E+00    0.309077297215781144E+00    0.461645859526641083E+10   -0.118171002427898472E+03
    0.341049871709862895E+00    0.505333033592272329E+00    0.462543130108719635E+10   -0.118154712461443154E+03
    0.358922152599383870E+00    0.467075861550910076E+00    0.451051910485382557E+10   -0.118153984127235617E+03
    0.358922152599383870E+00    0.467075861550910076E+00    0.451051910485382557E+10   -0.118153984127235617E+03
    0.375670801517431596E+00    0.463377745816533348E+00    0.442396101872275162E+10   -0.118147181483802029E+03
    0.357304222019963869E+00    0.509402823135037153E+00    0.451962067065928268E+10   -0.118142279402353324E+03
    0.357304222019963869E+00    0.509402823135037153E+00    0.451962067065928268E+10   -0.118142279402353324E+03
    0.348957204882265559E+00    0.422457755346144381E+00    0.455814663853622150E+10   -0.118135371344317363E+03
    0.348957204882265559E+00    0.422457755346144381E+00    0.455814663853622150E+10   -0.118135371344317363E+03
    0.346073307106461725E+00    0.457422920456219018E+00    0.460313184143377686E+10   -0.118134440369075776E+03
    0.346073307106461725E+00    0.457422920456219018E+00    0.460313184143377686E+10   -0.118134440369075776E+03
    0.350491951647549149E+00    0.515837744241423479E+00    0.458864622080164528E+10   -0.118127261491323708E+03
    0.355327087757202731E+00    0.368748339441506090E+00    0.454245184485229874E+10   -0.118121732117505644E+03
    0.355327087757202731E+00    0.368748339441506090E+00    0.454245184485229874E+10   -0.118121732117505644E+03
    0.370122404976435948E+00    0.532491458422928332E+00    0.448783141542650318E+10   -0.118097034425397752E+03
    0.374811604107687379E+00    0.406167776267947644E+00    0.443724726569576836E+10   -0.118091734874206992E+03
    0.348904438527178118E+00    0.456961932265667059E+00    0.462807404042297077E+10   -0.118087767275808204E+03
    0.365488558120997120E+00    0.513615491681695957E+00    0.451618163699596500E+10   -0.118075068673810563E+03
    0.358733979757319132E+00    0.283405318475091761E+00    0.453044153563794518E+10   -0.118072297012942244E+03
    0.358733979757319132E+00    0.283405318475091761E+00    0.453044153563794518E+10   -0.118072297012942244E+03
    0.334166562640735521E+00    0.535944048753378866E+00    0.470322342969050217E+10   -0.118069255266009804E+03
    0.334166562640735521E+00    0.535944048753378866E+00    0.470322342969050217E+10   -0.118069255266009804E+03
    0.330644354540162277E+00    0.421992832645139870E+00    0.469896481977518272E+10   -0.118056249930548262E+03
    0.342513049280446902E+00    0.557195335670346736E+00    0.464240467328047752E+10   -0.118054552481970489E+03
    0.343015638370762543E+00    0.545545642016518784E+00    0.465021299564729977E+10   -0.118047168635576170E+03
    0.346201568311424901E+00    0.456803299238433880E+00    0.458021876478315544E+10   -0.118015036713803752E+03
    0.351623844023609800E+00    0.439559653618253776E+00    0.460388143413321495E+10   -0.117989790558199644E+03
    0.375779945329575427E+00    0.445111507393429306E+00    0.443197491398208046E+10   -0.117980121775724797E+03
    0.375779945329575427E+00    0.445111507393429306E+00    0.443197491398208046E+10   -0.117980121775724797E+03
    0.353525322076581272E+00    0.531915603446098118E+00    0.455686238093912506E+10   -0.117977445683894814E+03
    0.342628910537786102E+00    0.389826337330688943E+00    0.459743332312033653E+10   -0.117974415308960943E+03
    0.342628910537786102E+00    0.389826337330688943E+00    0.459743332312033653E+10   -0.117974415308960943E+03
    0.340521737846808337E+00    0.401393924555517145E+00    0.464631557750359154E+10   -0.117966466829673209E+03
    0.378543332461655224E+00    0.496037668742042470E+00    0.443251207771233082E+10   -0.117965856423942569E+03
    0.378543332461655224E+00    0.496037668742042470E+00    0.443251207771233082E+10   -0.117965856423942569E+03
    0.363829074764129179E+00    0.454438976194964539E+00    0.450913020766104984E+10   -0.117965664265027257E+03
    0.363829074764129179E+00    0.454438976194964539E+00    0.450913020766104984E+10   -0.117965664265027257E+03
    0.337401562219777185E+00    0.479009085538109503E+00    0.464417359853031921E+10   -0.117955143068321775E+03
    0.337401562219777185E+00    0.479009085538109503E+00    0.464417359853031921E+10   -0.117955143068321775E+03
    0.352791955787830847E+00    0.457830390778770635E+00    0.457906596318884087E+10   -0.117949628005604694E+03
    0.352791955787830847E+00    0.457830390778770635E+00    0.457906596318884087E+10   -0.117949628005604694E+03
    0.330707231651916289E+00    0.418904583070869307E+00    0.470159065066101837E+10   -0.117942913670851794E+03
    0.330707231651916289E+00    0.418904583070869307E+00    0.470159065066101837E+10   -0.117942913670851794E+03
    0.341082456139226609E+00    0.426544724247921891E+00    0.462441295217948151E+10   -0.117942868240789622E+03
    0.335023627825746906E+00    0.440004134638066091E+00    0.470087277063162327E+10   -0.117942494075884696E+03
    0.330639838847064549E+00    0.494312548461239842E+00    0.471102232523801804E+10   -0.117931686742466795E+03
    0.330639838847064549E+00    0.494312548461239842E+00    0.471102232523801804E+10   -0.117931686742466795E+03
    0.338916995140606969E+00    0.420695058864700044E+00    0.465865669638281631E+10   -0.117929291451159457E+03
    0.368351359208670237E+00    0.442760295255322234E+00    0.445520180412902546E+10   -0.117912642078919603E+03
    0.368351359208670237E+00    0.442760295255322234E+00    0.445520180412902546E+10   -0.117912642078919603E+03
    0.348403550544263363E+00    0.474925374678536016E+00    0.456829487779027557E+10   -0.117901613250980802E+03
    0.356301043096860171E+00    0.333488975332832283E+00    0.454570576185591602E+10   -0.117897206061666651E+03
    0.362283337960418117E+00    0.546096731872689034E+00    0.451548267237325764E+10   -0.117893987468010380E+03
    0.362283337960418117E+00    0.546096731872689034E+00    0.451548267237325764E+10   -0.117893987468010380E+03
    0.385122887266683755E+00    0.441024432781025766E+00    0.437747391114752197E+10   -0.117870768280715282E+03
    0.342218037331890323E+00    0.515727124621019328E+00    0.461878427143716812E+10   -0.117854603770217764E+03
    0.341249483945500198E+00    0.485525087193821037E+00    0.467188211178411770E+10   -0.117851706406193770E+03
    0.343946006784530189E+00    0.410620470488980871E+00    0.459449394405337524E+10   -0.117850115932610464E+03
    0.342323688887157029E+00    0.424101139119098747E+00    0.465994450648100758E+10   -0.117835603992333802E+03
    0.366672462303377578E+00    0.482483113667345975E+00    0.449672202084143734E+10   -0.117829588665273235E+03
    0.356475376723808135E+00    0.456194409521323507E+00    0.452636882301691151E+10   -0.117824503008633073E+03
    0.356475376723808135E+00    0.456194409521323507E+00    0.452636882301691151E+10   -0.117824503008633073E+03
    0.324097556564986455E+00    0.449070847001447504E+00    0.475182859480402660E+10   -0.117798854306025078E+03
    0.362013021324354090E+00    0.548207631615708735E+00    0.450866337290605450E+10   -0.117759797074857332E+03
    0.372149477002140461E+00    0.521642343535713593E+00    0.448199324854034996E+10   -0.117747898270612467E+03
    0.362708986596388228E+00    0.454432744563163737E+00    0.449965539421268559E+10   -0.117745279980672834E+03
    0.346531040544411972E+00    0.415038344516769797E+00    0.460472518112552357E+10   -0.117745208494028489E+03
    0.366461031257720338E+00    0.472628786773199749E+00    0.448578491889969063E+10   -0.117739205661460446E+03
    0.366461031257720338E+00    0.472628786773199749E+00    0.448578491889969063E+10   -0.117739205661460446E+03
    0.346802132851746159E+00    0.491045669194443590E+00    0.460732391368043900E+10   -0.117736537587781584E+03
    0.346802132851746159E+00    0.491045669194443590E+00    0.460732391368043900E+10   -0.117736537587781584E+03
    0.339817586623430645E+00    0.403144575585400844E+00    0.465481160465440750E+10   -0.117730040675833607E+03
    0.339817586623430645E+00    0.403144575585400844E+00    0.465481160465440750E+10   -0.117730040675833607E+03
    0.353833093023790846E+00    0.467408239825219951E+00    0.456823555901716995E+10   -0.117717768010522633E+03
    0.344880055880806946E+00    0.566624542197695646E+00    0.464160024831654549E+10   -0.117712662556426750E+03
    0.352410759802912310E+00    0.423257798831297549E+00    0.454503935786334705E+10   -0.117710902869209974E+03
    0.357808960939704490E+00    0.489109588468172873E+00    0.453638664783595276E+10   -0.117709434879205162E+03
    0.342966181288069882E+00    0.397699742436230963E+00    0.462325898671124363E+10   -0.117697277626245295E+03
    0.340356112990116311E+00    0.388653567172598358E+00    0.466304581033629131E+10   -0.117685384714880627E+03
    0.360527326799456038E+00    0.402716139099476678E+00    0.449798368635895634E+10   -0.117682636275888342E+03
    0.345246063783781143E+00    0.483521167356183668E+00    0.460849804548662567E+10   -0.117673926180244592E+03
    0.345246063783781143E+00    0.483521167356183668E+00    0.460849804548662567E+10   -0.117673926180244592E+03
    0.351711443808490287E+00    0.477952947488951452E+00    0.456116010007436848E+10   -0.117660770519195438E+03
    0.357119428711992759E+00    0.417763337691338776E+00    0.452646368701789379E+10   -0.117655215399989572E+03
    0.349670090525129929E+00    0.477567282418105421E+00    0.461965899347036934E+10   -0.117652138851680206E+03
    0.349670090525129929E+00    0.477567282418105421E+00    0.461965899347036934E+10   -0.117652138851680206E+03
    0.345719321573744687E+00    0.503257848025169707E+00    0.459823547984758472E+10   -0.117651014308617022E+03
    0.345719321573744687E+00    0.503257848025169707E+00    0.459823547984758472E+10   -0.117651014308617022E+03
    0.338453999143571105E+00    0.507041719907155297E+00    0.466318485915982628E+10   -0.117644811760670109E+03
    0.338453999143571105E+00    0.507041719907155297E+00    0.466318485915982628E+10   -0.117644811760670109E+03
    0.386093709799142981E+00    0.488550002812198514E+00    0.438131794470407009E+10   -0.117644168570229283E+03
    0.356054825042809497E+00    0.505328886541585476E+00    0.452726886006833553E+10   -0.117641432089832506E+03
    0.370672393988039028E+00    0.475397540485694492E+00    0.444662658047733021E+10   -0.117636366416426768E+03
    0.375138722331453067E+00    0.456054248851556210E+00    0.442498902596238995E+10   -0.117604473167704469E+03
    0.345624174077146851E+00    0.479643178813333293E+00    0.461818220946167564E+10   -0.117603082904183537E+03
    0.357907885255192681E+00    0.348221595347492752E+00    0.452086295136728954E+10   -0.117596381616808785E+03
    0.369478947279915926E+00    0.424203483691512062E+00    0.447715084796862984E+10   -0.117594114045326137E+03
    0.359768009784509735E+00    0.500828205164339124E+00    0.451096959336961651E+10   -0.117591066841544617E+03
    0.357805591749801477E+00    0.510284262104853781E+00    0.453333718505505180E+10   -0.117588436326414268E+03
    0.368785068671575234E+00    0.475339582579179520E+00    0.447964714961463642E+10   -0.117583195072035380E+03
    0.346258350529476011E+00    0.416728633771077384E+00    0.458712816021082497E+10   -0.117581548461796842E+03
    0.346258350529476011E+00    0.416728633771077384E+00    0.458712816021082497E+10   -0.117581548461796842E+03
    0.367993824328207764E+00    0.502793047092090717E+00    0.450402623790922260E+10   -0.117577270653373901E+03
    0.331491290866874844E+00    0.472165146812844938E+00    0.470830484730923080E+10   -0.117576123689074961E+03
    0.358885092357501989E+00    0.512840781314714889E+00    0.456300502114462376E+10   -0.117563936515558737E+03
    0.358885092357501989E+00    0.512840781314714889E+00    0.456300502114462376E+10   -0.117563936515558737E+03
    0.361024547973899046E+00    0.505901068662215181E+00    0.450479346801271534E+10   -0.117555002653685563E+03
    0.361024547973899046E+00    0.505901068662215181E+00    0.450479346801271534E+10   -0.117555002653685563E+03
    0.344373791911217197E+00    0.453877900686393332E+00    0.461832222441998386E+10   -0.117527822854859494E+03
    0.368120510058187633E+00    0.487181844467736269E+00    0.449803704458244228E+10   -0.117519418102321055E+03
    0.338987815268129877E+00    0.472126703696339689E+00    0.466863421130782032E+10   -0.117518884385159197E+03
    0.356746043370613719E+00    0.463360373088736566E+00    0.455866980609461117E+10   -0.117515405040093896E+03
    0.366013321177221018E+00    0.412357537242380445E+00    0.448494076427755547E+10   -0.117512137941092931E+03
    0.366005093746001209E+00    0.517237114404087706E+00    0.448192328051301956E+10   -0.117510123445593450E+03
    0.345752910160492033E+00    0.463544000349713770E+00    0.464776731082793808E+10   -0.117492639763979753E+03
    0.342661972996846143E+00    0.383453227569102495E+00    0.461898368086922359E+10   -0.117489119929309879E+03
    0.339374398392298660E+00    0.405098197973101648E+00    0.464473898705089951E+10   -0.117482314287325536E+03
    0.376004205221355359E+00    0.500245991631922848E+00    0.444851646597114754E+10   -0.117477769919690743E+03
    0.346033340866551908E+00    0.478403347082741348E+00    0.459309833749377728E+10   -0.117465741638466966E+03
    0.344439789084221737E+00    0.410587190197439611E+00    0.460373793262119102E+10   -0.117440033078366582E+03
    0.360088846753697900E+00    0.507758425780046707E+00    0.453046493016638756E+10   -0.117418375503400028E+03
    0.360088846753697900E+00    0.507758425780046707E+00    0.453046493016638756E+10   -0.117418375503400028E+03
    0.365444304329591407E+00    0.520605722524340564E+00    0.452340753051197338E+10   -0.117416183064118883E+03
    0.369235063648253314E+00    0.529909618928154913E+00    0.448579835392560291E+10   -0.117415305176312714E+03
    0.369235063648253314E+00    0.529909618928154913E+00    0.448579835392560291E+10   -0.117415305176312714E+03
    0.346204084462207906E+00    0.496947688448511116E+00    0.462212262180316257E+10   -0.117413621811261848E+03
    0.346204084462207906E+00    0.496947688448511116E+00    0.462212262180316257E+10   -0.117413621811261848E+03
    0.348670033589627948E+00    0.532046460244222530E+00    0.459890806898997784E+10   -0.117410688206811173E+03
    0.348670033589627948E+00    0.532046460244222530E+00    0.459890806898997784E+10   -0.117410688206811173E+03
    0.372618265231775381E+00    0.498749512484771174E+00    0.446111398105710602E+10   -0.117407407623308330E+03
    0.368378308548285072E+00    0.417907287604432298E+00    0.446268511289252090E+10   -0.117395980244624923E+03
    0.368378308548285072E+00    0.417907287604432298E+00    0.446268511289252090E+10   -0.117395980244624923E+03
    0.337035405893813200E+00    0.400672692779973971E+00    0.466430167609704685E+10   -0.117395965409684933E+03
    0.351423785792159105E+00    0.553696867793874503E+00    0.458822763573244286E+10   -0.117379499051358408E+03
    0.353572580323312513E+00    0.429512926271744533E+00    0.455230952755878258E+10   -0.117375107132212747E+03
    0.361397880604160449E+00    0.455994627918149931E+00    0.451719889762363338E+10   -0.117370224569104096E+03
    0.353054551873416889E+00    0.438263909025579323E+00    0.456058145408362484E+10   -0.117363865249714934E+03
    0.369129607360597745E+00    0.463679196201340460E+00    0.447854856949968529E+10   -0.117362961411450087E+03
    0.368132587210798279E+00    0.433253498395817616E+00    0.446132285872208500E+10   -0.117361749179501089E+03
    0.353981488407841161E+00    0.426528779803144076E+00    0.454622474698731995E+10   -0.117353252344351461E+03
    0.368951285723918554E+00    0.464405775406079968E+00    0.447637101797175789E+10   -0.117352280875546342E+03
    0.336721972168815442E+00    0.451674218629836588E+00    0.466878163635015678E+10   -0.117352118873975598E+03
    0.369283175491665394E+00    0.438432298250777563E+00    0.447859765796269226E+10   -0.117348190830635900E+03
    0.365721647561550567E+00    0.463267373021476914E+00    0.448374620656960011E+10   -0.117323222364135830E+03
    0.344802436912307830E+00    0.493258786126659743E+00    0.462230998559667301E+10   -0.117321766529100046E+03
    0.389400282483378657E+00    0.497025128021469698E+00    0.437706880844126225E+10   -0.117313743584819363E+03
    0.345022362685102668E+00    0.403231979393169127E+00    0.462629529973008919E+10   -0.117311031188596488E+03
    0.350435914780375057E+00    0.414731950200170729E+00    0.458776517098418999E+10   -0.117310215246856984E+03
    0.360106828544143498E+00    0.427324791041773011E+00    0.452909910270345592E+10   -0.117289226342713036E+03
    0.341541923960866134E+00    0.434883221429549494E+00    0.462729781032270432E+10   -0.117287660735816758E+03
    0.378569217092511845E+00    0.408069782083263277E+00    0.444552542731764507E+10   -0.117282529674958184E+03
    0.364643299564460066E+00    0.498548254917777101E+00    0.448745230592601776E+10   -0.117276254265735062E+03
    0.367098010229869876E+00    0.517643680849769083E+00    0.451046306063860226E+10   -0.117270397257777944E+03
    0.357486537990384934E+00    0.490473474800317888E+00    0.453316979707262993E+10   -0.117263688291879845E+03
    0.343909492583608534E+00    0.404244282656861742E+00    0.461802583272768021E+10   -0.117258884280800913E+03
    0.376153878816769927E+00    0.448804095663657421E+00    0.442538994939034081E+10   -0.117256607902585003E+03
    0.341713854140681283E+00    0.460261818965522096E+00    0.465381811703867054E+10   -0.117255042815069515E+03
    0.348107360772460184E+00    0.459020957870755808E+00    0.459620373171945572E+10   -0.117240956913619911E+03
    0.388062475842645749E+00    0.457793344039183481E+00    0.439581769598544788E+10   -0.117236489795543406E+03
    0.346521084392399703E+00    0.497508869321826808E+00    0.461305410308929634E+10   -0.117236067456369369E+03
    0.367401093718959404E+00    0.496888425222309138E+00    0.446945162483976936E+10   -0.117235824545764189E+03
    0.368653722709195553E+00    0.455585894972818650E+00    0.446548553906763363E+10   -0.117222265486733932E+03
    0.341960731773333526E+00    0.471544505081666898E+00    0.464712525646750736E+10   -0.117218298748735506E+03
    0.360821867315763045E+00    0.479363156459678308E+00    0.453187846616002083E+10   -0.117211170672627105E+03
    0.345591483630330598E+00    0.498126385869429811E+00    0.462081621628764153E+10   -0.117203888564520568E+03
    0.391036089816044874E+00    0.401639182004229767E+00    0.435220608586006737E+10   -0.117196578849364130E+03
    0.356735779445231660E+00    0.495920361116441555E+00    0.453525456783507633E+10   -0.117195964321839796E+03
    0.348155078403703411E+00    0.405518469505146584E+00    0.461300820661841965E+10   -0.117179900064581801E+03
    0.339654542870543696E+00    0.419276340230412714E+00    0.464502555192200661E+10   -0.117176597949417953E+03
    0.351039652403304980E+00    0.425640286602300577E+00    0.458236421002869511E+10   -0.117169933789930496E+03
    0.372252441370773290E+00    0.458109564957954518E+00    0.445593256136981201E+10   -0.117160920894241045E+03
    0.360057098794647090E+00    0.457335667918179922E+00    0.452638342222221756E+10   -0.117160650794237498E+03
    0.358223075999233198E+00    0.468975375178565912E+00    0.454553872860139561E+10   -0.117155141417278472E+03
    0.380699073594743531E+00    0.397499625743387597E+00    0.443489002459088326E+10   -0.117153112177817434E+03
    0.369951755606099553E+00    0.491587501100291036E+00    0.446033361455961609E+10   -0.117148906184393326E+03
    0.364844966641326374E+00    0.506025735497960483E+00    0.453287487181005859E+10   -0.117148737919697737E+03
    0.344366231442704562E+00    0.388439307060918892E+00    0.462280889062993240E+10   -0.117144750989506605E+03
    0.349189449330094881E+00    0.507671308715210046E+00    0.461132607916326714E+10   -0.117143016486682512E+03
    0.376249815436771828E+00    0.458101856847616062E+00    0.441994983766555119E+10   -0.117132356244569706E+03
    0.361345936315217220E+00    0.420327578312127415E+00    0.450713438010120106E+10   -0.117125744930866588E+03
    0.388289907963360603E+00    0.491825054658139749E+00    0.437713841092897224E+10   -0.117123278923653885E+03
    0.357911551780738468E+00    0.546405457770703151E+00    0.454409869625444508E+10   -0.117120449848864951E+03
    0.352023240875026011E+00    0.406430621441630890E+00    0.456264179129201126E+10   -0.117111823222771392E+03
    0.347796311898876109E+00    0.398930587525210711E+00    0.459295550476790524E+10   -0.117106065423986365E+03
    0.359787673931170338E+00    0.493133126896452723E+00    0.453596587663898659E+10   -0.117103462805449638E+03
    0.365812310964904075E+00    0.491161264369319284E+00    0.450855401388795090E+10   -0.117092925938009856E+03
    0.355147359500076698E+00    0.413164672325933680E+00    0.455653327029373837E+10   -0.117090035354613306E+03
    0.359254227470996557E+00    0.452644011284741410E+00    0.451871767300409794E+10   -0.117089096506079713E+03
    0.357555408685745202E+00    0.417575805680757028E+00    0.453715617909141445E+10   -0.117084291667916290E+03
    0.386711043263989029E+00    0.476951214341410079E+00    0.439136798677874470E+10   -0.117048618101655691E+03
    0.365987834957064828E+00    0.498577134081441997E+00    0.449514277374713135E+10   -0.117046647039427569E+03
    0.351399671435224381E+00    0.454449708988612144E+00    0.456869463240632725E+10   -0.117041810560126436E+03
    0.342058071986867551E+00    0.401722938910841876E+00    0.462703681704221249E+10   -0.117036854708973920E+03
    0.346358510244580309E+00    0.463933441086769704E+00    0.463344324341914558E+10   -0.117027546340956462E+03
    0.394065376447042981E+00    0.338049902817456172E+00    0.433037848742161369E+10   -0.117026467538136245E+03
    0.360938009405332993E+00    0.486501195654243546E+00    0.452179520140761757E+10   -0.117025821852276522E+03
    0.368180081802395587E+00    0.446502972262445397E+00    0.447629739210644436E+10   -0.117025156702015806E+03
    0.346298032423820679E+00    0.402735949647851754E+00    0.461760927860247231E+10   -0.117020177975747004E+03
    0.351096962450874572E+00    0.418592135966587620E+00    0.457513637152280521E+10   -0.117017777939178728E+03
    0.364917822575323680E+00    0.420192500607344144E+00    0.449060629091062546E+10   -0.117011245239480331E+03
    0.349890783620381673E+00    0.407757036892061109E+00    0.458631909577837849E+10   -0.117002434441540316E+03
    0.390039996989483828E+00    0.431232492461044004E+00    0.436215935364907742E+10   -0.116988657029745212E+03
    0.354480631403381818E+00    0.430022892024719994E+00    0.457555125090596867E+10   -0.116987849035524476E+03
    0.347597710195301446E+00    0.393060715559306217E+00    0.459837484958193016E+10   -0.116972105734560131E+03
    0.363622504984672856E+00    0.407761963686068540E+00    0.452901786975643349E+10   -0.116964533356306447E+03
    0.367904171726300799E+00    0.475638921878207555E+00    0.451196552567741966E+10   -0.116949494701992336E+03
    0.357499199519851873E+00    0.484085695987889864E+00    0.452949923802809143E+10   -0.116947755927338520E+03
    0.348041026090312067E+00    0.447210610856140889E+00    0.460172961070574665E+10   -0.116947624913819340E+03
    0.361076930013566944E+00    0.536313680089257616E+00    0.452704722642942810E+10   -0.116943065329478401E+03
    0.357991324732233052E+00    0.498499155355805357E+00    0.452850717423542404E+10   -0.116942893618558543E+03
    0.363525846109520545E+00    0.448543878514406913E+00    0.453879280700165653E+10   -0.116872910323560291E+03
    0.363124565289890899E+00    0.458481172048090357E+00    0.451410017345004749E+10   -0.116559544045508773E+03
    0.364570486593963128E+00    0.472055647417871427E+00    0.451522613653079987E+10   -0.116492968468741680E+03
    0.364570486593963128E+00    0.472055647417871427E+00    0.451522613653079987E+10   -0.116492968468741680E+03
    0.364623048479006118E+00    0.471029612054127966E+00    0.451796983309923363E+10   -0.116220222679937677E+03
    0.364623048479006118E+00    0.471029612054127966E+00    0.451796983309923363E+10   -0.116220222679937677E+03
    0.364718653085659150E+00    0.466387902365156037E+00    0.451723791588678074E+10   -0.116561862383017115E+03
    0.363447124337521299E+00    0.456632429417396679E+00    0.452170716894106293E+10   -0.116633664481491394E+03
    0.361308143112516078E+00    0.456424899954052776E+00    0.451883120284648228E+10   -0.116923271601445919E+03
    0.364480998521707344E+00    0.483151179991160973E+00    0.450184822710868835E+10   -0.116721629882528617E+03
    0.357269442633171785E+00    0.455355794667855918E+00    0.456113977180167580E+10   -0.116791628613842363E+03
    0.357518377456682079E+00    0.455912621556887387E+00    0.455367642601955223E+10   -0.116820709341018173E+03
    0.358816749361153320E+00    0.464734652819938532E+00    0.454314852222994137E+10   -0.116674695104485636E+03
    0.358552913006987828E+00    0.463722674200875318E+00    0.455895102655731010E+10   -0.116721655733664889E+03
    0.356577040678288382E+00    0.434125769909137205E+00    0.454947081726400661E+10   -0.116713310992567571E+03
    0.355585528776430349E+00    0.441777449166620428E+00    0.456593661270339108E+10   -0.116744965800265888E+03
    0.356373594013841166E+00    0.437787643725611630E+00    0.454636203976745129E+10   -0.116901093556544993E+03
    0.355253812701641802E+00    0.443829847711885606E+00    0.456324521080209923E+10   -0.116870284524331097E+03
    0.358792041928963190E+00    0.472033114069487780E+00    0.456448801424469662E+10   -0.116372182762152605E+03
    0.360052573883221205E+00    0.494480063321059760E+00    0.456069857243802166E+10   -0.116468811302303280E+03
    0.357570941776062301E+00    0.442358168362073201E+00    0.454402723328053284E+10   -0.116870160537653305E+03
    0.357082562124298675E+00    0.438913543281898910E+00    0.457021606340799427E+10   -0.116503202525816988E+03
    0.360285584399284764E+00    0.417493848375778853E+00    0.452837212151347446E+10   -0.116431784867970350E+03
    0.363433313806009128E+00    0.429207113152912711E+00    0.450651223327432823E+10   -0.116383494331690969E+03
    0.364760670941265297E+00    0.415545595116327604E+00    0.452274589355808163E+10   -0.116811480210834645E+03
    0.362660221579526432E+00    0.408106985577310510E+00    0.452847403813353348E+10   -0.116532668003973711E+03
    0.360627254927543273E+00    0.486412272184344019E+00    0.453696559541965199E+10   -0.116606066659992749E+03
    0.361650679902080274E+00    0.481995000384078054E+00    0.451279219233249760E+10   -0.116652698145710048E+03
    0.360547201432330933E+00    0.497037319335280614E+00    0.454065498823073959E+10   -0.116659069309641026E+03
    0.360158782108303599E+00    0.502452998940633222E+00    0.454518156883514214E+10   -0.116727813701481111E+03
    0.357618705946753601E+00    0.503057003103508649E+00    0.455593137207405376E+10   -0.116858781277706839E+03
    0.356522977574219135E+00    0.498708148947207164E+00    0.454915550585255337E+10   -0.116621317885109889E+03
    0.358146178260832615E+00    0.507128222996662714E+00    0.454816326339827824E+10   -0.116656118234093356E+03
    0.349717570649345777E+00    0.544182780950066558E+00    0.459967079145144653E+10   -0.116826086116492831E+03
    0.354524328740097205E+00    0.495921281958008109E+00    0.455856861372314453E+10   -0.116843209537191370E+03
    0.348627336718568159E+00    0.499227422685272870E+00    0.460778451599472427E+10   -0.116904708826387136E+03
    0.373725735056140762E+00    0.449386253484947318E+00    0.444339883495338631E+10   -0.116680155541805092E+03
    0.367982593896609200E+00    0.428315564450890918E+00    0.447868706974953270E+10   -0.116471266257470091E+03
    0.357143406146674447E+00    0.407990585718124521E+00    0.454482768591681385E+10   -0.116669800413196384E+03
    0.352037225761901940E+00    0.420820217975897748E+00    0.458713180499823475E+10   -0.116894746274681722E+03
    0.347168015518400597E+00    0.450109586373525161E+00    0.461329708924393272E+10   -0.116836129346344762E+03
    0.349710867691103600E+00    0.430315260869168270E+00    0.458744320810958576E+10   -0.116767236818545740E+03
    0.351596227173445075E+00    0.415264057975978318E+00    0.458245069569349289E+10   -0.116702897928595348E+03
    0.384977862259791914E+00    0.479854094538572085E+00    0.440584423445239353E+10   -0.116568772870176659E+03
    0.387108476327682804E+00    0.498659706700912864E+00    0.438080499084931660E+10   -0.116845684861213385E+03
    0.386854953193562834E+00    0.462297352613017409E+00    0.440603635259454060E+10   -0.116794715144517312E+03
    0.387706417921747537E+00    0.452094770142752012E+00    0.439890933219031334E+10   -0.116573971557888967E+03
    0.384746281122178790E+00    0.465199049224509054E+00    0.441910694487408161E+10   -0.116385755004046999E+03
    0.370291336836784779E+00    0.478975838398154607E+00    0.446128512704831982E+10   -0.116810821283852036E+03
    0.374463164127027737E+00    0.486203621346504633E+00    0.445413203780240917E+10   -0.116371809742012658E+03
    0.376692273988822102E+00    0.481600453536319861E+00    0.444637263239853764E+10   -0.115952713776356532E+03
    0.376692273988822102E+00    0.481600453536319861E+00    0.444637263239853764E+10   -0.115952713776356532E+03
    0.374719440963563633E+00    0.494285986393565580E+00    0.445538196020917702E+10   -0.116721011369468499E+03
    0.371759423707458514E+00    0.445138850762763383E+00    0.446581722818760777E+10   -0.116592723436876327E+03
    0.385265580450329326E+00    0.428310048329585413E+00    0.438662927200930595E+10   -0.116719252758043041E+03
    0.382706285424858572E+00    0.416491002409625111E+00    0.440806091379089642E+10   -0.116562794431394622E+03
    0.382162478598791211E+00    0.432849134853372064E+00    0.441193131945418167E+10   -0.115995621463160845E+03
    0.382162478598791211E+00    0.432849134853372064E+00    0.441193131945418167E+10   -0.115995621463160845E+03
    0.377393830408152886E+00    0.455949082759710578E+00    0.442669525949983406E+10   -0.116491291031306417E+03
    0.369782947228626091E+00    0.530186304345392045E+00    0.448536750599806309E+10   -0.116670830242450648E+03
    0.368051041901831522E+00    0.521968372606734121E+00    0.447586252628533649E+10   -0.116764799061067180E+03
    0.362968586092593859E+00    0.514083125061763013E+00    0.451187393090671062E+10   -0.116808442498075706E+03
    0.365866797854029868E+00    0.526939608661294301E+00    0.450499349430907631E+10   -0.116882011468240208E+03
    0.363167055059113342E+00    0.516488436381694171E+00    0.451542039847369862E+10   -0.116830069583463555E+03
    0.368161443639775210E+00    0.538747069798324318E+00    0.450761232367531967E+10   -0.116884789047895808E+03
    0.366818085479919120E+00    0.509258981705769997E+00    0.452631494287202549E+10   -0.116347189507283503E+03
    0.364928219625271888E+00    0.505366592880509558E+00    0.452347968536135387E+10   -0.116883307364285542E+03
    0.364504282361385490E+00    0.506010192889709387E+00    0.451444529707287407E+10   -0.116739150126508591E+03
    0.366262809068748196E+00    0.511473675692830199E+00    0.449449944407336998E+10   -0.116902798785894191E+03
    0.367731242956680970E+00    0.510221675337028557E+00    0.450873275495018864E+10   -0.116093593047601018E+03
    0.367731242956680970E+00    0.510221675337028557E+00    0.450873275495018864E+10   -0.116093593047601018E+03
    0.363666805103945057E+00    0.504338384512401205E+00    0.451289766582131481E+10   -0.116564511806630733E+03
    0.365056770211650006E+00    0.491647199854909900E+00    0.450706019030185318E+10   -0.116526118509938755E+03
    0.366811307204040482E+00    0.500267448792603986E+00    0.449709076012126827E+10   -0.116491065199642890E+03
    0.366417405995091872E+00    0.486780342443541514E+00    0.450879589678279686E+10   -0.116745770153644685E+03
    0.368683136237123621E+00    0.507261653222609965E+00    0.449464981024560642E+10   -0.116746818819384188E+03
    0.364999382105177517E+00    0.528992332258956921E+00    0.450042635812242508E+10   -0.116662968965455747E+03
    0.360374643726158683E+00    0.532504050599975187E+00    0.452340428368099022E+10   -0.116930375390210955E+03
    0.375494590143133800E+00    0.513350819706793970E+00    0.444628117965859222E+10   -0.116427291735746309E+03
    0.375494590143133800E+00    0.513350819706793970E+00    0.444628117965859222E+10   -0.116427291735746309E+03
    0.372062709177253814E+00    0.500412265637384834E+00    0.446557336748821259E+10   -0.116833992645701940E+03
    0.370356707182469436E+00    0.486312137657911592E+00    0.449211058884236908E+10   -0.116769179657708520E+03
    0.369889913988932839E+00    0.474280589579805678E+00    0.448697848212570477E+10   -0.116569164542822676E+03
    0.365131189764049569E+00    0.466363934393855928E+00    0.450580346391984177E+10   -0.116798335341929118E+03
    0.371900713407636807E+00    0.486659609462225973E+00    0.448877114892892838E+10   -0.116586187683939741E+03
