 F
        1887       17048           3         100
   -0.141719693661077571E+03   -0.127593416944950434E+03
 T
   2
    0.200000000000000000E+01    0.300000000000000000E+01    0.100000000000000006E+00    0.900000000000000022E+00
   0
   0
 T T     0           0
    0.000000000000000000E+00   -0.100000000000000002+101    0.000000000000000000E+00
 T F     1          10
    0.161717490960830213E-08   -0.144000641611752656E+03   -0.127556749179409067E+03
 T F     1          90
    0.160852921158663898E-07   -0.141827487459518267E+03   -0.127597590398547510E+03
