    0.301044729836940528E+00    0.449430981469101098E+00    0.531347029860983562E+10   -0.133991234494985292E+03
    0.331063215051012050E+00    0.469453316508507967E+00    0.511412000460790443E+10   -0.133812886044736388E+03
    0.243175506312835576E+00    0.456761196029027872E+00    0.585495379141533375E+10   -0.132231961758491082E+03
    0.339654532113416840E+00    0.364491704602034616E+00    0.497360567731290436E+10   -0.131894607599882107E+03
    0.244286623348552001E+00    0.523751089529158165E+00    0.583689696305115414E+10   -0.131873708244813486E+03
    0.294686423638202799E+00    0.462504820317215959E+00    0.541934818228366566E+10   -0.131246468390293160E+03
    0.297999759573370937E+00    0.503302736702472941E+00    0.539693128868308926E+10   -0.131131753407163558E+03
    0.342988842322132670E+00    0.399854417297373033E+00    0.494275224172272491E+10   -0.131091736374816549E+03
    0.287672408688986025E+00    0.498870030167996248E+00    0.548039079154466534E+10   -0.131044473151768045E+03
    0.341252531248489976E+00    0.468872274145104129E+00    0.495172762539046669E+10   -0.131018975340233681E+03
    0.360138811863118191E+00    0.491900761427448430E+00    0.488217366237816906E+10   -0.130851403435600048E+03
    0.297125647746044830E+00    0.460493321250094567E+00    0.525504281898282909E+10   -0.130822753235399290E+03
    0.315672859571742404E+00    0.607615610720884547E+00    0.517617424994298935E+10   -0.130822125307922988E+03
    0.313187069730820555E+00    0.580666008197178840E+00    0.524141482224162483E+10   -0.130687213017502927E+03
    0.335020931416922130E+00    0.358945538621727067E+00    0.496963580318321609E+10   -0.130588680189668992E+03
    0.288215722456958368E+00    0.477533449445646241E+00    0.547725842250020218E+10   -0.130391834376308282E+03
    0.327419567913780241E+00    0.381872193586378472E+00    0.507376955173621368E+10   -0.130336529710797066E+03
    0.278441555830558740E+00    0.499920902484053187E+00    0.554682376507352352E+10   -0.130333550582571377E+03
    0.300057504658684138E+00    0.469460869334048070E+00    0.523630745102939796E+10   -0.130240167346338467E+03
    0.285102140334971221E+00    0.427841955356536019E+00    0.543990384010045528E+10   -0.130078612381990894E+03
    0.368130188424759752E+00    0.415386366140598540E+00    0.477953559948126316E+10   -0.130064967029045675E+03
    0.320997200708976138E+00    0.477665780717195787E+00    0.518234244714220524E+10   -0.130041340467478051E+03
    0.300109882872335698E+00    0.568330992616443709E+00    0.535520792567807293E+10   -0.130017369018268823E+03
    0.357150726926061590E+00    0.452726359135834144E+00    0.484596163985331631E+10   -0.130012394507269306E+03
    0.284790784714585021E+00    0.497158225213569338E+00    0.541016623817412853E+10   -0.129995758997026144E+03
    0.306726954136785523E+00    0.406139761040694935E+00    0.522003744206360435E+10   -0.129990160182976950E+03
    0.282416438375638568E+00    0.491467818217488528E+00    0.541114373578200722E+10   -0.129984512959448324E+03
    0.301483463017716891E+00    0.451247743818829150E+00    0.533954662367517662E+10   -0.129975379305717723E+03
    0.329029970570084818E+00    0.475208422611526515E+00    0.504593770688076591E+10   -0.129854303395909881E+03
    0.312824366514765362E+00    0.461182063715590118E+00    0.515137369031858540E+10   -0.129734098124284316E+03
    0.317722869662250440E+00    0.474066200663600057E+00    0.520308282493166256E+10   -0.129663751550574773E+03
    0.309290577836980829E+00    0.419988226373224194E+00    0.525680131443263912E+10   -0.129623484983478505E+03
    0.351429114020591682E+00    0.517260729013838016E+00    0.491821123842934895E+10   -0.129597799475247001E+03
    0.356397409681987187E+00    0.467727419397125033E+00    0.486765784578789806E+10   -0.129545188468163730E+03
    0.296977288099592562E+00    0.457350898767689529E+00    0.531481512412014008E+10   -0.129538610211355916E+03
    0.271253819689019238E+00    0.565080014041090095E+00    0.553857298599384880E+10   -0.129507373508401884E+03
    0.331880232949010145E+00    0.541367381257256142E+00    0.509432901662318134E+10   -0.129477048399658258E+03
    0.337817679013080852E+00    0.514072739446191918E+00    0.498103058372782707E+10   -0.129408592304943767E+03
    0.287708685635245820E+00    0.391105809038270635E+00    0.540255688821858311E+10   -0.129371342616615834E+03
    0.274516472017281188E+00    0.425533904715777567E+00    0.553886762194403553E+10   -0.129366199701089386E+03
    0.342849040109813985E+00    0.576247221006006782E+00    0.493817935513042068E+10   -0.129361107536308310E+03
    0.293554209033134450E+00    0.414826818860586144E+00    0.539393227604189491E+10   -0.129334573635426210E+03
    0.304208548723789718E+00    0.445774391792179259E+00    0.526855067151412582E+10   -0.129314612628210625E+03
    0.374110926541784961E+00    0.398216661684077877E+00    0.478847234636036205E+10   -0.129268894601149839E+03
    0.300409839798480849E+00    0.506259755621243812E+00    0.530466522776686573E+10   -0.129263746792516571E+03
    0.331464545664442667E+00    0.389171377119119200E+00    0.503036758826841831E+10   -0.129200684565596816E+03
    0.305092943091459956E+00    0.546534503024911800E+00    0.524647109177314186E+10   -0.129155898373028890E+03
    0.285760341401619267E+00    0.487476458201292928E+00    0.547878877593025017E+10   -0.129150185335313012E+03
    0.334739681042658999E+00    0.354004112803469440E+00    0.498745201124948597E+10   -0.129093109176061944E+03
    0.361891535601428782E+00    0.450145505143471070E+00    0.487425175293468094E+10   -0.129074542424991023E+03
    0.303409530093488700E+00    0.504680308184662252E+00    0.521805328253770638E+10   -0.129030308284142450E+03
    0.324180640437459699E+00    0.484623326499908913E+00    0.506905536212634563E+10   -0.129027867664166195E+03
    0.300639043147292784E+00    0.416873464588539022E+00    0.531714285781437683E+10   -0.129027811842351383E+03
    0.330464363001540862E+00    0.470776354361156280E+00    0.504787998987145901E+10   -0.129023540918951596E+03
    0.352222164485546219E+00    0.482335061110362062E+00    0.489850642450029850E+10   -0.128960956443008399E+03
    0.334586012338071115E+00    0.392775958237125522E+00    0.501079570215592289E+10   -0.128959182962551154E+03
    0.288479639565639323E+00    0.478996378150704061E+00    0.545511069996962833E+10   -0.128950976264590594E+03
    0.267597557140607678E+00    0.435495506343473338E+00    0.558939890910366535E+10   -0.128934592184248061E+03
    0.284243141960592638E+00    0.467390196721197526E+00    0.546072266501446819E+10   -0.128889177621410397E+03
    0.309937081785178425E+00    0.524085281742854292E+00    0.523207314174267292E+10   -0.128860400609332402E+03
    0.321255171386628402E+00    0.446589753676354562E+00    0.509967422557584953E+10   -0.128853819013683960E+03
    0.340081180160391849E+00    0.457418806297468450E+00    0.501196003992363739E+10   -0.128839126351156210E+03
    0.282637420688285179E+00    0.423116111481451895E+00    0.541795970845913887E+10   -0.128837678346648033E+03
    0.287497403054490175E+00    0.494831784959890442E+00    0.543874603892136097E+10   -0.128804400580278326E+03
    0.321235288399814078E+00    0.420484313185564673E+00    0.509938150408760548E+10   -0.128785145010333252E+03
    0.323769266080407958E+00    0.543249021589616632E+00    0.508401039392873287E+10   -0.128783395340875103E+03
    0.300457104278636422E+00    0.459723467208908332E+00    0.526136715304365540E+10   -0.128761554943832266E+03
    0.325237543540813800E+00    0.517006848533137386E+00    0.512233445999098969E+10   -0.128743118400193254E+03
    0.311016572781253553E+00    0.503254782196329131E+00    0.518889264441822910E+10   -0.128736258466294515E+03
    0.320895844523371498E+00    0.441008302549935394E+00    0.509808391275835133E+10   -0.128724829815710166E+03
    0.315922971812692521E+00    0.487151109278965322E+00    0.519998314273864746E+10   -0.128685167327663606E+03
    0.352571748753425229E+00    0.538122093934987333E+00    0.487970712532367897E+10   -0.128671122221011956E+03
    0.352571748753425229E+00    0.538122093934987333E+00    0.487970712532367897E+10   -0.128671122221011956E+03
    0.283289487777104554E+00    0.455566011308732755E+00    0.548786541004936695E+10   -0.128667104028319841E+03
    0.299625530257650319E+00    0.427405336126007285E+00    0.526095299439469719E+10   -0.128654423779079110E+03
    0.299625530257650319E+00    0.427405336126007285E+00    0.526095299439469719E+10   -0.128654423779079110E+03
    0.339441814842151246E+00    0.521578046557205965E+00    0.503941563372753811E+10   -0.128654377150929605E+03
    0.357733155526158420E+00    0.577567932630680403E+00    0.485836279242978001E+10   -0.128651700041577300E+03
    0.332041369279627019E+00    0.473190552472980031E+00    0.504131140400577068E+10   -0.128627607390236022E+03
    0.332041369279627019E+00    0.473190552472980031E+00    0.504131140400577068E+10   -0.128627607390236022E+03
    0.293875078837738390E+00    0.546768088414605558E+00    0.538728655491138172E+10   -0.128609751679860381E+03
    0.302001696664981945E+00    0.495106459745899841E+00    0.526195227482040310E+10   -0.128607771027115120E+03
    0.289162125678978643E+00    0.522658104777898203E+00    0.536995036995713139E+10   -0.128607674703185467E+03
    0.355297875886018022E+00    0.500553359167369649E+00    0.486540769106256104E+10   -0.128604687398710041E+03
    0.295703783886708094E+00    0.597868428132295904E+00    0.536498327277872849E+10   -0.128587660439923496E+03
    0.294289964048702335E+00    0.446234092054144327E+00    0.536795365451277256E+10   -0.128555714238254410E+03
    0.296447215308859202E+00    0.459537604811668388E+00    0.536325156016318226E+10   -0.128548013594590174E+03
    0.289713832256234260E+00    0.397777600520726082E+00    0.542432335078603077E+10   -0.128536668993508016E+03
    0.294618160704162746E+00    0.479692559961140574E+00    0.539164006543721867E+10   -0.128530842974549444E+03
    0.306186531111662719E+00    0.462900846314822090E+00    0.525284797819409847E+10   -0.128487639756173252E+03
    0.311491056077866368E+00    0.453897662546573599E+00    0.520761514558917999E+10   -0.128487278977428304E+03
    0.290222775250232601E+00    0.498716699226701365E+00    0.534057921883629227E+10   -0.128469091039501450E+03
    0.290174744594086376E+00    0.537964647110250382E+00    0.543549591806577873E+10   -0.128462299606307766E+03
    0.294499888697983381E+00    0.413393511896483545E+00    0.533859786376068115E+10   -0.128457067200889355E+03
    0.292228835258918296E+00    0.542998718429457128E+00    0.537597265624042702E+10   -0.128450760445461469E+03
    0.308482398974946725E+00    0.611369546347264148E+00    0.528121744848725224E+10   -0.128438612344329130E+03
    0.325127731502163730E+00    0.518546338251175243E+00    0.509237069269164181E+10   -0.128412149085708705E+03
    0.303569317983647280E+00    0.455072021075736188E+00    0.532136307594459915E+10   -0.128393807946433327E+03
    0.355593676661164038E+00    0.576329090014564116E+00    0.488872668446672344E+10   -0.128388594787548527E+03
    0.305862078509312352E+00    0.417008479283996536E+00    0.520488017504195786E+10   -0.128369079055909538E+03
    0.305862078509312352E+00    0.417008479283996536E+00    0.520488017504195786E+10   -0.128369079055909538E+03
    0.336931711915956222E+00    0.527158522320332779E+00    0.502531662928835583E+10   -0.128364551456858948E+03
    0.342803734030547924E+00    0.348891387195585878E+00    0.497131790850211048E+10   -0.128361530735332423E+03
    0.311253899635574260E+00    0.446072993299349463E+00    0.518949011947147083E+10   -0.128348898981956268E+03
    0.327233373289266494E+00    0.507938683401089719E+00    0.504688032232831669E+10   -0.128314596969993659E+03
    0.318242296704161320E+00    0.512786312942964173E+00    0.519194070818412876E+10   -0.128278190080682521E+03
    0.305696888126685495E+00    0.426106432998299312E+00    0.520974336476955223E+10   -0.128267040064776893E+03
    0.297475060218813425E+00    0.475438891043554079E+00    0.538576815903886318E+10   -0.128253545945492704E+03
    0.278431617035715617E+00    0.491293511394568228E+00    0.548796504122519970E+10   -0.128234068487016543E+03
    0.283652486440501950E+00    0.518537313099912467E+00    0.544500268714047432E+10   -0.128218668654243999E+03
    0.305099080162126168E+00    0.427237617423321225E+00    0.521292499322852516E+10   -0.128197196706185025E+03
    0.331542519968864136E+00    0.511371657647693212E+00    0.505190091740360451E+10   -0.128177042770518824E+03
    0.331542519968864136E+00    0.511371657647693212E+00    0.505190091740360451E+10   -0.128177042770518824E+03
    0.305716819649364202E+00    0.459654304031470673E+00    0.521869654347288322E+10   -0.128169965097335620E+03
    0.305716819649364202E+00    0.459654304031470673E+00    0.521869654347288322E+10   -0.128169965097335620E+03
    0.284486540304699054E+00    0.512850286877689854E+00    0.543302608176387119E+10   -0.128164281430421710E+03
    0.286090534231607740E+00    0.408014367129430511E+00    0.541047816459528732E+10   -0.128159122983634745E+03
    0.305467150902891671E+00    0.496840599869198485E+00    0.528134104097120953E+10   -0.128139161824990225E+03
    0.285579396046274192E+00    0.543214539545658681E+00    0.544522183749622631E+10   -0.128117901520265434E+03
    0.285579396046274192E+00    0.543214539545658681E+00    0.544522183749622631E+10   -0.128117901520265434E+03
    0.321205192343810786E+00    0.465931988613291992E+00    0.509815049464046383E+10   -0.128117459917560637E+03
    0.324392739780545114E+00    0.611851592994925753E+00    0.508970868311595821E+10   -0.128113852540908056E+03
    0.324392739780545114E+00    0.611851592994925753E+00    0.508970868311595821E+10   -0.128113852540908056E+03
    0.281769866898486099E+00    0.535624420334809059E+00    0.545806580578317928E+10   -0.128110037037420341E+03
    0.284360222189851852E+00    0.500860153172359546E+00    0.543123457228585720E+10   -0.128102925687562333E+03
    0.330594677151033189E+00    0.521872891556771634E+00    0.505862183361378098E+10   -0.128094532774687138E+03
    0.293975547451885477E+00    0.523886596143004368E+00    0.533840160110406017E+10   -0.128092948484364939E+03
    0.293975547451885477E+00    0.523886596143004368E+00    0.533840160110406017E+10   -0.128092948484364939E+03
    0.324192825524919792E+00    0.515979649079138625E+00    0.512044827676987648E+10   -0.128089302661130318E+03
    0.294022918595685467E+00    0.423714579814337355E+00    0.533020823732831383E+10   -0.128082794859327862E+03
    0.301422084829393533E+00    0.471748458064908505E+00    0.524636352854770947E+10   -0.128037558866761515E+03
    0.287333905981951077E+00    0.483929299434953109E+00    0.538187310918794823E+10   -0.128031686002467723E+03
    0.287333905981951077E+00    0.483929299434953109E+00    0.538187310918794823E+10   -0.128031686002467723E+03
    0.339034021393761098E+00    0.586142528143229313E+00    0.497705962287157822E+10   -0.128030700256949899E+03
    0.309415656040601394E+00    0.456563254454954048E+00    0.520882409478131199E+10   -0.128023961124213344E+03
    0.305200581230261780E+00    0.504817108603678122E+00    0.529871485121120739E+10   -0.127991252067393049E+03
    0.293755799101974080E+00    0.483340001979669864E+00    0.539564677877150536E+10   -0.127990981649091523E+03
    0.348424126411728652E+00    0.557563349811811548E+00    0.494660724227891350E+10   -0.127974797070908508E+03
    0.319732436355615657E+00    0.484566913748709638E+00    0.512954763994305420E+10   -0.127932579958434843E+03
    0.319732436355615657E+00    0.484566913748709638E+00    0.512954763994305420E+10   -0.127932579958434843E+03
    0.310220568900332672E+00    0.454863779539389057E+00    0.520558403594647789E+10   -0.127923132530671978E+03
    0.296029898396923230E+00    0.414576379702090492E+00    0.531510803946032047E+10   -0.127917037437006272E+03
    0.301387477166938422E+00    0.453944169819880727E+00    0.531324240273333168E+10   -0.127885066754995307E+03
    0.301387477166938422E+00    0.453944169819880727E+00    0.531324240273333168E+10   -0.127885066754995307E+03
    0.294999180230513303E+00    0.526612294395562230E+00    0.533811539198432541E+10   -0.127870069232235281E+03
    0.294999180230513303E+00    0.526612294395562230E+00    0.533811539198432541E+10   -0.127870069232235281E+03
    0.343252150879387485E+00    0.579261022976670148E+00    0.496026379886240101E+10   -0.127820848207190920E+03
    0.305195947566654469E+00    0.419164203892368192E+00    0.526145430462448883E+10   -0.127795727178761581E+03
    0.305195947566654469E+00    0.419164203892368192E+00    0.526145430462448883E+10   -0.127795727178761581E+03
    0.282813753692922776E+00    0.550427959338982475E+00    0.546203790956872845E+10   -0.127787198191226381E+03
    0.282813753692922776E+00    0.550427959338982475E+00    0.546203790956872845E+10   -0.127787198191226381E+03
    0.316428245241874073E+00    0.529484908115083641E+00    0.518345938236710739E+10   -0.127784897281145390E+03
    0.300431982745913539E+00    0.480846919158476993E+00    0.528711524599098587E+10   -0.127778760024497942E+03
    0.335169416025112465E+00    0.400291132857988785E+00    0.500668045512024212E+10   -0.127777385218969187E+03
    0.289218998551518724E+00    0.539106678218292501E+00    0.541219177512890053E+10   -0.127768637155742852E+03
    0.336382791902069211E+00    0.494532250570212994E+00    0.502529204264455032E+10   -0.127760738813891649E+03
    0.298145439466705853E+00    0.463623375665342508E+00    0.531111430470335388E+10   -0.127746237133979534E+03
    0.312702543893646490E+00    0.508666439997726982E+00    0.525438209820784378E+10   -0.127735370749368201E+03
    0.314386062702685487E+00    0.470514094961707485E+00    0.519879426508273315E+10   -0.127719770132178539E+03
    0.322071622075596475E+00    0.521692266501574409E+00    0.514675938694230366E+10   -0.127716604410173360E+03
    0.322071622075596475E+00    0.521692266501574409E+00    0.514675938694230366E+10   -0.127716604410173360E+03
    0.293072589154357410E+00    0.410413617807419584E+00    0.533926059020084095E+10   -0.127714058418861896E+03
    0.293072589154357410E+00    0.410413617807419584E+00    0.533926059020084095E+10   -0.127714058418861896E+03
    0.333574281476550327E+00    0.616563447585793512E+00    0.502651254404977417E+10   -0.127709208384670035E+03
    0.288221230762435776E+00    0.505563109566706359E+00    0.543271344994063568E+10   -0.127697857362420947E+03
    0.325501747232544936E+00    0.481061581399170990E+00    0.508383333409935665E+10   -0.127695466683676031E+03
    0.292202951378630726E+00    0.537631491415751839E+00    0.538921962020253754E+10   -0.127694536846402102E+03
    0.334830028617303987E+00    0.528939578812860134E+00    0.505345154340214252E+10   -0.127686281726997549E+03
    0.329936949222470244E+00    0.554464408274998988E+00    0.510676879140559769E+10   -0.127661698938405834E+03
    0.329904737765926881E+00    0.478083316264086733E+00    0.508471347060325050E+10   -0.127656550885565338E+03
    0.331089754238887202E+00    0.503439675909023165E+00    0.502820138788040066E+10   -0.127648278902627808E+03
    0.331089754238887202E+00    0.503439675909023165E+00    0.502820138788040066E+10   -0.127648278902627808E+03
    0.340067912399069250E+00    0.423648338727677043E+00    0.497263497808706570E+10   -0.127644896042248803E+03
    0.340067912399069250E+00    0.423648338727677043E+00    0.497263497808706570E+10   -0.127644896042248803E+03
    0.336197670686841754E+00    0.517217321025766452E+00    0.502187820418343639E+10   -0.127642411213461855E+03
    0.336197670686841754E+00    0.517217321025766452E+00    0.502187820418343639E+10   -0.127642411213461855E+03
    0.296792107241036607E+00    0.428737827703146834E+00    0.531828815908389854E+10   -0.127641332782728824E+03
    0.295340709493822628E+00    0.433134850866956356E+00    0.537211367338590527E+10   -0.127614071101484541E+03
    0.295340709493822628E+00    0.433134850866956356E+00    0.537211367338590527E+10   -0.127614071101484541E+03
    0.284156947059490905E+00    0.473929496484295498E+00    0.543375694621328735E+10   -0.127594743091390967E+03
    0.286952107879299034E+00    0.493401190559394465E+00    0.543059646206006813E+10   -0.127579976399908318E+03
    0.286952107879299034E+00    0.493401190559394465E+00    0.543059646206006813E+10   -0.127579976399908318E+03
    0.291977436782285327E+00    0.466920884424711247E+00    0.539136170774128437E+10   -0.127571144705462871E+03
    0.306393077874026920E+00    0.431202885771874378E+00    0.522331496648431396E+10   -0.127546159618274686E+03
    0.290430584692594695E+00    0.526994102001269837E+00    0.538403654057530785E+10   -0.127540171859690503E+03
    0.335694785996711820E+00    0.574902486184697636E+00    0.500731452508952522E+10   -0.127536731302918170E+03
    0.318629287101609648E+00    0.533044539547960383E+00    0.518816177083394718E+10   -0.127522364040086998E+03
    0.318629287101609648E+00    0.533044539547960383E+00    0.518816177083394718E+10   -0.127522364040086998E+03
    0.306802187552009997E+00    0.619339522989005076E+00    0.528459773443600273E+10   -0.127510493438379655E+03
    0.306802187552009997E+00    0.619339522989005076E+00    0.528459773443600273E+10   -0.127510493438379655E+03
    0.298084292330542955E+00    0.449615654362272466E+00    0.531691391953076172E+10   -0.127499989662044641E+03
    0.339865859934833259E+00    0.558130171093122129E+00    0.502305320694845867E+10   -0.127496909910535919E+03
    0.300147980064440767E+00    0.430737406246478827E+00    0.526737036276572323E+10   -0.127492833580513363E+03
    0.300284086766580860E+00    0.509351332911851529E+00    0.534577971836436653E+10   -0.127486007661889076E+03
    0.297476207221412381E+00    0.498552457916057179E+00    0.530499366893010330E+10   -0.127478814814815323E+03
    0.297845528984431340E+00    0.489184704461617770E+00    0.536768210824738503E+10   -0.127475534266327969E+03
    0.297845528984431340E+00    0.489184704461617770E+00    0.536768210824738503E+10   -0.127475534266327969E+03
    0.336772788877537421E+00    0.460037727540925090E+00    0.501749282355705261E+10   -0.127474140123145304E+03
    0.333630657008432863E+00    0.372572064606757181E+00    0.501987449035949707E+10   -0.127453214318874984E+03
    0.308925097364433243E+00    0.430999201694941547E+00    0.524500272253967285E+10   -0.127452592952909527E+03
    0.308925097364433243E+00    0.430999201694941547E+00    0.524500272253967285E+10   -0.127452592952909527E+03
    0.298700578351541346E+00    0.518375548702183053E+00    0.531458706321798134E+10   -0.127429351486976145E+03
    0.298700578351541346E+00    0.518375548702183053E+00    0.531458706321798134E+10   -0.127429351486976145E+03
    0.301442118727881236E+00    0.416741617601179115E+00    0.526198497031084156E+10   -0.127428699982260611E+03
    0.310491869217190630E+00    0.448220140861909755E+00    0.527544010371327114E+10   -0.127428541353754724E+03
    0.310491869217190630E+00    0.448220140861909755E+00    0.527544010371327114E+10   -0.127428541353754724E+03
    0.305393748222450745E+00    0.621679675544912769E+00    0.528876207967959881E+10   -0.127425784021041409E+03
    0.305393748222450745E+00    0.621679675544912769E+00    0.528876207967959881E+10   -0.127425784021041409E+03
    0.352056334709719976E+00    0.516984109701860817E+00    0.492824047606149387E+10   -0.127420207351937208E+03
    0.352056334709719976E+00    0.516984109701860817E+00    0.492824047606149387E+10   -0.127420207351937208E+03
    0.297444126571093703E+00    0.483776335315900141E+00    0.531189132085100651E+10   -0.127373853983958000E+03
    0.352312349703370997E+00    0.554503044065455697E+00    0.496001624384609509E+10   -0.127352643680570324E+03
    0.311070842191589259E+00    0.470898731751589139E+00    0.524875053641445255E+10   -0.127351903121512606E+03
    0.311070842191589259E+00    0.470898731751589139E+00    0.524875053641445255E+10   -0.127351903121512606E+03
    0.313281053447549307E+00    0.630160154856502785E+00    0.524911043448066425E+10   -0.127350271020289966E+03
    0.326938258048363017E+00    0.478808838073994991E+00    0.509555442943984890E+10   -0.127326770933411723E+03
    0.308373952678719421E+00    0.466125620330563706E+00    0.522406573588625240E+10   -0.127316854324264398E+03
    0.294786489311443800E+00    0.416643749574738820E+00    0.537323941698495674E+10   -0.127313375650748128E+03
    0.294786489311443800E+00    0.416643749574738820E+00    0.537323941698495674E+10   -0.127313375650748128E+03
    0.326327803201670319E+00    0.524677398051993649E+00    0.506716878019324589E+10   -0.127289799608548137E+03
    0.326327803201670319E+00    0.524677398051993649E+00    0.506716878019324589E+10   -0.127289799608548137E+03
    0.335684342982183859E+00    0.542793328218458271E+00    0.502761699472980595E+10   -0.127287701256901983E+03
    0.305212125855518157E+00    0.417785837573926955E+00    0.525774644367476654E+10   -0.127278885325981989E+03
    0.305212125855518157E+00    0.417785837573926955E+00    0.525774644367476654E+10   -0.127278885325981989E+03
    0.306970050041392439E+00    0.464431010493262519E+00    0.528589938698456955E+10   -0.127272875188357901E+03
    0.298645452531503375E+00    0.423078514941700234E+00    0.531132385196737385E+10   -0.127267344417640714E+03
    0.298645452531503375E+00    0.423078514941700234E+00    0.531132385196737385E+10   -0.127267344417640714E+03
    0.298412989041949683E+00    0.407142483924683773E+00    0.531998631952552128E+10   -0.127259708329540544E+03
    0.298412989041949683E+00    0.407142483924683773E+00    0.531998631952552128E+10   -0.127259708329540544E+03
    0.316836584967541135E+00    0.538027839756487936E+00    0.519497127832987976E+10   -0.127247421585801561E+03
    0.300341642492233440E+00    0.417880807360056394E+00    0.528863418023657990E+10   -0.127241977330780941E+03
    0.302605332736402999E+00    0.480533213951893856E+00    0.531621348837948799E+10   -0.127221574834592715E+03
    0.302605332736402999E+00    0.480533213951893856E+00    0.531621348837948799E+10   -0.127221574834592715E+03
    0.298078878679658488E+00    0.513557063767143163E+00    0.531143697448309612E+10   -0.127215017205779645E+03
    0.315055253986069261E+00    0.496426600261282047E+00    0.517732150554103279E+10   -0.127213164917788134E+03
    0.311808259259677423E+00    0.516833085778108270E+00    0.525219528468988800E+10   -0.127203552020687795E+03
    0.311808259259677423E+00    0.516833085778108270E+00    0.525219528468988800E+10   -0.127203552020687795E+03
    0.337119067180714549E+00    0.545311645423655733E+00    0.503098584516359425E+10   -0.127192503655077616E+03
    0.295707970583145963E+00    0.500472856358973317E+00    0.534833747469185257E+10   -0.127173852479508071E+03
    0.314187916857323168E+00    0.480809607568414066E+00    0.517039488121960258E+10   -0.127154000098390100E+03
    0.297856578494472057E+00    0.504654509037747445E+00    0.532146191002809334E+10   -0.127149789570273583E+03
    0.297856578494472057E+00    0.504654509037747445E+00    0.532146191002809334E+10   -0.127149789570273583E+03
    0.293617896699198522E+00    0.482979736800565718E+00    0.536267585669756985E+10   -0.127149410263417352E+03
    0.307690007310410851E+00    0.422229996172312383E+00    0.524531238701166153E+10   -0.127139242673171481E+03
    0.305660048965928577E+00    0.491570219008391263E+00    0.526040746648008251E+10   -0.127115037046682488E+03
    0.305660048965928577E+00    0.491570219008391263E+00    0.526040746648008251E+10   -0.127115037046682488E+03
    0.300883576931480545E+00    0.516892803055357675E+00    0.530985850965982342E+10   -0.127104222730141018E+03
    0.300883576931480545E+00    0.516892803055357675E+00    0.530985850965982342E+10   -0.127104222730141018E+03
    0.333631371111584918E+00    0.470153581134409748E+00    0.502570013551973152E+10   -0.127095359725733289E+03
    0.312562459897530176E+00    0.461038221488557554E+00    0.518607788559303951E+10   -0.127079212912694402E+03
    0.311446083943757057E+00    0.509890406953628528E+00    0.518569962996076107E+10   -0.127045997523136620E+03
    0.301814580607394245E+00    0.486211320195270247E+00    0.531190632663762283E+10   -0.127045358334414814E+03
    0.309543633224630410E+00    0.515277309552075735E+00    0.520817743095904922E+10   -0.127042162216021651E+03
    0.308919839107519523E+00    0.452584182621571074E+00    0.525366314879112434E+10   -0.127040308043192226E+03
    0.338993444673904853E+00    0.582977195117916125E+00    0.501707939384424686E+10   -0.127038324338378331E+03
    0.340731539324563126E+00    0.566084101811934914E+00    0.499995257270066071E+10   -0.127034708024505790E+03
    0.340731539324563126E+00    0.566084101811934914E+00    0.499995257270066071E+10   -0.127034708024505790E+03
    0.318861807486291782E+00    0.499200328880590405E+00    0.514499533907316017E+10   -0.127033979234636874E+03
    0.318861807486291782E+00    0.499200328880590405E+00    0.514499533907316017E+10   -0.127033979234636874E+03
    0.323355401764309325E+00    0.492879395060876746E+00    0.511004392704404068E+10   -0.127032333522359878E+03
    0.345799145354937665E+00    0.550850477632769397E+00    0.498802652172877693E+10   -0.127024443109354166E+03
    0.334509050001669084E+00    0.504934339251452258E+00    0.505051446234697533E+10   -0.127012060874924899E+03
    0.305155055157332100E+00    0.480052652093705845E+00    0.525526276912066078E+10   -0.126998576769451688E+03
    0.305155055157332100E+00    0.480052652093705845E+00    0.525526276912066078E+10   -0.126998576769451688E+03
    0.354725604489546709E+00    0.540677928504367244E+00    0.489176659803166676E+10   -0.126994286817632542E+03
    0.345145642355452920E+00    0.590058099772525324E+00    0.494673563079729366E+10   -0.126989241157048397E+03
    0.304191782910207154E+00    0.433414715399454309E+00    0.526966079448558044E+10   -0.126988810211660166E+03
    0.335550863620674433E+00    0.555425708525758566E+00    0.501773243874819183E+10   -0.126988182279582247E+03
    0.324893186174202764E+00    0.575340739102216503E+00    0.511147486948535252E+10   -0.126983933237159704E+03
    0.304081001998799616E+00    0.480164474581268763E+00    0.525772469046177197E+10   -0.126979009515979527E+03
    0.304081001998799616E+00    0.480164474581268763E+00    0.525772469046177197E+10   -0.126979009515979527E+03
    0.339238305947559382E+00    0.440439913162290253E+00    0.498899374427459812E+10   -0.126968064558943041E+03
    0.339238305947559382E+00    0.440439913162290253E+00    0.498899374427459812E+10   -0.126968064558943041E+03
    0.334116125475459325E+00    0.449298753904066928E+00    0.502541686263241768E+10   -0.126968051949200685E+03
    0.302263063906403395E+00    0.431420851475737166E+00    0.529313559809282303E+10   -0.126947980336391453E+03
    0.314069059195693334E+00    0.508270141171578871E+00    0.521875932696545410E+10   -0.126943743176695975E+03
    0.323900382451953128E+00    0.500552891240847231E+00    0.513490663376726055E+10   -0.126927548098383937E+03
    0.323900382451953128E+00    0.500552891240847231E+00    0.513490663376726055E+10   -0.126927548098383937E+03
    0.305764911394381389E+00    0.492684405569894679E+00    0.523097372024159622E+10   -0.126916190478751162E+03
    0.298997602647105121E+00    0.425159906244601871E+00    0.529912155184918594E+10   -0.126906429872566378E+03
    0.298997602647105121E+00    0.425159906244601871E+00    0.529912155184918594E+10   -0.126906429872566378E+03
    0.324633120839776523E+00    0.551767607409649585E+00    0.509654356491591358E+10   -0.126905755025011345E+03
    0.326351119039936133E+00    0.568369152662814514E+00    0.509004014668368816E+10   -0.126901911638279671E+03
    0.330033508004308473E+00    0.475660613546953215E+00    0.505326122973868752E+10   -0.126897282949603138E+03
    0.330033508004308473E+00    0.475660613546953215E+00    0.505326122973868752E+10   -0.126897282949603138E+03
    0.321602200966952689E+00    0.552050944610318339E+00    0.511364172607033730E+10   -0.126876918318244250E+03
    0.321602200966952689E+00    0.552050944610318339E+00    0.511364172607033730E+10   -0.126876918318244250E+03
    0.308216267917343023E+00    0.469900136327417783E+00    0.528186690639127445E+10   -0.126873324164822961E+03
    0.308216267917343023E+00    0.469900136327417783E+00    0.528186690639127445E+10   -0.126873324164822961E+03
    0.309612665258695408E+00    0.497872360739538777E+00    0.522965405839596939E+10   -0.126870487850530594E+03
    0.304383148447988139E+00    0.494438249295548360E+00    0.529914990326108265E+10   -0.126854853356145568E+03
    0.304383148447988139E+00    0.494438249295548360E+00    0.529914990326108265E+10   -0.126854853356145568E+03
    0.320597935795639222E+00    0.553427346128440689E+00    0.512529937741167545E+10   -0.126853770350925046E+03
    0.320597935795639222E+00    0.553427346128440689E+00    0.512529937741167545E+10   -0.126853770350925046E+03
    0.336057622051558480E+00    0.595304937405991552E+00    0.501949353539656830E+10   -0.126844395039822516E+03
    0.313695917402769475E+00    0.488530519427834875E+00    0.519452460062155724E+10   -0.126837780916221746E+03
    0.299388724931105576E+00    0.501761778157884919E+00    0.531564174306518364E+10   -0.126832736362081249E+03
    0.299388724931105576E+00    0.501761778157884919E+00    0.531564174306518364E+10   -0.126832736362081249E+03
    0.309290401157495176E+00    0.504760527962972105E+00    0.525014203178062725E+10   -0.126829503475787106E+03
    0.337182101112064925E+00    0.502596848874876656E+00    0.500381553152453899E+10   -0.126827228425170105E+03
    0.300324535799187498E+00    0.498827970400752108E+00    0.531760977321372700E+10   -0.126810204490779739E+03
    0.318051424590151455E+00    0.478385513033716236E+00    0.520777049710899734E+10   -0.126792135255060515E+03
    0.301880122764017822E+00    0.499339902180988560E+00    0.531589208174337292E+10   -0.126788498569451960E+03
    0.301880122764017822E+00    0.499339902180988560E+00    0.531589208174337292E+10   -0.126788498569451960E+03
    0.316279732258790969E+00    0.519060234689899147E+00    0.521312458064879608E+10   -0.126764226398237753E+03
    0.323664717689664927E+00    0.565943588925337693E+00    0.511666086730383682E+10   -0.126749483148172118E+03
    0.323664717689664927E+00    0.565943588925337693E+00    0.511666086730383682E+10   -0.126749483148172118E+03
    0.351254853630908082E+00    0.560612988877540630E+00    0.495365573193148232E+10   -0.126748945612401542E+03
    0.300917145108807738E+00    0.505755010261042415E+00    0.530486425128458691E+10   -0.126741428280852944E+03
    0.329040377075112855E+00    0.502199148681432561E+00    0.510610265837311363E+10   -0.126735256169797211E+03
    0.327629813379840373E+00    0.553767827867922335E+00    0.509723804513978767E+10   -0.126730926278367988E+03
    0.343913379937744623E+00    0.465914479221105182E+00    0.495329334266211700E+10   -0.126718148149970219E+03
    0.312372470075577779E+00    0.481347038781414938E+00    0.523852607358890629E+10   -0.126715782078330676E+03
    0.307321842393761480E+00    0.488216683588296618E+00    0.527556564681359863E+10   -0.126704160235808331E+03
    0.319981385939296425E+00    0.475814469507911397E+00    0.512475418032890129E+10   -0.126696138958461532E+03
    0.299290300888560512E+00    0.441086224448278941E+00    0.530143532832220268E+10   -0.126691316241473530E+03
    0.306686757260225595E+00    0.416649911432912745E+00    0.524094824025863266E+10   -0.126689855500602903E+03
    0.306686757260225595E+00    0.416649911432912745E+00    0.524094824025863266E+10   -0.126689855500602903E+03
    0.316088433312713746E+00    0.609365593350970514E+00    0.521164769136629105E+10   -0.126687444218377181E+03
    0.316088433312713746E+00    0.609365593350970514E+00    0.521164769136629105E+10   -0.126687444218377181E+03
    0.304949776154221863E+00    0.491029918933334031E+00    0.525807467543589115E+10   -0.126683372633706199E+03
    0.329638706338715948E+00    0.567719609325553876E+00    0.508535894196895409E+10   -0.126675206822238380E+03
    0.300867066360117008E+00    0.491504736865216785E+00    0.531894399012473869E+10   -0.126668494692873679E+03
    0.327384687218994053E+00    0.556441667977560783E+00    0.509780266332611275E+10   -0.126664059650786783E+03
    0.327384687218994053E+00    0.556441667977560783E+00    0.509780266332611275E+10   -0.126664059650786783E+03
    0.303358857479260280E+00    0.480836842030399225E+00    0.526583441119432831E+10   -0.126659724765078209E+03
    0.314243978716549743E+00    0.476760223149462092E+00    0.518004713297636032E+10   -0.126654924073509051E+03
    0.314243978716549743E+00    0.476760223149462092E+00    0.518004713297636032E+10   -0.126654924073509051E+03
    0.307208000427530381E+00    0.467328467802456515E+00    0.522843221763670254E+10   -0.126651401223825673E+03
    0.307208000427530381E+00    0.467328467802456515E+00    0.522843221763670254E+10   -0.126651401223825673E+03
    0.323410605118809646E+00    0.549557102626570426E+00    0.511104097586379147E+10   -0.126641329361429143E+03
    0.323410605118809646E+00    0.549557102626570426E+00    0.511104097586379147E+10   -0.126641329361429143E+03
    0.310397898344956458E+00    0.514043360770967794E+00    0.526808604987519646E+10   -0.126640194984381381E+03
    0.310397898344956458E+00    0.514043360770967794E+00    0.526808604987519646E+10   -0.126640194984381381E+03
    0.319516509205299559E+00    0.570509223899779983E+00    0.514630486953566742E+10   -0.126640042739271451E+03
    0.336422645890830596E+00    0.542875396866017823E+00    0.506476514901194000E+10   -0.126639544241262797E+03
    0.301045874771841304E+00    0.489310262016559250E+00    0.529608811543939209E+10   -0.126637463920896323E+03
    0.311535987757136257E+00    0.586847135994050362E+00    0.523193292911865425E+10   -0.126636059355770612E+03
    0.304913113317512807E+00    0.457582690601904929E+00    0.525256011070487213E+10   -0.126628012203359987E+03
    0.338502689081791264E+00    0.412464352945811186E+00    0.498615834907149601E+10   -0.126627885656174797E+03
    0.327552082760075691E+00    0.505012399886776819E+00    0.510459017516006565E+10   -0.126619575407831363E+03
    0.307115155046553845E+00    0.506976923429647286E+00    0.527004162184366703E+10   -0.126610048721049509E+03
    0.316276615832230101E+00    0.513013920374636001E+00    0.520208820193088722E+10   -0.126601293759152526E+03
    0.299517824865390137E+00    0.418701604999988319E+00    0.530242951389072609E+10   -0.126599344908424769E+03
    0.335905627707403842E+00    0.490006456079743913E+00    0.504666980536081791E+10   -0.126596051038938796E+03
    0.311338521932789436E+00    0.466102249539041225E+00    0.525117591896834850E+10   -0.126590973309248497E+03
    0.307555581105596332E+00    0.598699441734193982E+00    0.524608561788125324E+10   -0.126590011957158410E+03
    0.310021089202356381E+00    0.520910642625194598E+00    0.524819266865405560E+10   -0.126578840947945679E+03
    0.324441217262821602E+00    0.580585879278640249E+00    0.511445723982879543E+10   -0.126578126823428335E+03
    0.320289880815656292E+00    0.551169255893226406E+00    0.513912825276663399E+10   -0.126571183415574794E+03
    0.310976451632768602E+00    0.465496227367481197E+00    0.519946968145398998E+10   -0.126561639687206835E+03
    0.333388691221689570E+00    0.537562060237439354E+00    0.505867752563545322E+10   -0.126558509514772780E+03
    0.334851968034783343E+00    0.446045091253132853E+00    0.502092622795312595E+10   -0.126554808269801370E+03
    0.302650072582875407E+00    0.445417032789967138E+00    0.526961786772462940E+10   -0.126552486734447911E+03
    0.333614500078257881E+00    0.531174952905775655E+00    0.506257010794869423E+10   -0.126550645030738977E+03
    0.319591669234518039E+00    0.494973636885987389E+00    0.513779230082065487E+10   -0.126548697598090342E+03
    0.329408541600979488E+00    0.508017187898373024E+00    0.509912339619070625E+10   -0.126540596432985780E+03
    0.338627640466551083E+00    0.482403370877214854E+00    0.500638277744171906E+10   -0.126538496731650014E+03
    0.323894337718112435E+00    0.537462371044894027E+00    0.511740612678407383E+10   -0.126534802496149240E+03
    0.308859820764797899E+00    0.480282740325069568E+00    0.524413310958820152E+10   -0.126533729324853240E+03
    0.324280272952458370E+00    0.556712164925293962E+00    0.511980849380281925E+10   -0.126528700858237926E+03
    0.322150664945194454E+00    0.480733608457278194E+00    0.511033444130193138E+10   -0.126527973960699512E+03
    0.311175098994224075E+00    0.465070965145642390E+00    0.520838760903759384E+10   -0.126515624269984954E+03
    0.312705227126642504E+00    0.471459256371238311E+00    0.522561666210025024E+10   -0.126513879046161506E+03
    0.308588190612470781E+00    0.513486325743775396E+00    0.527157591000859356E+10   -0.126508606835370429E+03
    0.315799577930850339E+00    0.475903148673925358E+00    0.519708082504228687E+10   -0.126499838358514268E+03
    0.310341553836256445E+00    0.505617923124091817E+00    0.523767680255033493E+10   -0.126497042314518779E+03
    0.343087733212025736E+00    0.464982420486926173E+00    0.496307788137599087E+10   -0.126489145161961176E+03
    0.318735799936008868E+00    0.505375335479170573E+00    0.514956942007236576E+10   -0.126487987489966613E+03
    0.306138155879874252E+00    0.484070924194694996E+00    0.525027962883478737E+10   -0.126487946087164204E+03
    0.300590464845530370E+00    0.507589850312424318E+00    0.531173821497092628E+10   -0.126487090120766084E+03
    0.312399706398336363E+00    0.461044661845008363E+00    0.520857306101042557E+10   -0.126480615360283736E+03
    0.308620148132289884E+00    0.460967940317908997E+00    0.523040934708307743E+10   -0.126469079654548040E+03
    0.354727955110999471E+00    0.529878728203030391E+00    0.489113904907860756E+10   -0.126462724249425207E+03
    0.321648818448867224E+00    0.571408636362903621E+00    0.511866443431471348E+10   -0.126458990912731025E+03
    0.327331201461029897E+00    0.540534022496995448E+00    0.509628769011587334E+10   -0.126455812700279893E+03
    0.335889083568637448E+00    0.548536975482999622E+00    0.503555021033916092E+10   -0.126452552464874344E+03
    0.321431985824220723E+00    0.573899679373958804E+00    0.513906055759662533E+10   -0.126448861419392998E+03
    0.325909798859393585E+00    0.474019823557876308E+00    0.510205221885448360E+10   -0.126447604166305069E+03
    0.314770801023724456E+00    0.456613412960408027E+00    0.518653625015361404E+10   -0.126446870821087401E+03
    0.324203220996166941E+00    0.496678368940695947E+00    0.511948552433254910E+10   -0.126446019280854586E+03
    0.301842562189036212E+00    0.412504500968557508E+00    0.530206865535539436E+10   -0.126424534735568713E+03
    0.311405596834967491E+00    0.495144509211742800E+00    0.526138186669610310E+10   -0.126419491749403960E+03
    0.325154569495761825E+00    0.486092668038825337E+00    0.512077440526689625E+10   -0.126414147610180947E+03
    0.319757053519239942E+00    0.513242102127705380E+00    0.514779726398304462E+10   -0.126406105579102586E+03
    0.327550299858341665E+00    0.553273955808776918E+00    0.508343524922611618E+10   -0.126397814756785451E+03
    0.317476751332575802E+00    0.509650108814486913E+00    0.515881444998328209E+10   -0.126394309214278351E+03
    0.315434402881932696E+00    0.493997995024793468E+00    0.519884539224828720E+10   -0.126379694242929446E+03
    0.329185441524039446E+00    0.540790817842538019E+00    0.506876054208880806E+10   -0.126378256003129096E+03
    0.331223063401774098E+00    0.472393006851712371E+00    0.504340542504179764E+10   -0.126367983604158397E+03
    0.318243909504647093E+00    0.559230318872199206E+00    0.515203960272936249E+10   -0.126365561877315344E+03
    0.325544679549819194E+00    0.493126109205640262E+00    0.511195054540536022E+10   -0.126363540441196989E+03
    0.304609250029471645E+00    0.489841850694581638E+00    0.527684414173775387E+10   -0.126361383442955173E+03
    0.313844303705506089E+00    0.499876071349543594E+00    0.518518282683653736E+10   -0.126360455662863771E+03
    0.313868917878851128E+00    0.468134312028503530E+00    0.520083539979114914E+10   -0.126358984696378030E+03
    0.335970274501014188E+00    0.501428069147545230E+00    0.503159651660675526E+10   -0.126358864374549256E+03
    0.316374366847135324E+00    0.501199706176628013E+00    0.519194361534256744E+10   -0.126357828708619536E+03
    0.312079011703459031E+00    0.460464476549709900E+00    0.524434048993296719E+10   -0.126320712125052324E+03
    0.315855985535178019E+00    0.492916962071118903E+00    0.516150853171173191E+10   -0.126319778525014172E+03
    0.313426599045412368E+00    0.582013490687474544E+00    0.520060784523686123E+10   -0.126318351491071724E+03
    0.339507158733432013E+00    0.485401228078474745E+00    0.500908966428854179E+10   -0.126306872842143505E+03
    0.338556275473807566E+00    0.496313063601846238E+00    0.503804797636898518E+10   -0.126305377964516680E+03
    0.305833757163990971E+00    0.411771274851716385E+00    0.525591684952265072E+10   -0.126300490936394439E+03
    0.338701417268648441E+00    0.491773717786376352E+00    0.501138702106789017E+10   -0.126296811512441806E+03
    0.335158763253841030E+00    0.523185533593204966E+00    0.504805534795296001E+10   -0.126293383683008187E+03
    0.327345242035490258E+00    0.524401804305247410E+00    0.511007457307709217E+10   -0.126288396240836050E+03
    0.329515096477000557E+00    0.507059593038261980E+00    0.509045890357135010E+10   -0.126281399948653956E+03
    0.313766654423231151E+00    0.619306175618339338E+00    0.522851312103736019E+10   -0.126280408831426698E+03
    0.329672316209478899E+00    0.554939758361093993E+00    0.509165598111703587E+10   -0.126261019724100052E+03
    0.306813295549292708E+00    0.484281219458775780E+00    0.526230689105371189E+10   -0.126260166367079364E+03
    0.346377395552527612E+00    0.553389581079454018E+00    0.498304567724866581E+10   -0.126254972239069076E+03
    0.316252449674603420E+00    0.501818581428807420E+00    0.518461512154568768E+10   -0.126248343025560573E+03
    0.330820400951811922E+00    0.479324061224327025E+00    0.506621015137793732E+10   -0.126246036477856876E+03
    0.334440587253319710E+00    0.509119683233835829E+00    0.505289433780965519E+10   -0.126239454115109183E+03
    0.314236778706550313E+00    0.478314306757109620E+00    0.520207144780047417E+10   -0.126238879700650472E+03
    0.320199183147395872E+00    0.525773970190844153E+00    0.517145736907288742E+10   -0.126235389014386541E+03
    0.319688309594113040E+00    0.529563725469103019E+00    0.515419197588970661E+10   -0.126226673467549773E+03
    0.332318362957441771E+00    0.477210106479583729E+00    0.503628265775803757E+10   -0.126225924204812941E+03
    0.314177356463559987E+00    0.459991823705689029E+00    0.520125198881925201E+10   -0.126204052098172752E+03
    0.317440672138091295E+00    0.499543027625005465E+00    0.516793847533782387E+10   -0.126176602878463569E+03
    0.328068755376233534E+00    0.524740839614850074E+00    0.510528825688386917E+10   -0.126166478733098970E+03
    0.332535795011081936E+00    0.476982912893170408E+00    0.503526710701719284E+10   -0.126157760333060509E+03
    0.353327321264531979E+00    0.523469456322418480E+00    0.489976190262642479E+10   -0.126134824915403513E+03
    0.350108468135914896E+00    0.540200358799300062E+00    0.495381698402197552E+10   -0.126126679115329509E+03
    0.310575027332630760E+00    0.486183539890003402E+00    0.525373575312463093E+10   -0.126122970761752939E+03
    0.321876441279207670E+00    0.530478763629066208E+00    0.513368719971502590E+10   -0.126121165171151688E+03
    0.328764964047311925E+00    0.542355873012635215E+00    0.508646095024698639E+10   -0.126119441398967041E+03
    0.315985089756579796E+00    0.506504836464994668E+00    0.518223795412652493E+10   -0.126115531760116170E+03
    0.325089975502428463E+00    0.481883205712252405E+00    0.511801380807680511E+10   -0.126113448109770673E+03
    0.320411109332199850E+00    0.563289764985091423E+00    0.514279683058366394E+10   -0.126104773662013798E+03
    0.316680021362618858E+00    0.479047357314019706E+00    0.519001544036943626E+10   -0.126099798786037042E+03
    0.338124966218314227E+00    0.476562833551984255E+00    0.500788028136835194E+10   -0.126095976452573737E+03
    0.317925884649011170E+00    0.512471846883590487E+00    0.518431361539898777E+10   -0.126092572646570886E+03
    0.330036164592200643E+00    0.489563771447404150E+00    0.507102554257132721E+10   -0.126086513417445303E+03
    0.351413117030936639E+00    0.535582831773741219E+00    0.494237520057439232E+10   -0.126079005867966700E+03
    0.311487896652791862E+00    0.427089221166060184E+00    0.521702712583201027E+10   -0.126073432555465601E+03
    0.338491670585655879E+00    0.495489767979746532E+00    0.503601747705026722E+10   -0.126070770368487899E+03
    0.320567854653225348E+00    0.507320037826890058E+00    0.513691565516065693E+10   -0.126065698935037531E+03
    0.316862525303226006E+00    0.489892257847174051E+00    0.516126222536163044E+10   -0.126059369144982284E+03
    0.327715963119915965E+00    0.504835834802815242E+00    0.510190429482397079E+10   -0.126053516876524057E+03
    0.320284367541970927E+00    0.557596670916325365E+00    0.514208490180890751E+10   -0.126048156122439764E+03
    0.315547310592334429E+00    0.475577020843180875E+00    0.517609899457499313E+10   -0.126045089828128056E+03
    0.316932431915886492E+00    0.497376203877768930E+00    0.517555119666127872E+10   -0.126040993362103677E+03
    0.320984700852467220E+00    0.497419673728035860E+00    0.513535086129394341E+10   -0.126018114536970359E+03
    0.349087998664805998E+00    0.535923184297779187E+00    0.495482302938505650E+10   -0.126011830477040206E+03
    0.325428556787054624E+00    0.543380375078184485E+00    0.511095677381695080E+10   -0.126005934781688524E+03
    0.328289875453816438E+00    0.505059794709119103E+00    0.509443959099676800E+10   -0.125985146280268623E+03
    0.309267928535063019E+00    0.584468244986345198E+00    0.523730066411896420E+10   -0.125951293579315276E+03
    0.324774888415427676E+00    0.527387048179374318E+00    0.510588651534892845E+10   -0.125931326575635808E+03
    0.353654919594862449E+00    0.509283268497851438E+00    0.491530523668760586E+10   -0.125888888000975982E+03
    0.346563604991540930E+00    0.557581107518828389E+00    0.498070973725853252E+10   -0.125876123344692232E+03
    0.354702562347056272E+00    0.521996903843525928E+00    0.491079226085170364E+10   -0.125467466970031239E+03
    0.351465673693159175E+00    0.535410203010588504E+00    0.493459123692665577E+10   -0.125214598621051820E+03
    0.352103883432317355E+00    0.536230814576153847E+00    0.493239177654839134E+10   -0.125730208170212094E+03
    0.354905858132530838E+00    0.519096263056560758E+00    0.490879421386485291E+10   -0.125028699433985622E+03
    0.354905858132530838E+00    0.519096263056560758E+00    0.490879421386485291E+10   -0.125028699433985622E+03
    0.351293307665273835E+00    0.562200423433106167E+00    0.494608604143981838E+10   -0.125257406879124488E+03
    0.351336098286455456E+00    0.554504215880328388E+00    0.493520213209867287E+10   -0.125407827724239638E+03
    0.347700811775991714E+00    0.549737134968594887E+00    0.496538200763651752E+10   -0.124877316567364090E+03
    0.347700811775991714E+00    0.549737134968594887E+00    0.496538200763651752E+10   -0.124877316567364090E+03
    0.349663283292201310E+00    0.548578630313718563E+00    0.494924704600502110E+10   -0.124469623568015407E+03
    0.349663283292201310E+00    0.548578630313718563E+00    0.494924704600502110E+10   -0.124469623568015407E+03
    0.349663283292201310E+00    0.548578630313718563E+00    0.494924704600502110E+10   -0.124469623568015407E+03
    0.347628931479356307E+00    0.546025437287005033E+00    0.496167649324557209E+10   -0.125370867048183442E+03
    0.351059726513603287E+00    0.551833520339638284E+00    0.493746827734301186E+10   -0.125095795039445278E+03
    0.330001076473078137E+00    0.558473259510986253E+00    0.510121520574701214E+10   -0.125923909975685973E+03
    0.317132895517944435E+00    0.475499569538870404E+00    0.519682461337305832E+10   -0.125678575602165694E+03
    0.316644542737259893E+00    0.490899926899393435E+00    0.518818468302363873E+10   -0.125460291698073334E+03
    0.317655266236107736E+00    0.486579364226615851E+00    0.517387905225688934E+10   -0.125878527494025590E+03
    0.315941816559793587E+00    0.482994413052647786E+00    0.520460511175627327E+10   -0.125709923892706840E+03
    0.316505677302344079E+00    0.484653128191441240E+00    0.518836917501198578E+10   -0.125785437761475379E+03
    0.323285338750953277E+00    0.482385841751789002E+00    0.512754337683195114E+10   -0.125614554887174791E+03
    0.324866694274390022E+00    0.480531407318414594E+00    0.511850181121104622E+10   -0.125687431635854892E+03
    0.324279800712746702E+00    0.488292661593686006E+00    0.511857092505499363E+10   -0.125819924288690586E+03
    0.320459693732280393E+00    0.506923070274529763E+00    0.516049678637550735E+10   -0.125264550697192618E+03
    0.321045311643170628E+00    0.518148493534750898E+00    0.514296270702533054E+10   -0.125625883522929911E+03
    0.320472676307914817E+00    0.515766317575502953E+00    0.514497380681179905E+10   -0.125839086537351747E+03
    0.320964516470488181E+00    0.513620730072785747E+00    0.514963196677817154E+10   -0.125873531288257809E+03
    0.323454552320278477E+00    0.522006130459482520E+00    0.511937178539687061E+10   -0.125906249436212633E+03
    0.322931731147657275E+00    0.499020776398486632E+00    0.512310477156474781E+10   -0.125669812392454389E+03
    0.323617858069933539E+00    0.504188605337210660E+00    0.511742023073186302E+10   -0.125873028816769207E+03
    0.320502391725684177E+00    0.518433912537666686E+00    0.517762662831580925E+10   -0.125554642102310581E+03
    0.318797979196349723E+00    0.521871850014150596E+00    0.517430313744198227E+10   -0.125738132420184968E+03
    0.321789448336999351E+00    0.526983741204563927E+00    0.516530185143412685E+10   -0.125822205034203023E+03
    0.318446422290791398E+00    0.515846268603350921E+00    0.516718380085574818E+10   -0.125711028197796651E+03
    0.317724235233048158E+00    0.512893433067130644E+00    0.517555480976840401E+10   -0.125564414438056474E+03
    0.322217065051510099E+00    0.521369311994728690E+00    0.517113439605965805E+10   -0.125494508526820880E+03
    0.326330888504097749E+00    0.580470671418392925E+00    0.511236762872864628E+10   -0.125621093828412427E+03
    0.326422077015694923E+00    0.564171077148660771E+00    0.511228265750665283E+10   -0.125406980338762480E+03
    0.327122955825002226E+00    0.558161086498515147E+00    0.510103670718316460E+10   -0.125708236543977165E+03
    0.324979781110577681E+00    0.547487635903658898E+00    0.511484833425990486E+10   -0.125894410529547855E+03
    0.327421707088122405E+00    0.547063294360256691E+00    0.510203934655173969E+10   -0.125785970335053079E+03
    0.329368003822741007E+00    0.537543460531797024E+00    0.507927842208617401E+10   -0.125291484243322685E+03
    0.329680664461704576E+00    0.538674962824501335E+00    0.508057014872057629E+10   -0.125880071592273353E+03
    0.330152220997702361E+00    0.563877067533471887E+00    0.508805912939391327E+10   -0.125297012332721096E+03
    0.328699853854779289E+00    0.566461278113303379E+00    0.508811120463465977E+10   -0.125816427435179151E+03
    0.329249349394788782E+00    0.559101533731219291E+00    0.510033881851500511E+10   -0.125489683323933718E+03
    0.329849292599778576E+00    0.565502085814834743E+00    0.509688570978531265E+10   -0.125314550460323403E+03
    0.327908337125459082E+00    0.557902078708426785E+00    0.510503006567221546E+10   -0.125416743020146399E+03
    0.329184331739263869E+00    0.556043819376821347E+00    0.511051815131659889E+10   -0.125730580309069609E+03
    0.328732021560832366E+00    0.559874568355137825E+00    0.511145997227214909E+10   -0.125188843097641353E+03
    0.329320615494127722E+00    0.550093092611840362E+00    0.510151149270893955E+10   -0.125670673990457715E+03
    0.330503780625534593E+00    0.548213896228666897E+00    0.509163434427747726E+10   -0.124797451607325854E+03
    0.330503780625534593E+00    0.548213896228666897E+00    0.509163434427747726E+10   -0.124797451607325854E+03
    0.331679877394319422E+00    0.557700479514016578E+00    0.508359634253151608E+10   -0.125070662540813004E+03
    0.331679877394319422E+00    0.557700479514016578E+00    0.508359634253151608E+10   -0.125070662540813004E+03
    0.329177888874329971E+00    0.551369226936444079E+00    0.509262674254335785E+10   -0.125661780036204362E+03
    0.329374417368509476E+00    0.551264936786537874E+00    0.511297222629497242E+10   -0.125743527721605830E+03
    0.322793132482308953E+00    0.553141923095054722E+00    0.513888936456817818E+10   -0.125766145905563434E+03
    0.322549983475516777E+00    0.556921749877774985E+00    0.513309754990296173E+10   -0.125597825043147324E+03
    0.320144282670390912E+00    0.561295273264057926E+00    0.515573613454993725E+10   -0.125815006146648855E+03
    0.319968804846233135E+00    0.559998011691245523E+00    0.514869037246480656E+10   -0.125645810515844417E+03
    0.319856859424559714E+00    0.569547021933820119E+00    0.515328317225058556E+10   -0.125744531699556305E+03
    0.326207329837743087E+00    0.519601938999098678E+00    0.511491292929776573E+10   -0.125577741401884055E+03
    0.325319932937492395E+00    0.542924766042681028E+00    0.511541372445739460E+10   -0.125423184692798046E+03
    0.326234219693639971E+00    0.533929160795032942E+00    0.510772310367242622E+10   -0.125436913650346767E+03
    0.328073046547009473E+00    0.526807880699482922E+00    0.509711265907622623E+10   -0.125329485115047646E+03
    0.327698435631232410E+00    0.533056810080413612E+00    0.510035718334132767E+10   -0.125602307739565219E+03
    0.324990155536947989E+00    0.528575496253456123E+00    0.510487716246817207E+10   -0.125847691863402574E+03
    0.323073230014158996E+00    0.475157485158668180E+00    0.512750921256064510E+10   -0.125638262951861279E+03
    0.324121328249125151E+00    0.454463107225999252E+00    0.512793630508353806E+10   -0.125311981409231834E+03
    0.325630267715189159E+00    0.472574441894337838E+00    0.511334496460829830E+10   -0.125752668989295842E+03
    0.323934237944199843E+00    0.472528400299356832E+00    0.510819668678970337E+10   -0.125771445643277943E+03
    0.330285608583686663E+00    0.474012138697180063E+00    0.508468808550144768E+10   -0.125858138606973284E+03
    0.329792831450732071E+00    0.469359145996367744E+00    0.507701148801923561E+10   -0.125694604331533810E+03
    0.333349504955678333E+00    0.489222044899527475E+00    0.504077483322251415E+10   -0.125622071595441071E+03
    0.333803354544104369E+00    0.490498997686998450E+00    0.505403212950205612E+10   -0.124994575558303922E+03
    0.332872252937089830E+00    0.495854828827507532E+00    0.504571902721206760E+10   -0.125758298314899648E+03
    0.330691439232257134E+00    0.478629946063040990E+00    0.506548172087492371E+10   -0.125620440913861728E+03
    0.326690713644169572E+00    0.510883903876518275E+00    0.509681412829341602E+10   -0.125400807925426051E+03
    0.329019919474206002E+00    0.512938793614756250E+00    0.509107190287296486E+10   -0.125258727232639814E+03
    0.338892462422759333E+00    0.492283044005247916E+00    0.502075206802170372E+10   -0.124896317682136868E+03
    0.338432367105180987E+00    0.497870535694246996E+00    0.500420556033909988E+10   -0.125530881171443667E+03
    0.339045166806223541E+00    0.499147861885045785E+00    0.503926600972129536E+10   -0.125587956146260012E+03
    0.338786279643733867E+00    0.471048417814010634E+00    0.501176963925942326E+10   -0.125902583890313366E+03
    0.334483612366466510E+00    0.505417130177416851E+00    0.505720919458547306E+10   -0.125662118228957354E+03
    0.333538836604727940E+00    0.511367548409962680E+00    0.505648815661725521E+10   -0.125691392404698973E+03
    0.333636600140814532E+00    0.511731352074907164E+00    0.504269760301947021E+10   -0.125789446815276833E+03
    0.335046415812148446E+00    0.520183546800767616E+00    0.504932187725155830E+10   -0.125751467577143188E+03
    0.335191674253444816E+00    0.528991355383517714E+00    0.505696818028272057E+10   -0.125537445936176482E+03
    0.333397681968791104E+00    0.515345757928894699E+00    0.505188740473682880E+10   -0.125549173284266317E+03
