    0.309304086950299262E+00    0.670119056358331022E+00    0.870741006073103142E+10   -0.140190731253508886E+03
    0.341924317861773408E+00    0.694164217918654458E+00    0.825388416435196400E+10   -0.140055841620161061E+03
    0.289158115388326420E+00    0.703288007653878111E+00    0.900796507797060204E+10   -0.138945042331922764E+03
    0.314866908392719302E+00    0.767778994439378693E+00    0.859031026620932388E+10   -0.138733722893545007E+03
    0.341250928507273343E+00    0.653477860043249592E+00    0.838608545059016991E+10   -0.138703154035005099E+03
    0.304314104466160418E+00    0.725918828153773177E+00    0.891619742646081734E+10   -0.138550228288248462E+03
    0.259882702287273781E+00    0.626440441423197214E+00    0.945044277549360847E+10   -0.138231251293518767E+03
    0.283092989032173781E+00    0.759694870080343421E+00    0.920763732460868073E+10   -0.138208259926233808E+03
    0.307628095715059058E+00    0.621659263874601464E+00    0.875281181877793121E+10   -0.138021916826116808E+03
    0.271475057659091301E+00    0.612073759735585199E+00    0.923601254265527916E+10   -0.137554194565393118E+03
    0.273723732380321105E+00    0.699615516052569220E+00    0.936297071825007629E+10   -0.137553282300113494E+03
    0.310855299969618415E+00    0.622136220485611346E+00    0.883618003964206886E+10   -0.137326073386066923E+03
    0.299544516992289234E+00    0.717075240023600458E+00    0.882579615956407928E+10   -0.137306388980659477E+03
    0.295450361776961545E+00    0.609379531287675746E+00    0.884147505424911499E+10   -0.137159301128165424E+03
    0.313500792724351107E+00    0.627970061829348225E+00    0.865741464189127541E+10   -0.137135306695043795E+03
    0.344718648274388362E+00    0.717031072736428854E+00    0.831239515626879120E+10   -0.137100857872115085E+03
    0.288276355237597315E+00    0.660944132002141416E+00    0.910075089858407211E+10   -0.137070818179496399E+03
    0.342788038060831746E+00    0.671703491145612119E+00    0.831329167799685478E+10   -0.137068128812468416E+03
    0.333513376025493358E+00    0.631036302678234406E+00    0.844142620041213226E+10   -0.137002818092365459E+03
    0.294082082255202992E+00    0.579235222435130481E+00    0.896944114216224289E+10   -0.136903189896498702E+03
    0.297302737415390983E+00    0.572028098284402375E+00    0.886997951779158592E+10   -0.136890883757734855E+03
    0.297626399191550151E+00    0.770247234820010007E+00    0.895823052400265503E+10   -0.136887369631737954E+03
    0.318075707606851166E+00    0.696183427453371806E+00    0.856269653332433033E+10   -0.136871502612201482E+03
    0.299453284673776521E+00    0.553921328461811413E+00    0.887399883572609329E+10   -0.136834685971142903E+03
    0.285208437441447027E+00    0.745602567587939191E+00    0.922245704684516335E+10   -0.136792922690707655E+03
    0.275113412889451403E+00    0.690944524028330065E+00    0.919779010780808067E+10   -0.136790832939892027E+03
    0.330802867048718918E+00    0.727273637620079683E+00    0.854565152547412205E+10   -0.136702965275532591E+03
    0.299163346016347531E+00    0.606272606346662357E+00    0.896694625244664574E+10   -0.136697152797799419E+03
    0.291783799413699252E+00    0.813300725014210357E+00    0.904925045277251625E+10   -0.136619440728228142E+03
    0.277863200096329976E+00    0.754442172900823493E+00    0.930556985860861015E+10   -0.136517827172771007E+03
    0.270764649743124253E+00    0.652615060124769997E+00    0.930738497578469086E+10   -0.136466940160049717E+03
    0.304125374173926655E+00    0.590501341195379226E+00    0.875712095895603752E+10   -0.136456315487736106E+03
    0.284275386875907976E+00    0.723484837078036236E+00    0.910413777481409645E+10   -0.136426358667310296E+03
    0.277531305215064306E+00    0.732606862456588459E+00    0.923630217888974953E+10   -0.136425617610894278E+03
    0.340785471106135551E+00    0.764769988425840097E+00    0.839735352383096313E+10   -0.136405870771990209E+03
    0.322791305234319370E+00    0.598609793800367385E+00    0.854927158215559006E+10   -0.136266880010559646E+03
    0.295230654590276365E+00    0.745686291196960838E+00    0.890493211430649567E+10   -0.136217499891770728E+03
    0.311780531663568339E+00    0.720402573484488329E+00    0.878911927812822914E+10   -0.136200540460698733E+03
    0.302549425898952062E+00    0.630109141749821688E+00    0.875921927910210419E+10   -0.136188257798431323E+03
    0.313008266157862480E+00    0.762339758803447509E+00    0.874941062618839455E+10   -0.136146959255313249E+03
    0.265052054885751731E+00    0.715998561698443226E+00    0.938054957910590363E+10   -0.136145572021707238E+03
    0.313935250000956290E+00    0.719175973492262699E+00    0.878388801092378235E+10   -0.136122432543059574E+03
    0.336219186726806285E+00    0.659155255279754826E+00    0.837572340436470604E+10   -0.136116430088624014E+03
    0.311611460995132150E+00    0.669447445667689323E+00    0.864555622825549316E+10   -0.136107247499665391E+03
    0.311418342753080113E+00    0.656309320325110690E+00    0.880276795286308289E+10   -0.136080515262914446E+03
    0.305891207888838723E+00    0.659767133863578437E+00    0.879488664065585709E+10   -0.136075418125804333E+03
    0.279506334232320186E+00    0.669873704577581108E+00    0.914124621701442337E+10   -0.136068314286726206E+03
    0.295992031691891255E+00    0.670074275920827134E+00    0.885678652848446274E+10   -0.136053917697975038E+03
    0.302261227189957848E+00    0.694960770819680107E+00    0.888744699972217941E+10   -0.135995764903277575E+03
    0.300748569235257002E+00    0.643723925739879022E+00    0.888082413047236824E+10   -0.135992451909994628E+03
    0.287938801447834791E+00    0.651979202043088790E+00    0.902651809566431808E+10   -0.135968558612681363E+03
    0.308715636108609026E+00    0.566786231243067817E+00    0.871070940114604950E+10   -0.135957330338440215E+03
    0.278791804882160710E+00    0.698052684163140924E+00    0.927020275826745415E+10   -0.135941328240503140E+03
    0.272790004426890276E+00    0.754652666573583986E+00    0.934520460526480293E+10   -0.135930287009083486E+03
    0.340520877758597629E+00    0.745417266073619800E+00    0.834582799483713627E+10   -0.135919396300380640E+03
    0.289837328003492378E+00    0.743973970600276147E+00    0.897297006730146027E+10   -0.135917666631830002E+03
    0.319386863881921002E+00    0.602282338725061095E+00    0.861084165019701385E+10   -0.135916818734734591E+03
    0.296057350262039831E+00    0.637928636586124753E+00    0.889678213254979897E+10   -0.135903035140840444E+03
    0.288605763986891362E+00    0.707021175178718764E+00    0.908527763721450233E+10   -0.135900498275868301E+03
    0.294156952017164408E+00    0.690903106237906073E+00    0.890483242100381088E+10   -0.135841829442064181E+03
    0.306042335327354753E+00    0.705129873259197737E+00    0.889313401884777260E+10   -0.135841075041719478E+03
    0.292742148022004378E+00    0.717787364283227092E+00    0.899895208887001038E+10   -0.135838724211620530E+03
    0.306725033715978534E+00    0.605694104543308853E+00    0.884819013237629318E+10   -0.135836143748312054E+03
    0.294288052075751816E+00    0.573478595557293858E+00    0.888117292948312569E+10   -0.135802568912406542E+03
    0.280108813831087822E+00    0.719887688162801354E+00    0.920003095934219360E+10   -0.135787183327244065E+03
    0.287875603557668558E+00    0.632957077901430409E+00    0.899500319363110542E+10   -0.135783953189863524E+03
    0.313560861027459947E+00    0.620861624185364391E+00    0.862113736876645088E+10   -0.135783872305165005E+03
    0.297834180036376406E+00    0.707135561486659014E+00    0.886434887557476234E+10   -0.135649351352734868E+03
    0.292319099189578213E+00    0.623776695217578947E+00    0.895341556916610146E+10   -0.135584215242501045E+03
    0.318141015927539239E+00    0.682590077160224240E+00    0.859505094188560867E+10   -0.135579498305674207E+03
    0.309043725961731852E+00    0.646948740527896859E+00    0.874163964504388428E+10   -0.135575838608534411E+03
    0.309919315088538316E+00    0.603088597368063972E+00    0.872161260080194092E+10   -0.135574853706265571E+03
    0.296956240663031557E+00    0.554258176997535656E+00    0.887891369140564156E+10   -0.135547537355771340E+03
    0.296833133238773750E+00    0.611407558801824180E+00    0.889472999571914482E+10   -0.135540184030909643E+03
    0.298554893525981524E+00    0.587838825921041419E+00    0.883461629409388733E+10   -0.135532681295138048E+03
    0.339244159494995146E+00    0.693757517926471223E+00    0.835043661790491772E+10   -0.135498489235396022E+03
    0.297358077962036838E+00    0.740719614349476529E+00    0.894253317665877151E+10   -0.135485738704417344E+03
    0.297358077962036838E+00    0.740719614349476529E+00    0.894253317665877151E+10   -0.135485738704417344E+03
    0.324528523255340151E+00    0.647784892289447356E+00    0.856747355661999512E+10   -0.135483317986839950E+03
    0.319532717459866833E+00    0.578405515832535855E+00    0.864999774219042015E+10   -0.135443743747050803E+03
    0.289328034609532214E+00    0.781595790210246832E+00    0.905924423039096642E+10   -0.135443546166446680E+03
    0.289328034609532214E+00    0.781595790210246832E+00    0.905924423039096642E+10   -0.135443546166446680E+03
    0.314067684772745326E+00    0.704326107291370462E+00    0.881211028861772346E+10   -0.135432513207405805E+03
    0.314067684772745326E+00    0.704326107291370462E+00    0.881211028861772346E+10   -0.135432513207405805E+03
    0.289814431610047829E+00    0.718655557784938281E+00    0.903250194678315353E+10   -0.135399060191904539E+03
    0.320780485657606196E+00    0.661666263493888351E+00    0.861422685225686073E+10   -0.135378108332582741E+03
    0.292492015163324293E+00    0.619207705334449798E+00    0.893457265619953537E+10   -0.135370899602353973E+03
    0.332079165192897541E+00    0.669839346657969514E+00    0.842854002910639191E+10   -0.135364457422009821E+03
    0.332079165192897541E+00    0.669839346657969514E+00    0.842854002910639191E+10   -0.135364457422009821E+03
    0.283160780063020645E+00    0.719239968877737113E+00    0.912460132141174316E+10   -0.135313186812008496E+03
    0.312917668758066758E+00    0.679790697898070562E+00    0.869535119181858253E+10   -0.135245185982318276E+03
    0.304772540684296711E+00    0.668145819515508776E+00    0.876464827710111237E+10   -0.135239971040086687E+03
    0.293372652574771908E+00    0.651654986730603625E+00    0.895242681321748924E+10   -0.135226325383582548E+03
    0.293372652574771908E+00    0.651654986730603625E+00    0.895242681321748924E+10   -0.135226325383582548E+03
    0.314045980849650741E+00    0.725184755398796455E+00    0.875492137459656143E+10   -0.135217104048466325E+03
    0.310174986004039643E+00    0.681811737369962145E+00    0.880063022694483376E+10   -0.135214270921215473E+03
    0.323936374436801122E+00    0.623370828467342264E+00    0.851970356338732338E+10   -0.135212607721615825E+03
    0.323936374436801122E+00    0.623370828467342264E+00    0.851970356338732338E+10   -0.135212607721615825E+03
    0.282847230238799152E+00    0.646330047864765334E+00    0.907278798691894150E+10   -0.135194796764520049E+03
    0.282847230238799152E+00    0.646330047864765334E+00    0.907278798691894150E+10   -0.135194796764520049E+03
    0.305737116367523765E+00    0.694004455354468419E+00    0.881117178053725624E+10   -0.135162607935663743E+03
    0.313977899535893112E+00    0.669045557780956202E+00    0.865923843490045547E+10   -0.135157193684977699E+03
    0.313977899535893112E+00    0.669045557780956202E+00    0.865923843490045547E+10   -0.135157193684977699E+03
    0.277616674905529437E+00    0.572510499628757330E+00    0.924663136991992760E+10   -0.135154419009680851E+03
    0.340628952475907465E+00    0.704667159977617530E+00    0.840738586359316158E+10   -0.135109810198703428E+03
    0.340628952475907465E+00    0.704667159977617530E+00    0.840738586359316158E+10   -0.135109810198703428E+03
    0.328908202129972849E+00    0.612404533900646086E+00    0.853169128698453903E+10   -0.135107307651939010E+03
    0.311444441839687003E+00    0.676837752164811235E+00    0.875513601251524162E+10   -0.135104133262300877E+03
    0.317756695959542146E+00    0.692620382381418764E+00    0.862521927167872810E+10   -0.135070815343187604E+03
    0.317756695959542146E+00    0.692620382381418764E+00    0.862521927167872810E+10   -0.135070815343187604E+03
    0.294306832281141184E+00    0.750721700003468939E+00    0.896433350920730782E+10   -0.135069865815480284E+03
    0.294306832281141184E+00    0.750721700003468939E+00    0.896433350920730782E+10   -0.135069865815480284E+03
    0.305878358504791115E+00    0.682389827094523227E+00    0.875509234388580322E+10   -0.135055734115516913E+03
    0.305878358504791115E+00    0.682389827094523227E+00    0.875509234388580322E+10   -0.135055734115516913E+03
    0.296947721034900303E+00    0.717133038126206657E+00    0.888189562296339607E+10   -0.135044798403991336E+03
    0.319338494437149012E+00    0.665790124976908260E+00    0.867981611975934982E+10   -0.135035390709717603E+03
    0.319338494437149012E+00    0.665790124976908260E+00    0.867981611975934982E+10   -0.135035390709717603E+03
    0.298188312598992644E+00    0.666000347579768004E+00    0.898184207722148323E+10   -0.135035287743958690E+03
    0.298745574793594093E+00    0.691542393994915017E+00    0.892505541305393982E+10   -0.135019344384968292E+03
    0.306882003701796247E+00    0.627796517447585245E+00    0.876384475021309471E+10   -0.135011566754445397E+03
    0.311605598123435079E+00    0.750941333973839775E+00    0.872146867980761909E+10   -0.135004762984333723E+03
    0.311605598123435079E+00    0.750941333973839775E+00    0.872146867980761909E+10   -0.135004762984333723E+03
    0.318269245594388350E+00    0.642978864702714148E+00    0.865237139910807610E+10   -0.134996654539286965E+03
    0.293158279453054338E+00    0.671607588207074002E+00    0.905581098173023605E+10   -0.134989924782616242E+03
    0.312090353074135907E+00    0.727644105651858553E+00    0.871605821893517113E+10   -0.134976532283755375E+03
    0.293549606980973044E+00    0.642196989153710263E+00    0.897474988692359543E+10   -0.134957740944843579E+03
    0.304270092277451498E+00    0.713959633792599746E+00    0.879236838997764778E+10   -0.134930369400107850E+03
    0.304270092277451498E+00    0.713959633792599746E+00    0.879236838997764778E+10   -0.134930369400107850E+03
    0.306890730286509761E+00    0.681798273334784710E+00    0.886873200135618782E+10   -0.134929390482118407E+03
    0.294549620137713519E+00    0.620068151055289007E+00    0.892345738776164055E+10   -0.134903892523724153E+03
    0.294549620137713519E+00    0.620068151055289007E+00    0.892345738776164055E+10   -0.134903892523724153E+03
    0.295134193618756091E+00    0.714681837575293244E+00    0.898153238044014359E+10   -0.134894652557177324E+03
    0.295134193618756091E+00    0.714681837575293244E+00    0.898153238044014359E+10   -0.134894652557177324E+03
    0.287467819687633408E+00    0.681407359202278684E+00    0.909401014450561905E+10   -0.134867717700680004E+03
    0.295403727224387014E+00    0.806754426937924762E+00    0.900752592467898941E+10   -0.134862449217942896E+03
    0.295403727224387014E+00    0.806754426937924762E+00    0.900752592467898941E+10   -0.134862449217942896E+03
    0.303513272743588414E+00    0.647014908330518779E+00    0.886198089334115219E+10   -0.134857038542349642E+03
    0.303513272743588414E+00    0.647014908330518779E+00    0.886198089334115219E+10   -0.134857038542349642E+03
    0.312384306777562404E+00    0.612371825972488182E+00    0.866905547272814941E+10   -0.134828677321704106E+03
    0.303159339276811268E+00    0.683348957344108499E+00    0.886555405747133636E+10   -0.134816958473714323E+03
    0.292895593649296571E+00    0.745719124173842118E+00    0.900226893813163757E+10   -0.134804950518793817E+03
    0.289929948552866357E+00    0.681646023119075295E+00    0.898915434708008766E+10   -0.134802442587574149E+03
    0.294953249383964777E+00    0.755173351469398568E+00    0.895832397816967010E+10   -0.134800886030149428E+03
    0.294953249383964777E+00    0.755173351469398568E+00    0.895832397816967010E+10   -0.134800886030149428E+03
    0.313267900134591049E+00    0.638101889075933570E+00    0.870095482510364914E+10   -0.134789786807238670E+03
    0.286999243205781684E+00    0.643588060984560784E+00    0.906699212293422508E+10   -0.134761377013748358E+03
    0.297361855006652465E+00    0.714133122656114949E+00    0.888280705612961388E+10   -0.134759001706042682E+03
    0.291930109960145623E+00    0.671496111609311441E+00    0.898247879510926819E+10   -0.134758893340124246E+03
    0.291930109960145623E+00    0.671496111609311441E+00    0.898247879510926819E+10   -0.134758893340124246E+03
    0.289806588026774226E+00    0.704418017368130478E+00    0.910486439554231071E+10   -0.134739352634850320E+03
    0.289806588026774226E+00    0.704418017368130478E+00    0.910486439554231071E+10   -0.134739352634850320E+03
    0.323870711371552655E+00    0.651637714728428463E+00    0.865202729058742523E+10   -0.134727282723846599E+03
    0.332662576625162576E+00    0.684385303601169781E+00    0.847076995582469273E+10   -0.134708928633022708E+03
    0.340767247946174134E+00    0.753005308968576870E+00    0.835779306085541248E+10   -0.134705128037133107E+03
    0.291752321497836253E+00    0.666666114955983602E+00    0.896845701970991898E+10   -0.134701207146729701E+03
    0.291752321497836253E+00    0.666666114955983602E+00    0.896845701970991898E+10   -0.134701207146729701E+03
    0.308243104509562438E+00    0.704285843442065129E+00    0.874414395976492310E+10   -0.134700694922313289E+03
    0.308243104509562438E+00    0.704285843442065129E+00    0.874414395976492310E+10   -0.134700694922313289E+03
    0.296845007470922573E+00    0.621616646027510100E+00    0.891640490696005058E+10   -0.134699462183681362E+03
    0.296845007470922573E+00    0.621616646027510100E+00    0.891640490696005058E+10   -0.134699462183681362E+03
    0.290293798595459285E+00    0.767797895650820905E+00    0.907305999169341850E+10   -0.134677349532677340E+03
    0.290293798595459285E+00    0.767797895650820905E+00    0.907305999169341850E+10   -0.134677349532677340E+03
    0.306105947689307600E+00    0.769243288588778995E+00    0.877811167244173431E+10   -0.134666523959930515E+03
    0.306105947689307600E+00    0.769243288588778995E+00    0.877811167244173431E+10   -0.134666523959930515E+03
    0.294927236887628952E+00    0.610021734422200979E+00    0.892694889722604179E+10   -0.134658747337175498E+03
    0.294927236887628952E+00    0.610021734422200979E+00    0.892694889722604179E+10   -0.134658747337175498E+03
    0.310786474678179159E+00    0.667173138714623803E+00    0.879672683710546494E+10   -0.134654026240126313E+03
    0.295604185750472093E+00    0.702062013410355235E+00    0.893578664831784248E+10   -0.134629216420816618E+03
    0.295604185750472093E+00    0.702062013410355235E+00    0.893578664831784248E+10   -0.134629216420816618E+03
    0.335446897623293938E+00    0.666494390147040150E+00    0.839669175706021023E+10   -0.134624308938993153E+03
    0.294534111519290709E+00    0.635009442968204496E+00    0.899987300971771049E+10   -0.134613076777062503E+03
    0.294534111519290709E+00    0.635009442968204496E+00    0.899987300971771049E+10   -0.134613076777062503E+03
    0.296743746307796763E+00    0.763566353950849930E+00    0.893089248685330200E+10   -0.134609815909977272E+03
    0.296743746307796763E+00    0.763566353950849930E+00    0.893089248685330200E+10   -0.134609815909977272E+03
    0.308906338504530031E+00    0.759987356125082059E+00    0.881982527720545769E+10   -0.134605710054946030E+03
    0.308906338504530031E+00    0.759987356125082059E+00    0.881982527720545769E+10   -0.134605710054946030E+03
    0.305121792664815927E+00    0.686069802263549633E+00    0.877637738833081245E+10   -0.134597937822066626E+03
    0.305121792664815927E+00    0.686069802263549633E+00    0.877637738833081245E+10   -0.134597937822066626E+03
    0.308361025089377461E+00    0.759289004076821428E+00    0.875458128647412300E+10   -0.134589577821112414E+03
    0.316485204733444936E+00    0.731539793301593022E+00    0.871053938524073792E+10   -0.134581084453149231E+03
    0.317829601293731501E+00    0.710180715825837083E+00    0.866433127079891777E+10   -0.134578794442104169E+03
    0.300649971564211860E+00    0.713992799199910877E+00    0.889042937208719254E+10   -0.134568224873791962E+03
    0.300649971564211860E+00    0.713992799199910877E+00    0.889042937208719254E+10   -0.134568224873791962E+03
    0.289425245443148405E+00    0.569845359445704247E+00    0.901075687566189003E+10   -0.134565877616087874E+03
    0.289425245443148405E+00    0.569845359445704247E+00    0.901075687566189003E+10   -0.134565877616087874E+03
    0.295704919597881255E+00    0.762930568265893783E+00    0.900293618761138535E+10   -0.134536504458825618E+03
    0.293419242551574422E+00    0.716823478891067012E+00    0.895547085257046127E+10   -0.134519448192037856E+03
    0.293419242551574422E+00    0.716823478891067012E+00    0.895547085257046127E+10   -0.134519448192037856E+03
    0.291419569359590680E+00    0.582076677821989463E+00    0.896302862776720810E+10   -0.134513820211824651E+03
    0.294717622529138801E+00    0.662180584510780434E+00    0.896765746640251923E+10   -0.134504067576887991E+03
    0.294717622529138801E+00    0.662180584510780434E+00    0.896765746640251923E+10   -0.134504067576887991E+03
    0.287988001962561191E+00    0.672002408947811603E+00    0.905322974520302582E+10   -0.134502210555054774E+03
    0.304898127436771749E+00    0.733817970653538154E+00    0.881779171884098244E+10   -0.134485042590621447E+03
    0.304898127436771749E+00    0.733817970653538154E+00    0.881779171884098244E+10   -0.134485042590621447E+03
    0.304638702436272391E+00    0.620478510279312445E+00    0.877471033491345215E+10   -0.134481155150750880E+03
    0.296706214041392413E+00    0.735464241398574359E+00    0.893817176233668327E+10   -0.134480243460917222E+03
    0.296706214041392413E+00    0.735464241398574359E+00    0.893817176233668327E+10   -0.134480243460917222E+03
    0.309637897041604770E+00    0.600049120167891914E+00    0.870467916942359734E+10   -0.134471743028259851E+03
    0.309637897041604770E+00    0.600049120167891914E+00    0.870467916942359734E+10   -0.134471743028259851E+03
    0.299337803884206610E+00    0.660226878041342502E+00    0.889186968545458603E+10   -0.134460842462655137E+03
    0.299337803884206610E+00    0.660226878041342502E+00    0.889186968545458603E+10   -0.134460842462655137E+03
    0.286717074794917925E+00    0.710056357224191359E+00    0.910058822210041809E+10   -0.134456916917132872E+03
    0.287419659596987176E+00    0.691351802942181237E+00    0.907271644277074814E+10   -0.134456739349026122E+03
    0.287419659596987176E+00    0.691351802942181237E+00    0.907271644277074814E+10   -0.134456739349026122E+03
    0.289963196400648049E+00    0.657949966711445455E+00    0.904458578390676308E+10   -0.134451510428770263E+03
    0.289963196400648049E+00    0.657949966711445455E+00    0.904458578390676308E+10   -0.134451510428770263E+03
    0.304026232334110580E+00    0.691790129714108915E+00    0.880916044043048668E+10   -0.134450788301913065E+03
    0.304026232334110580E+00    0.691790129714108915E+00    0.880916044043048668E+10   -0.134450788301913065E+03
    0.306304768954383577E+00    0.647926938051863743E+00    0.879271447927804184E+10   -0.134443995804964629E+03
    0.309522545445633179E+00    0.621181310666855779E+00    0.871278138727992630E+10   -0.134432111149838363E+03
    0.300047397738157973E+00    0.746261021094865029E+00    0.886701857332359314E+10   -0.134431142136712339E+03
    0.328419143183205198E+00    0.649994223999296850E+00    0.855833756880305386E+10   -0.134429418704114312E+03
    0.303695279140286212E+00    0.700044264019265228E+00    0.889207854572759247E+10   -0.134425618295851677E+03
    0.313010972751533056E+00    0.741954002444419558E+00    0.871043425394621277E+10   -0.134421504172140800E+03
    0.313010972751533056E+00    0.741954002444419558E+00    0.871043425394621277E+10   -0.134421504172140800E+03
    0.293901809100612754E+00    0.665499526507131733E+00    0.901964251882707977E+10   -0.134411182794906324E+03
    0.311523578795769751E+00    0.634879893558821351E+00    0.869735466258135605E+10   -0.134405970173715502E+03
    0.307711762326748017E+00    0.794637291696684400E+00    0.883560763618456078E+10   -0.134398511223525588E+03
    0.298354630805363341E+00    0.624158034387461313E+00    0.886657001500952721E+10   -0.134391236731857930E+03
    0.298354630805363341E+00    0.624158034387461313E+00    0.886657001500952721E+10   -0.134391236731857930E+03
    0.290478983399165336E+00    0.697119738913498210E+00    0.902521040221473694E+10   -0.134386401683352261E+03
    0.290478983399165336E+00    0.697119738913498210E+00    0.902521040221473694E+10   -0.134386401683352261E+03
    0.305126904069079163E+00    0.602653489374302964E+00    0.879389058646746635E+10   -0.134385729927216175E+03
    0.305126904069079163E+00    0.602653489374302964E+00    0.879389058646746635E+10   -0.134385729927216175E+03
    0.291610203083216168E+00    0.682063618666447269E+00    0.904612022690560532E+10   -0.134381615629201008E+03
    0.311346909264232974E+00    0.645950430586641033E+00    0.876865447868025970E+10   -0.134372324458715127E+03
    0.291983621994569287E+00    0.664097437123839285E+00    0.898434398066049957E+10   -0.134372280523517304E+03
    0.302883757208511684E+00    0.628191867842334162E+00    0.883676022917111397E+10   -0.134363576331566549E+03
    0.303429067341011882E+00    0.701113354870647854E+00    0.884363288872382164E+10   -0.134360601261181415E+03
    0.291927257325710066E+00    0.662538884176591125E+00    0.902999408922707367E+10   -0.134345221155543641E+03
    0.291927257325710066E+00    0.662538884176591125E+00    0.902999408922707367E+10   -0.134345221155543641E+03
    0.309523707670468329E+00    0.700310597500893195E+00    0.881204019796634865E+10   -0.134338344117166571E+03
    0.314956004194701211E+00    0.771391365960194975E+00    0.874910092768593216E+10   -0.134336991519839472E+03
    0.290208552337466286E+00    0.750623956159618189E+00    0.904034878125561142E+10   -0.134329712706070666E+03
    0.293343678269816222E+00    0.746804739085771274E+00    0.897996029479990959E+10   -0.134317677300813671E+03
    0.300497655218117221E+00    0.740372900106944343E+00    0.884510789743244553E+10   -0.134312104889337974E+03
    0.300497655218117221E+00    0.740372900106944343E+00    0.884510789743244553E+10   -0.134312104889337974E+03
    0.304721981003410136E+00    0.700236075128488622E+00    0.885068575371041870E+10   -0.134302821905115877E+03
    0.304721981003410136E+00    0.700236075128488622E+00    0.885068575371041870E+10   -0.134302821905115877E+03
    0.328869812613618751E+00    0.728210517142501956E+00    0.849527884244803238E+10   -0.134296339254570626E+03
    0.328869812613618751E+00    0.728210517142501956E+00    0.849527884244803238E+10   -0.134296339254570626E+03
    0.302829337943124111E+00    0.613056162978162789E+00    0.881287898339946747E+10   -0.134292346157143271E+03
    0.289904761748887962E+00    0.719143036610439879E+00    0.902684140095746613E+10   -0.134287729402269434E+03
    0.289904761748887962E+00    0.719143036610439879E+00    0.902684140095746613E+10   -0.134287729402269434E+03
    0.312296844315835487E+00    0.576050113662404328E+00    0.872668452359812927E+10   -0.134282795428504699E+03
    0.300242853787937969E+00    0.680577394362874344E+00    0.888922459031707191E+10   -0.134279977597426694E+03
    0.323491679007391286E+00    0.618240548143663915E+00    0.853829085683864212E+10   -0.134275287331770983E+03
    0.294789788538225128E+00    0.742317454447182001E+00    0.897126835920524788E+10   -0.134268127589142523E+03
    0.314775916160018432E+00    0.708600426807519668E+00    0.869206715186304092E+10   -0.134256429355489672E+03
    0.314775916160018432E+00    0.708600426807519668E+00    0.869206715186304092E+10   -0.134256429355489672E+03
    0.317375681574090796E+00    0.753213376702884574E+00    0.865947822384134102E+10   -0.134251498399157356E+03
    0.317375681574090796E+00    0.753213376702884574E+00    0.865947822384134102E+10   -0.134251498399157356E+03
    0.301418418430095814E+00    0.679129442644711645E+00    0.887538990869765854E+10   -0.134250701785424553E+03
    0.296245548326676267E+00    0.666646491852739942E+00    0.898202115358746147E+10   -0.134250439056996072E+03
    0.314154294071025963E+00    0.706860525533430817E+00    0.871717247115080070E+10   -0.134250400368386011E+03
    0.314154294071025963E+00    0.706860525533430817E+00    0.871717247115080070E+10   -0.134250400368386011E+03
    0.295822023969319947E+00    0.649341927582739231E+00    0.892097443195401764E+10   -0.134249923732452942E+03
    0.295822023969319947E+00    0.649341927582739231E+00    0.892097443195401764E+10   -0.134249923732452942E+03
    0.298332661037866542E+00    0.732055842002621304E+00    0.894704151862724113E+10   -0.134243635482364880E+03
    0.296597717150459961E+00    0.610201468835597893E+00    0.891233443958054924E+10   -0.134235493100641406E+03
    0.302416619262567743E+00    0.619474783531778428E+00    0.881836367791974258E+10   -0.134234933501683486E+03
    0.302416619262567743E+00    0.619474783531778428E+00    0.881836367791974258E+10   -0.134234933501683486E+03
    0.303796833196069649E+00    0.793640273161271281E+00    0.883380029969130707E+10   -0.134229956275802834E+03
    0.300644207903735583E+00    0.707157269343101191E+00    0.888229207549566078E+10   -0.134220006822617194E+03
    0.296953269784078766E+00    0.674550802828171925E+00    0.889839752564883804E+10   -0.134206874366402900E+03
    0.302914130753433319E+00    0.670578315322259755E+00    0.886778609900663185E+10   -0.134203285765099707E+03
    0.299401855581621579E+00    0.695723809764496437E+00    0.886473173923516846E+10   -0.134199122364210666E+03
    0.299401855581621579E+00    0.695723809764496437E+00    0.886473173923516846E+10   -0.134199122364210666E+03
    0.330935869042975339E+00    0.690768143485520625E+00    0.845396262816489601E+10   -0.134197629299536459E+03
    0.304110433492565835E+00    0.625402136623405269E+00    0.881022009596401978E+10   -0.134183943029322393E+03
    0.331950184953287153E+00    0.698928722612750519E+00    0.844141261785030746E+10   -0.134183896119797737E+03
    0.328497990031039855E+00    0.748789714258501604E+00    0.851166379836833382E+10   -0.134176839944513006E+03
    0.308763350570689210E+00    0.719579399953286014E+00    0.878617633285635757E+10   -0.134169954321820001E+03
    0.308763350570689210E+00    0.719579399953286014E+00    0.878617633285635757E+10   -0.134169954321820001E+03
    0.305865671511161563E+00    0.631570507474329190E+00    0.879023758835723686E+10   -0.134169736052649739E+03
    0.292258163502279344E+00    0.697299965708225500E+00    0.899622161118928146E+10   -0.134163214219128633E+03
    0.304141932086624989E+00    0.689449696036124493E+00    0.888642621189630508E+10   -0.134151246432132581E+03
    0.296762497553001769E+00    0.707324252170558054E+00    0.894449920596280289E+10   -0.134142934336267729E+03
    0.314903982967423834E+00    0.659967438598535239E+00    0.869403382805199623E+10   -0.134142045330878261E+03
    0.314903982967423834E+00    0.659967438598535239E+00    0.869403382805199623E+10   -0.134142045330878261E+03
    0.295692512657785567E+00    0.753134248812518337E+00    0.893119523108897972E+10   -0.134135918666431252E+03
    0.312727502342895369E+00    0.755820018561321305E+00    0.875983617015531731E+10   -0.134132008354781703E+03
    0.323031009510836742E+00    0.600991002947441899E+00    0.857320959670715714E+10   -0.134121827627657012E+03
    0.291363311346736209E+00    0.654342251138375630E+00    0.900357900598649216E+10   -0.134117061992626503E+03
    0.294561921369619506E+00    0.672134198821328965E+00    0.896394990987201118E+10   -0.134111208694322357E+03
    0.289658007877095558E+00    0.612063708293016262E+00    0.903353246253497314E+10   -0.134110262744581235E+03
    0.332254557452592525E+00    0.718509811657392916E+00    0.843798708909386539E+10   -0.134104854791672608E+03
    0.301078421638042271E+00    0.696133511617990308E+00    0.884272857341251373E+10   -0.134096168149653352E+03
    0.296552306191753490E+00    0.689803097711132907E+00    0.893271479125826645E+10   -0.134085520002388620E+03
    0.311913719627431030E+00    0.643509669365037951E+00    0.869550071425281334E+10   -0.134084752891703943E+03
    0.333074441123429488E+00    0.749245137158192520E+00    0.843143297502112961E+10   -0.134071129515620413E+03
    0.291691789111511501E+00    0.637389269047021756E+00    0.902375924122979546E+10   -0.134069632018469008E+03
    0.291691789111511501E+00    0.637389269047021756E+00    0.902375924122979546E+10   -0.134069632018469008E+03
    0.309366497853127309E+00    0.678878063658252984E+00    0.874016585416791916E+10   -0.134068371178068077E+03
    0.317925126126568203E+00    0.656766879444063534E+00    0.865022466186224556E+10   -0.134067402310634861E+03
    0.291627926562159856E+00    0.659834249389151140E+00    0.900233286404678535E+10   -0.134062483999346398E+03
    0.334509842581902084E+00    0.698819709490477337E+00    0.843962742874126720E+10   -0.134056307803325410E+03
    0.328433121062745692E+00    0.743273564347754601E+00    0.854063780051458836E+10   -0.134052230942855260E+03
    0.290934027822743302E+00    0.633317161459441280E+00    0.902224655914008141E+10   -0.134051472523820308E+03
    0.315702882640708893E+00    0.699416553199075253E+00    0.869769945635124588E+10   -0.134050703048456057E+03
    0.331129708987710325E+00    0.671207164865833761E+00    0.846857693789219189E+10   -0.134046038458729981E+03
    0.313922819523748897E+00    0.678370892324867469E+00    0.875096936845275497E+10   -0.134040098919158197E+03
    0.319977782456589810E+00    0.742941860573782975E+00    0.867702182400581169E+10   -0.134039975111679780E+03
    0.313281162946424774E+00    0.682192356220161500E+00    0.870848353795762253E+10   -0.134035246359816341E+03
    0.308133266215672885E+00    0.693302788954673233E+00    0.881619014574343109E+10   -0.134034995339774582E+03
    0.313300159960649749E+00    0.659704078018812368E+00    0.873826448025051308E+10   -0.134033107524591315E+03
    0.291038621959014032E+00    0.633480321806668911E+00    0.902571078921677208E+10   -0.134020537131555386E+03
    0.295009650107588395E+00    0.720833223947714430E+00    0.898640618142139244E+10   -0.134007666668288039E+03
    0.299089088557995431E+00    0.739183451698647076E+00    0.890552391868100357E+10   -0.134001987573205781E+03
    0.332682499192456071E+00    0.697684796824448838E+00    0.844073098077213192E+10   -0.133999458955790402E+03
    0.306853101439132747E+00    0.667545324300387932E+00    0.883337412845886230E+10   -0.133996752804816481E+03
    0.319566186080912140E+00    0.691900376975105758E+00    0.863346800831114006E+10   -0.133992695344071052E+03
    0.328668645786579949E+00    0.721397816287010940E+00    0.850748822305724144E+10   -0.133990782702943989E+03
    0.330299780022770495E+00    0.743713916774490613E+00    0.847532695317739201E+10   -0.133977147510287779E+03
    0.316477700875966883E+00    0.685431704776798156E+00    0.864786197560924911E+10   -0.133974354282107214E+03
    0.338934194345010986E+00    0.760375262876902269E+00    0.837944057941569424E+10   -0.133973052031783595E+03
    0.300571634446526958E+00    0.681014462979012691E+00    0.885646309634923172E+10   -0.133971276452427787E+03
    0.338319726410060140E+00    0.715288473557659898E+00    0.838984948717533302E+10   -0.133971254825502228E+03
    0.306356643431264120E+00    0.711606440380590399E+00    0.880688655099064064E+10   -0.133969671389801249E+03
    0.299724921856045601E+00    0.671452227940459778E+00    0.887044957570949173E+10   -0.133967060388030006E+03
    0.305618439637824368E+00    0.768776382864009733E+00    0.879741749953585434E+10   -0.133958863962579102E+03
    0.317032604883319358E+00    0.705675465850019279E+00    0.867879421863528442E+10   -0.133955415308897358E+03
    0.321893565991737074E+00    0.701322802921160005E+00    0.857379986292798805E+10   -0.133952768007103202E+03
    0.321064375590288942E+00    0.705034187642796795E+00    0.858620421611212444E+10   -0.133950813299837051E+03
    0.313256116281934116E+00    0.686931256418652936E+00    0.876876967829383087E+10   -0.133950212460159833E+03
    0.303206003544372604E+00    0.642066987546819234E+00    0.884023259567514801E+10   -0.133943451063251985E+03
    0.298800354715555383E+00    0.722346719940407667E+00    0.892427819034921646E+10   -0.133940662573153531E+03
    0.327457802171011059E+00    0.721901231888580242E+00    0.854019544903690052E+10   -0.133939533448691179E+03
    0.329561337132323939E+00    0.697536061644267846E+00    0.847937130358081532E+10   -0.133935527858900997E+03
    0.326496816883601548E+00    0.750711835764288793E+00    0.853132632222782612E+10   -0.133907299751378360E+03
    0.307253909774138245E+00    0.668059302234338404E+00    0.875943861460533333E+10   -0.133907063112233629E+03
    0.330105387332404465E+00    0.691402646650347563E+00    0.847635846838551617E+10   -0.133904339207283954E+03
    0.312455057364578070E+00    0.709619088246180141E+00    0.873959595648786545E+10   -0.133902710039302065E+03
    0.301085303618172928E+00    0.734350934646887055E+00    0.889012344287243462E+10   -0.133899329933600256E+03
    0.328958128472687461E+00    0.730502784630006730E+00    0.849922059072102737E+10   -0.133888452894721553E+03
    0.319044832907403653E+00    0.713839826861558890E+00    0.864866336378611374E+10   -0.133887550022972590E+03
    0.310654819579276376E+00    0.728968235183977242E+00    0.875276991410623360E+10   -0.133885079228174334E+03
    0.328177935820113786E+00    0.697396716158651842E+00    0.849909235586795902E+10   -0.133871483497792383E+03
    0.303059608924831081E+00    0.720030730766122673E+00    0.885074843356239510E+10   -0.133869625744077695E+03
    0.312803489569320026E+00    0.641544100877865731E+00    0.868762501401094818E+10   -0.133868756030180805E+03
    0.313051021820786368E+00    0.675109431909895363E+00    0.873119746788913727E+10   -0.133862582892496846E+03
    0.307614599882132855E+00    0.663999669339460752E+00    0.879555140145834923E+10   -0.133856606571801990E+03
    0.301837518152313244E+00    0.744298485695807699E+00    0.890162690600844765E+10   -0.133849819041855369E+03
    0.323890944534775072E+00    0.623322333570161646E+00    0.857585688161327553E+10   -0.133844608375675961E+03
    0.310923317991219916E+00    0.667696103878949287E+00    0.876880233065614891E+10   -0.133835178710824636E+03
    0.307456120610074157E+00    0.760643291344502259E+00    0.879375819961515617E+10   -0.133825481566800676E+03
    0.321163632279003741E+00    0.786307289071086046E+00    0.869069217637430954E+10   -0.133816055728982178E+03
    0.328263657034851941E+00    0.737022177023952452E+00    0.850835729155521965E+10   -0.133815836523540185E+03
    0.316781904992789298E+00    0.665129420808117544E+00    0.866968856944796371E+10   -0.133813771471519260E+03
    0.305635706322457568E+00    0.757916232090366293E+00    0.882474841091197014E+10   -0.133809631085698186E+03
    0.310928707752169631E+00    0.602933995133010825E+00    0.871907391019200897E+10   -0.133808885236760119E+03
    0.306321408953823482E+00    0.694957955300271379E+00    0.878898337132453918E+10   -0.133804727712799917E+03
    0.301563887318853252E+00    0.663564149476339793E+00    0.884809025383368683E+10   -0.133798304475163320E+03
    0.326609932611593823E+00    0.637133299733122271E+00    0.852346953088000870E+10   -0.133786613530673691E+03
    0.323461231037617702E+00    0.782304089966562088E+00    0.864254500357871628E+10   -0.133784993292249681E+03
    0.299502972933626710E+00    0.669040655652432648E+00    0.888099126926788139E+10   -0.133760698792701305E+03
    0.313895805508680958E+00    0.675331705178873420E+00    0.874912577067175865E+10   -0.133759036678231894E+03
    0.317112729156645901E+00    0.679784770362354962E+00    0.871770236214808655E+10   -0.133753619531009235E+03
    0.311182862009810435E+00    0.697362153473600088E+00    0.871160835656713295E+10   -0.133748023207031054E+03
    0.308029188195227788E+00    0.655694176157727071E+00    0.876752015195812225E+10   -0.133737654667246460E+03
    0.305069102235248690E+00    0.608072869851811859E+00    0.882283159044385719E+10   -0.133734600755543454E+03
    0.305042132848671932E+00    0.722989984081145565E+00    0.881686631774310684E+10   -0.133707985134729427E+03
    0.307360701909115963E+00    0.674925907350518273E+00    0.877295558965580559E+10   -0.133691788357236305E+03
    0.319953374819647474E+00    0.610305126285942023E+00    0.861704504419806480E+10   -0.133691580650103674E+03
    0.300793444358552875E+00    0.677791775426566545E+00    0.888709512270773888E+10   -0.133688393730349901E+03
    0.315445529832915517E+00    0.718992391607290671E+00    0.867553013491831779E+10   -0.133674955969943596E+03
    0.320765083331541634E+00    0.696431509522636105E+00    0.858582777584608555E+10   -0.133660059885142488E+03
    0.306135166728534858E+00    0.622254481830479378E+00    0.882549428873117447E+10   -0.133658485615032475E+03
    0.326464521779367578E+00    0.640206142488610297E+00    0.851437074302681446E+10   -0.133655294328620357E+03
    0.310948928935375013E+00    0.655680091916410746E+00    0.873279061267707634E+10   -0.133653005620274598E+03
    0.321887096660133876E+00    0.701590965801397459E+00    0.859266337864101028E+10   -0.133652650183334458E+03
    0.313203547842209606E+00    0.692841428569721529E+00    0.870894991754224396E+10   -0.133293676633687028E+03
    0.314258609442979953E+00    0.685414113323286500E+00    0.871496371912958336E+10   -0.133490093466503055E+03
    0.313884227156293216E+00    0.671286630412692986E+00    0.872028573749381828E+10   -0.132918014433837612E+03
    0.313884227156293216E+00    0.671286630412692986E+00    0.872028573749381828E+10   -0.132918014433837612E+03
    0.313093497941875964E+00    0.682001631950463150E+00    0.872985192095761108E+10   -0.133170501354983969E+03
    0.315812648593233047E+00    0.672732091605904969E+00    0.870085011535852242E+10   -0.133352742133253457E+03
    0.314834217691396689E+00    0.672106316770019419E+00    0.867745839390651894E+10   -0.133555255207356964E+03
    0.313341933672697526E+00    0.685989347313498143E+00    0.873399049332380104E+10   -0.133640466849230137E+03
    0.316282447881633511E+00    0.671092335482352809E+00    0.866892586373141861E+10   -0.133324660456588617E+03
    0.313417006645527851E+00    0.692077845268235237E+00    0.868952470492638016E+10   -0.133638574271253731E+03
    0.316539072973856916E+00    0.673483595110296207E+00    0.866840502516361046E+10   -0.133585772560219851E+03
    0.317320756090780198E+00    0.677331488906245838E+00    0.868100943401591110E+10   -0.132981831301881414E+03
    0.312006853632101511E+00    0.688491842226881090E+00    0.875349641418597794E+10   -0.133423368927027525E+03
    0.315574769628674923E+00    0.703995179405605853E+00    0.868103329277732658E+10   -0.133304038186821828E+03
    0.312926157172321140E+00    0.714671151122484360E+00    0.873379364656385231E+10   -0.133250638014526970E+03
    0.313857197707628599E+00    0.702652543266493623E+00    0.871166237016835785E+10   -0.133571870787871205E+03
    0.313425241716146608E+00    0.701472102868583747E+00    0.870531281030580139E+10   -0.133491246076604114E+03
    0.314099237726093328E+00    0.718376903088792318E+00    0.871737221943984985E+10   -0.133109777373166594E+03
    0.314383091902382505E+00    0.703694692712627301E+00    0.870251351453908348E+10   -0.133460444763197103E+03
    0.314094169511429044E+00    0.708602515874330763E+00    0.870110737537019920E+10   -0.133325984160204172E+03
    0.314695458637412717E+00    0.680852840339134957E+00    0.872981689169715881E+10   -0.132641945603708876E+03
    0.314695458637412717E+00    0.680852840339134957E+00    0.872981689169715881E+10   -0.132641945603708876E+03
    0.312415564446639482E+00    0.686950640217105502E+00    0.873768975029088211E+10   -0.133177493057014487E+03
    0.313286311521562943E+00    0.704752588689315118E+00    0.872555673416055489E+10   -0.133125406792406864E+03
    0.317702904285728560E+00    0.680664174705734482E+00    0.867484905624905586E+10   -0.133060089813865090E+03
    0.314776050039929034E+00    0.650560501476951103E+00    0.869956220237520981E+10   -0.133368862233450727E+03
    0.314042969134488537E+00    0.645570022566586132E+00    0.870960028796792984E+10   -0.133335832455967022E+03
    0.312334540312010189E+00    0.634862368093395801E+00    0.870513171605607796E+10   -0.133597787876060238E+03
    0.313739416891118728E+00    0.630005657499154381E+00    0.871728239662908363E+10   -0.133121784173814660E+03
    0.314044725257655144E+00    0.641797938915791732E+00    0.870635175192471504E+10   -0.132928780287458437E+03
    0.315885047281210474E+00    0.642086990244873590E+00    0.870182110437706184E+10   -0.133473757041729073E+03
    0.311122225611577818E+00    0.651355356438873656E+00    0.874886614162394714E+10   -0.133140546715847847E+03
    0.311805541874614012E+00    0.638657558306334749E+00    0.872309349112575912E+10   -0.133635965602852536E+03
    0.309816936771255047E+00    0.656709204415815151E+00    0.878083869891237259E+10   -0.133480616955989206E+03
    0.308350289312560089E+00    0.654984463092549873E+00    0.879071948250614738E+10   -0.133275650177128199E+03
    0.306467542075845312E+00    0.648312710699414652E+00    0.879949110710041809E+10   -0.133537782276590008E+03
    0.307540987593677928E+00    0.655129610440056354E+00    0.878685595611038780E+10   -0.133531676880141561E+03
    0.308701229773158781E+00    0.655506796566340810E+00    0.876533556945728493E+10   -0.133420546075640971E+03
    0.307356604541576928E+00    0.624872137278719819E+00    0.880469037330933571E+10   -0.133132445642285518E+03
    0.306892570583141788E+00    0.636252035553264150E+00    0.883093052140890694E+10   -0.133452698032157286E+03
    0.308847527198130911E+00    0.609705709143511854E+00    0.878203369302383804E+10   -0.133397916355898303E+03
    0.312039919140742528E+00    0.722632004489389246E+00    0.873683321263173103E+10   -0.133140351574977188E+03
    0.311726507852296608E+00    0.719423152622617579E+00    0.873355009357760620E+10   -0.133490685188695693E+03
    0.307991330361198856E+00    0.719197733369989933E+00    0.879060778087574196E+10   -0.133420555898427267E+03
    0.309946501930306206E+00    0.701311279396444220E+00    0.875455850129417038E+10   -0.133204874244067867E+03
    0.309252616111198586E+00    0.724115879100239113E+00    0.878869168714022827E+10   -0.133562983174520184E+03
    0.311641674438414285E+00    0.735723494901105113E+00    0.876863822231989861E+10   -0.133101812076225855E+03
    0.309408785466812164E+00    0.695677887356007219E+00    0.878165177507830048E+10   -0.133367127886108875E+03
    0.308790455313738277E+00    0.733788264692282866E+00    0.878016465890387535E+10   -0.133430469050635963E+03
    0.307889374587278941E+00    0.682981030632198838E+00    0.879524374013649178E+10   -0.133255871391275889E+03
    0.309300092544242067E+00    0.733891100359864268E+00    0.876545505531342506E+10   -0.133380709017092073E+03
    0.309096927513772657E+00    0.724320588930634557E+00    0.877926710880738449E+10   -0.133470274578547674E+03
    0.310896819508491074E+00    0.737956233724389676E+00    0.874452341904814720E+10   -0.133517135520712060E+03
    0.309936556099654481E+00    0.711509194869337946E+00    0.879400673811581230E+10   -0.133509412617773449E+03
    0.300653374327754186E+00    0.669769910273990021E+00    0.887870513543638611E+10   -0.133568596273045273E+03
    0.308953082318432160E+00    0.713883911293095252E+00    0.880825313400573730E+10   -0.133447396997517899E+03
    0.306825401073442638E+00    0.717408396723516972E+00    0.882375060768589783E+10   -0.133440912352547059E+03
    0.307924913653939702E+00    0.726693317438877884E+00    0.881551413882870674E+10   -0.133287218167466648E+03
    0.308926074576327758E+00    0.718907132462433651E+00    0.883651670425357056E+10   -0.133446140783036469E+03
    0.307216826703385792E+00    0.726689790942495861E+00    0.880275670250281715E+10   -0.133372219582766604E+03
    0.308674988247969628E+00    0.707516446346637906E+00    0.881171116965077019E+10   -0.133288805645675438E+03
    0.305328384944469733E+00    0.785309895032321847E+00    0.885375732792591858E+10   -0.133383835118377618E+03
    0.337032431857048065E+00    0.669879984846978971E+00    0.841462554814982224E+10   -0.132897767266561004E+03
    0.337032431857048065E+00    0.669879984846978971E+00    0.841462554814982224E+10   -0.132897767266561004E+03
    0.324350547752745189E+00    0.620483409971445354E+00    0.858539961880198860E+10   -0.132691007634156961E+03
    0.324350547752745189E+00    0.620483409971445354E+00    0.858539961880198860E+10   -0.132691007634156961E+03
    0.330014172033600672E+00    0.632663569412079241E+00    0.854484726024897385E+10   -0.132513363689332579E+03
    0.330014172033600672E+00    0.632663569412079241E+00    0.854484726024897385E+10   -0.132513363689332579E+03
    0.327850662500496048E+00    0.723739473641405340E+00    0.850564917062014484E+10   -0.133620068063657357E+03
    0.329387354089544060E+00    0.724896956173308737E+00    0.851771899473039055E+10   -0.133246110797627068E+03
    0.331449168065674926E+00    0.710204745818472816E+00    0.849009299785154629E+10   -0.132975656281412796E+03
    0.332290677074546625E+00    0.702754983375781350E+00    0.848273634951337910E+10   -0.133410191169301896E+03
    0.330676348394893072E+00    0.696714034091117540E+00    0.849766887804858685E+10   -0.133462577337598958E+03
    0.331281407646684845E+00    0.711940461285376358E+00    0.850505081620939064E+10   -0.132930493158216962E+03
    0.334663260255527895E+00    0.721749223130318640E+00    0.844299585111341572E+10   -0.133232433566348277E+03
    0.335505921733769308E+00    0.739869828588751943E+00    0.843682451186289024E+10   -0.133129761980482186E+03
    0.335971561679807906E+00    0.731555816118877544E+00    0.842809065503053379E+10   -0.133202043433064915E+03
    0.325750622946034796E+00    0.723915989104618518E+00    0.857202941885506248E+10   -0.133384517648944154E+03
    0.322592153067203902E+00    0.730066991357718464E+00    0.861144684206132889E+10   -0.133257319058235083E+03
    0.321207845106788625E+00    0.697923035855069429E+00    0.860200276060672188E+10   -0.133565914233161010E+03
    0.324224673622045878E+00    0.696124973456026197E+00    0.856350721717944050E+10   -0.133494190479698034E+03
    0.321914224486157585E+00    0.693120449604718303E+00    0.860216746945494843E+10   -0.133462656070095022E+03
    0.324507449603071596E+00    0.719409028704788511E+00    0.859041395999190903E+10   -0.133163110096113201E+03
    0.324437299386254874E+00    0.733329236326852651E+00    0.857834748876550388E+10   -0.133323731869094900E+03
    0.323973455737734728E+00    0.720275077155925203E+00    0.857130507982284451E+10   -0.133157437021490978E+03
    0.321147615796345542E+00    0.722783926016729694E+00    0.862142288873861694E+10   -0.132868746142869043E+03
    0.321147615796345542E+00    0.722783926016729694E+00    0.862142288873861694E+10   -0.132868746142869043E+03
