    0.118844237718212037E+00    0.427119541236987033E+00    0.532044626125789583E+09    0.708189102471013321E+05   -0.142700149167856296E+03
    0.135638503305875902E+00    0.444722550492027580E+00    0.531854043454911530E+09    0.703242674476567190E+05   -0.142497289145108653E+03
    0.193728551865991749E+00    0.463482417505441724E+00    0.536477783894855618E+09    0.650041978708352472E+05   -0.142363557994680406E+03
    0.190396341535707864E+00    0.437052687847439891E+00    0.531492069742177427E+09    0.676146309606527793E+05   -0.142308960106641791E+03
    0.115112098201089808E+00    0.427364157150480484E+00    0.544582205569625974E+09    0.687125819077113410E+05   -0.142202226519916337E+03
    0.169433451126474538E+00    0.474325549826509540E+00    0.526518165838270664E+09    0.661301887940151501E+05   -0.142113912985183276E+03
    0.120316915246450426E+00    0.416117163380459232E+00    0.544774363669267893E+09    0.705118821041342162E+05   -0.141821928968549344E+03
    0.167505921566333121E+00    0.445909603579287328E+00    0.526282827802067697E+09    0.668414205447389832E+05   -0.141768458645541187E+03
    0.104655217133449635E+00    0.426012537843151851E+00    0.579299142618379116E+09    0.730403037223341671E+05   -0.141516872722489836E+03
    0.112594752834013614E+00    0.388183529079120682E+00    0.584678806320989728E+09    0.747923350981283293E+05   -0.141513000782966884E+03
    0.147765504083490679E+00    0.421201949760652283E+00    0.539558629721146107E+09    0.658258523746905557E+05   -0.141272307804507420E+03
    0.137310561660247549E+00    0.395212157375369522E+00    0.523833919264623642E+09    0.729167022494732810E+05   -0.141005065773547329E+03
    0.133573781158307814E+00    0.386436754163557605E+00    0.526154429696258008E+09    0.666591026433307852E+05   -0.140938153096297327E+03
    0.154616216914250482E+00    0.393582887939431636E+00    0.553954275971049190E+09    0.685559419750468951E+05   -0.140884766947150069E+03
    0.116941688622140230E+00    0.425492514181288861E+00    0.550754099538257360E+09    0.761152242713457526E+05   -0.140803751027903388E+03
    0.176404036381685503E+00    0.436319527432984966E+00    0.512068217618987501E+09    0.689011662013289315E+05   -0.140688504981655797E+03
    0.163246700303077780E+00    0.454794377977256747E+00    0.511593019673984170E+09    0.738240962171429128E+05   -0.140563911682242178E+03
    0.157214653058247139E+00    0.436554370672810332E+00    0.523126635679907322E+09    0.751150601336030377E+05   -0.140472267228793498E+03
    0.116367128329822753E+00    0.423801655100707553E+00    0.520454460578256428E+09    0.764160126626913552E+05   -0.140322721690543375E+03
    0.166705709803819990E+00    0.435101528704496587E+00    0.528392419196288168E+09    0.753698179581158620E+05   -0.140277597625410067E+03
    0.143651573396433335E+00    0.396098877782229408E+00    0.535113488939385176E+09    0.674625221643579280E+05   -0.140257039786563780E+03
    0.180161675524773135E+00    0.388430052556581362E+00    0.528262984526667058E+09    0.696149718450225337E+05   -0.140181798818396317E+03
    0.122672251916324568E+00    0.421075211337586630E+00    0.563244805903101921E+09    0.705932622527573403E+05   -0.140162555664613876E+03
    0.182575417328077888E+00    0.431362264441297771E+00    0.523764360400612414E+09    0.677704461446090572E+05   -0.140137902947946429E+03
    0.156398925025898500E+00    0.421258173083831622E+00    0.512367473401939034E+09    0.769596679928368831E+05   -0.140110293904761193E+03
    0.126697279972598109E+00    0.466305937658769931E+00    0.532275777831218302E+09    0.742903941080488439E+05   -0.140008703550878408E+03
    0.221107594046331984E+00    0.411196251386355627E+00    0.504521325098525763E+09    0.715126492956674920E+05   -0.139956098840275814E+03
    0.209662271562260166E+00    0.378992561341320311E+00    0.500207158166655123E+09    0.703655898304409056E+05   -0.139908781368964355E+03
    0.152181085973804170E+00    0.429815301136878603E+00    0.511275891617028534E+09    0.732351682919724844E+05   -0.139818320614527551E+03
    0.147071067489930651E+00    0.406973487358571528E+00    0.534577698966346085E+09    0.665552868773334339E+05   -0.139635797069694519E+03
    0.130796215887400702E+00    0.408289748793592810E+00    0.559629562075880527E+09    0.692137064187463111E+05   -0.139614811121616299E+03
    0.176676487052326331E+00    0.460375774709434804E+00    0.510911035810501933E+09    0.682604191096352151E+05   -0.139606392650508496E+03
    0.936351821359187042E-01    0.428174436696718175E+00    0.571446492070580244E+09    0.724057440245437028E+05   -0.139567416863775634E+03
    0.174579934530466802E+00    0.397133677440844934E+00    0.522701727569961786E+09    0.680096611908630584E+05   -0.139566919236635982E+03
    0.160588598855506942E+00    0.421171526253301565E+00    0.505686893182011962E+09    0.764029790983230923E+05   -0.139564106348101689E+03
    0.167196953353895339E+00    0.410535009010680074E+00    0.544008934932601929E+09    0.649518271713334689E+05   -0.139540978083507127E+03
    0.158668176828558577E+00    0.402723713198613886E+00    0.521717355955791771E+09    0.696491512821389624E+05   -0.139446522817838172E+03
    0.161365544400426358E+00    0.360602416030246342E+00    0.523159590511499643E+09    0.714128931656013010E+05   -0.139436550399116044E+03
    0.139876525797289264E+00    0.410714218599919079E+00    0.523058661719896138E+09    0.693507152969764284E+05   -0.139427398544803452E+03
    0.158648834614389389E+00    0.425522416475691667E+00    0.533758259088014245E+09    0.715093308504474408E+05   -0.139386060613269819E+03
    0.156815273300240476E+00    0.430271614099505761E+00    0.539790615646686912E+09    0.695394126725794631E+05   -0.139344704914474875E+03
    0.206240582487490526E+00    0.416742813820667024E+00    0.524654351488211155E+09    0.708858902350439166E+05   -0.139302451582046899E+03
    0.161383784995252633E+00    0.403388371557645620E+00    0.533082930764182687E+09    0.666013544348313153E+05   -0.139194205655389254E+03
    0.148146677484210287E+00    0.437177100842263577E+00    0.531531673016653061E+09    0.679668640336988756E+05   -0.139184644067865861E+03
    0.102294134653203458E+00    0.409043757228960914E+00    0.582012250421530962E+09    0.688108973718465131E+05   -0.139078405151402819E+03
    0.169490286717545485E+00    0.403751591459492687E+00    0.539248391728569150E+09    0.661087110052490607E+05   -0.139001666820108539E+03
    0.143575853522417834E+00    0.420890891985242988E+00    0.511993442014442861E+09    0.694723150656232465E+05   -0.138983406948769925E+03
    0.164427727255454487E+00    0.391098113566730188E+00    0.537491265344058990E+09    0.705646192023776675E+05   -0.138969683014597734E+03
    0.162615731397524804E+00    0.358858185692856768E+00    0.511406126565205872E+09    0.722459073643682932E+05   -0.138959595998269776E+03
    0.138985221800573350E+00    0.439523923408521533E+00    0.538777886353721261E+09    0.697138973407378653E+05   -0.138880123387103765E+03
    0.175481342530432710E+00    0.421115454584822135E+00    0.499479999123042881E+09    0.694633800785359490E+05   -0.138869573813011925E+03
    0.168225303542357180E+00    0.443772210858291327E+00    0.503052568697783947E+09    0.685257587937933422E+05   -0.138848509104849114E+03
    0.153928990671162474E+00    0.362127711636257121E+00    0.513382517956711531E+09    0.708502275917761726E+05   -0.138848508172517967E+03
    0.131620543843136623E+00    0.410270539688616598E+00    0.536134656792501748E+09    0.737224025127769419E+05   -0.138807100608425941E+03
    0.117892436433634659E+00    0.415920345179541240E+00    0.546291019959580541E+09    0.726252410447280272E+05   -0.138728977131268152E+03
    0.131764999125744492E+00    0.423575495847175798E+00    0.526460121201637387E+09    0.677715323478086211E+05   -0.138713664494709008E+03
    0.150615938847391689E+00    0.421649303335553505E+00    0.535555716822748721E+09    0.660465025566096738E+05   -0.138706030643112229E+03
    0.106758234447676251E+00    0.416631623807473872E+00    0.578968936021841049E+09    0.705908562306245440E+05   -0.138696756330448892E+03
    0.124573440188544451E+00    0.402926143951551019E+00    0.530882177822536945E+09    0.709817704674520501E+05   -0.138669177902144156E+03
    0.129815308013956549E+00    0.448091308294537249E+00    0.548163408170656919E+09    0.721070131708194094E+05   -0.138644058527685218E+03
    0.148987108359508402E+00    0.449937356792189380E+00    0.526882361718659222E+09    0.688164449068738904E+05   -0.138639249515758365E+03
    0.136032532748405544E+00    0.398798429461317827E+00    0.533098023308113098E+09    0.710083619368671498E+05   -0.138622262961032504E+03
    0.163760443033789810E+00    0.456653076938205338E+00    0.508716664986640573E+09    0.723090942545731232E+05   -0.138610141341710460E+03
    0.146771214594426991E+00    0.442312693513030819E+00    0.562473905065338492E+09    0.701460673513431539E+05   -0.138599658942939698E+03
    0.127272102370066059E+00    0.410676749780071404E+00    0.529205757802323043E+09    0.701960527541309712E+05   -0.138588826412767332E+03
    0.139696690348150132E+00    0.386048886931726010E+00    0.529818535994688749E+09    0.714109001026204933E+05   -0.138542977254194653E+03
    0.158240423801784963E+00    0.452375361434305567E+00    0.510074227962865591E+09    0.753607878047405538E+05   -0.138487452039787456E+03
    0.160969978230752070E+00    0.455130384562599133E+00    0.507941409198349595E+09    0.759055186186737701E+05   -0.138457584719225054E+03
    0.121839539940861538E+00    0.395363656905014960E+00    0.526775792072500169E+09    0.744587919592857070E+05   -0.138441221663861114E+03
    0.142046846501525909E+00    0.407035395126696731E+00    0.535414838220621288E+09    0.734492723434648942E+05   -0.138436907851040132E+03
    0.129484212350872097E+00    0.402244438357646672E+00    0.529290699357757151E+09    0.741469659929257614E+05   -0.138431796731494387E+03
    0.167074876658263205E+00    0.387567225702750040E+00    0.515838244366605103E+09    0.700131958274874924E+05   -0.138402456034022009E+03
    0.159932993565040371E+00    0.418861242130300848E+00    0.552173096070724249E+09    0.682296953832668951E+05   -0.138384633837006504E+03
    0.138196773902033415E+00    0.423680482206164832E+00    0.536937844052136064E+09    0.735180303249866702E+05   -0.138366654694005149E+03
    0.170654319621621559E+00    0.464629665162570760E+00    0.517917349748905957E+09    0.695308417673442600E+05   -0.138360098174556128E+03
    0.120107389483920024E+00    0.418484215316944130E+00    0.538160869766697764E+09    0.692050460118657647E+05   -0.138329639640834358E+03
    0.154644680399152801E+00    0.451753793059072706E+00    0.508214665539560735E+09    0.716197697726656334E+05   -0.138325329251004462E+03
    0.156357281643541540E+00    0.413015673822391793E+00    0.532315611996346891E+09    0.675404433534796408E+05   -0.138290571937899159E+03
    0.148541783881288553E+00    0.431289185865590508E+00    0.526620716709912777E+09    0.753511133383181441E+05   -0.138284752338248268E+03
    0.171369894807050643E+00    0.459355097714164273E+00    0.519966620418705225E+09    0.675809326275389321E+05   -0.138281570887405167E+03
    0.188704610703153197E+00    0.424886900647858390E+00    0.506031843105000198E+09    0.700113348773871257E+05   -0.138278899268791008E+03
    0.549765432681956698E-01    0.325751407359981204E+00    0.546678970977565527E+09    0.704057228435222642E+05   -0.138266629561659443E+03
    0.127041466907768241E+00    0.418004536414654293E+00    0.540477479302074552E+09    0.704568727411155414E+05   -0.138265848671750007E+03
    0.186410361999150620E+00    0.417196458693285699E+00    0.498986354747580349E+09    0.711544917166857776E+05   -0.138265790353880334E+03
    0.124231488697993220E+00    0.433720221826920938E+00    0.537946376276441932E+09    0.700040105949111021E+05   -0.138264451014306758E+03
    0.146360142165043727E+00    0.429538666577832018E+00    0.555840547656236887E+09    0.700698144397077122E+05   -0.138201069301439759E+03
    0.133444442092838289E+00    0.416014950076958545E+00    0.545625888474640012E+09    0.680944061849676218E+05   -0.138174140753659515E+03
    0.175264306800041653E+00    0.434790155787259991E+00    0.514144517068088710E+09    0.687469609955041815E+05   -0.138140483691914625E+03
    0.134103588832889947E+00    0.409983725284691403E+00    0.536279945519082665E+09    0.680105634481923917E+05   -0.138104225231435294E+03
    0.162876530001654418E+00    0.364056560093804826E+00    0.514471517331573427E+09    0.706981063793227950E+05   -0.138095667068510238E+03
    0.119509232332741230E+00    0.408300793748908486E+00    0.541131627120935202E+09    0.703894903593574272E+05   -0.138078748736424984E+03
    0.163145185276313970E+00    0.470075741004769565E+00    0.527799322063577414E+09    0.682432141785284766E+05   -0.138078183122899759E+03
    0.129132191341176816E+00    0.424135085910587684E+00    0.552464959357960224E+09    0.700266731812142389E+05   -0.138041073837352371E+03
    0.122181668002549884E+00    0.392827027875545909E+00    0.525029429050900161E+09    0.750808017825540592E+05   -0.138037258154918163E+03
    0.165806331624958891E+00    0.465044512642666774E+00    0.512873851770467520E+09    0.705244349084880814E+05   -0.138010764332598285E+03
    0.166644649351435581E+00    0.377653535259737438E+00    0.517775305400960803E+09    0.710154768948809651E+05   -0.137996460770788929E+03
    0.129260760587998125E+00    0.447527949490548860E+00    0.552054340961378694E+09    0.707179538087667752E+05   -0.137972997106920104E+03
    0.162460346864356314E+00    0.394414968673082900E+00    0.532234296111612916E+09    0.682850769317281956E+05   -0.137961765200052156E+03
    0.155619504328151831E+00    0.391425074588188870E+00    0.529979464573840618E+09    0.717154737417723663E+05   -0.137942455613882885E+03
    0.150118455313681176E+00    0.411306902010651676E+00    0.535320798297728539E+09    0.707099956726245146E+05   -0.137934518342724459E+03
    0.147233898208527503E+00    0.407014020774878915E+00    0.539015763019584656E+09    0.679442856971678993E+05   -0.137934436746538779E+03
    0.168175620472860360E+00    0.393990816638623453E+00    0.527009407890722394E+09    0.686380621225004579E+05   -0.137906487835877670E+03
    0.143162873042319394E+00    0.396939813959671817E+00    0.534060062973857164E+09    0.713651950663061289E+05   -0.137899459922080155E+03
    0.146871762188545418E+00    0.432964104594430577E+00    0.547247466549162149E+09    0.692773912383123534E+05   -0.137887605486387940E+03
    0.118609599829301623E+00    0.426239427223077616E+00    0.546383746225804448E+09    0.715254928722028562E+05   -0.137883167530063645E+03
    0.120154155306703189E+00    0.373009569989498413E+00    0.531890886591793895E+09    0.716020911583903799E+05   -0.137875979494631252E+03
    0.158921569375991500E+00    0.394804184207560471E+00    0.516669599041100860E+09    0.703145888282994856E+05   -0.137854257363283722E+03
    0.160185508449573799E+00    0.460449344604382471E+00    0.514949133999627233E+09    0.687042388718049187E+05   -0.137826868884965108E+03
    0.139654700066988297E+00    0.405706758511878096E+00    0.530611125270245910E+09    0.698020256536969100E+05   -0.137822893532336792E+03
    0.154287445111040200E+00    0.398057020623503011E+00    0.542594958188331127E+09    0.687400497005087236E+05   -0.137821672755104544E+03
    0.150384961169209935E+00    0.377558693331072615E+00    0.533258320570503771E+09    0.721104617130340193E+05   -0.137753568827738320E+03
    0.129708043324075706E+00    0.449622080659503265E+00    0.542473199282214522E+09    0.703072700365897326E+05   -0.137748493637105412E+03
    0.131824488553039493E+00    0.448755364751360464E+00    0.544580049785108685E+09    0.712559739736856427E+05   -0.137746468502524152E+03
    0.140474759411850114E+00    0.419561617023122668E+00    0.543800244316326857E+09    0.696401982753898919E+05   -0.137744924874779429E+03
    0.173413243340032469E+00    0.432901070886090089E+00    0.510320348097749054E+09    0.754181488963212323E+05   -0.137737569619868282E+03
    0.166123138975968754E+00    0.389059493026731928E+00    0.514818411701458156E+09    0.698168790186535480E+05   -0.137722935345961588E+03
    0.114541335826153806E+00    0.384692463206893098E+00    0.527455021131082714E+09    0.712607052753088792E+05   -0.137721870488408285E+03
    0.155908042470016939E+00    0.395412958889581834E+00    0.538514524768508673E+09    0.690250907464651100E+05   -0.137694845473891036E+03
    0.147892567936764308E+00    0.387644308290022277E+00    0.528194142249833882E+09    0.704458626479400991E+05   -0.137693568519896047E+03
    0.118808950782547607E+00    0.418500270524043927E+00    0.534496499030348957E+09    0.690297743408058159E+05   -0.137674132449178899E+03
    0.125306565212012166E+00    0.403158685263288685E+00    0.534979981803728819E+09    0.716688117087233259E+05   -0.137645068644874641E+03
    0.183003704597380273E+00    0.436087948988597596E+00    0.505651237096429050E+09    0.697257517706637300E+05   -0.137593016259407733E+03
    0.124398203189721557E+00    0.419736302013359541E+00    0.518111153701535761E+09    0.742678790874207189E+05   -0.137588024541086668E+03
    0.169665687430394452E+00    0.461641008313495416E+00    0.514131672467834532E+09    0.721493714131783054E+05   -0.137579968023219067E+03
    0.174789914195871282E+00    0.389881830323027589E+00    0.522213559831100941E+09    0.701515597374525387E+05   -0.137577661597013588E+03
    0.103623781353243516E+00    0.421846912056370815E+00    0.533540731978245735E+09    0.708329912020901393E+05   -0.137573856156668597E+03
    0.153100134979781699E+00    0.412980877805349866E+00    0.544487956594573021E+09    0.679917868409005750E+05   -0.137527488238983608E+03
    0.156200195505531214E+00    0.406884499635484342E+00    0.527013324724157751E+09    0.709818335115090886E+05   -0.137519801406796830E+03
    0.167169448669158727E+00    0.444917292259987107E+00    0.501016000091750801E+09    0.730070673471112241E+05   -0.137517612132096929E+03
    0.159211686128493457E+00    0.447983380206750770E+00    0.515737053772354066E+09    0.743745649764364935E+05   -0.137514503921933084E+03
    0.166248697598008005E+00    0.385179272143046258E+00    0.520767454431343913E+09    0.717879032642458187E+05   -0.137512352990887791E+03
    0.166248697598008005E+00    0.385179272143046258E+00    0.520767454431343913E+09    0.717879032642458187E+05   -0.137512352990887791E+03
    0.140818638760546289E+00    0.437266779012729145E+00    0.511213411411875606E+09    0.730866530370284599E+05   -0.137500843157071358E+03
    0.132022919602005656E+00    0.417846931936049160E+00    0.532548076559693873E+09    0.709279412712783815E+05   -0.137484310643463232E+03
    0.132022919602005656E+00    0.417846931936049160E+00    0.532548076559693873E+09    0.709279412712783815E+05   -0.137484310643463232E+03
    0.132125518476762543E+00    0.435466708843152528E+00    0.544092809779936671E+09    0.677799160921122966E+05   -0.137476722043666769E+03
    0.132125518476762543E+00    0.435466708843152528E+00    0.544092809779936671E+09    0.677799160921122966E+05   -0.137476722043666769E+03
    0.110764657807520900E+00    0.442437763441257292E+00    0.545645927632527471E+09    0.683379149428780947E+05   -0.137472916633384045E+03
    0.126410165999745333E+00    0.371596190696865225E+00    0.525937233223432362E+09    0.709033199760897696E+05   -0.137432734368295542E+03
    0.126410165999745333E+00    0.371596190696865225E+00    0.525937233223432362E+09    0.709033199760897696E+05   -0.137432734368295542E+03
    0.136329438977721290E+00    0.385459533013562172E+00    0.525087583938819528E+09    0.714268716301170643E+05   -0.137415134311385913E+03
    0.114096499232559129E+00    0.433683964855850146E+00    0.568266195484934688E+09    0.698429473333857750E+05   -0.137412711485572743E+03
    0.137596610782888318E+00    0.445565927526382133E+00    0.530316658247420669E+09    0.736678394571299577E+05   -0.137411614177968517E+03
    0.172554051541515707E+00    0.391854224786416072E+00    0.533884541094082236E+09    0.692096383061297674E+05   -0.137385378951997950E+03
    0.157229460941586324E+00    0.385679889526551190E+00    0.524274867315873086E+09    0.679500172827444767E+05   -0.137381052337199549E+03
    0.127643706602587476E+00    0.390583807735128463E+00    0.538962203511485338E+09    0.721446661171374290E+05   -0.137369118300596426E+03
    0.114934584701679873E+00    0.386408004892880186E+00    0.551105930622952580E+09    0.715761075798890524E+05   -0.137366123733761242E+03
    0.137771351985092244E+00    0.425013472204052167E+00    0.526058285522625268E+09    0.708378783020197297E+05   -0.137364466152962393E+03
    0.141402246556644434E+00    0.418078110887665666E+00    0.525807015292327464E+09    0.723033923474312469E+05   -0.137346143190043847E+03
    0.147426684298672256E+00    0.363311282520552670E+00    0.512390017845154583E+09    0.720775156481765443E+05   -0.137289909576258111E+03
    0.147426684298672256E+00    0.363311282520552670E+00    0.512390017845154583E+09    0.720775156481765443E+05   -0.137289909576258111E+03
    0.176922811679316894E+00    0.456695658172604269E+00    0.515870673795524597E+09    0.701905600842196436E+05   -0.137283801588550659E+03
    0.139112681162843338E+00    0.417146932559286032E+00    0.517707298391851842E+09    0.697944091230357881E+05   -0.137276555784378587E+03
    0.139986566961147613E+00    0.414855974801671135E+00    0.528406637428368449E+09    0.707551908008280006E+05   -0.137242105530455461E+03
    0.151162171395418876E+00    0.421491864960331863E+00    0.532028730101967454E+09    0.710856121839213738E+05   -0.137235131153818088E+03
    0.127593631015647385E+00    0.442115509717107891E+00    0.539775569177396894E+09    0.701653604639337718E+05   -0.137232527222778828E+03
    0.176084181798234096E+00    0.392670619017868816E+00    0.522658669817280054E+09    0.703429889300064824E+05   -0.137212397240552889E+03
    0.118692430701517346E+00    0.416210967813150035E+00    0.542363816670991659E+09    0.705747104048772017E+05   -0.137183087502775152E+03
    0.163980507636410477E+00    0.453761058839420084E+00    0.515921914685708344E+09    0.707712582101425360E+05   -0.137180551716753200E+03
    0.163980507636410477E+00    0.453761058839420084E+00    0.515921914685708344E+09    0.707712582101425360E+05   -0.137180551716753200E+03
    0.144204809045333476E+00    0.422110364545790429E+00    0.538363597751245379E+09    0.721990054121864814E+05   -0.137165321599080585E+03
    0.140119780188499604E+00    0.437988343383757694E+00    0.517791035668088257E+09    0.730965306656670728E+05   -0.137152451957744802E+03
    0.140119780188499604E+00    0.437988343383757694E+00    0.517791035668088257E+09    0.730965306656670728E+05   -0.137152451957744802E+03
    0.121285278965127460E+00    0.411027359272146509E+00    0.534131674152075529E+09    0.695518646032052784E+05   -0.137135246860551462E+03
    0.140022693925226815E+00    0.355902704745020948E+00    0.520241250410491228E+09    0.711976790079679195E+05   -0.137119905314650111E+03
    0.140022693925226815E+00    0.355902704745020948E+00    0.520241250410491228E+09    0.711976790079679195E+05   -0.137119905314650111E+03
    0.150073183740883354E+00    0.439653661200919199E+00    0.519547751600267529E+09    0.728464700589303684E+05   -0.137110617582531859E+03
    0.150073183740883354E+00    0.439653661200919199E+00    0.519547751600267529E+09    0.728464700589303684E+05   -0.137110617582531859E+03
    0.125133719157001305E+00    0.432938051638681820E+00    0.542754851725790739E+09    0.720123968281915877E+05   -0.137105720487970757E+03
    0.125133719157001305E+00    0.432938051638681820E+00    0.542754851725790739E+09    0.720123968281915877E+05   -0.137105720487970757E+03
    0.135624144271712294E+00    0.417018750977076635E+00    0.541547857340895176E+09    0.682602443237409898E+05   -0.137097609283263637E+03
    0.161059725961458872E+00    0.382704787660216095E+00    0.525585819421887219E+09    0.719732607332189509E+05   -0.137083364028115966E+03
    0.152199578257062179E+00    0.446088181360909886E+00    0.531734467640386641E+09    0.702015149375576439E+05   -0.137078520029994991E+03
    0.170037213318595753E+00    0.395061278415919759E+00    0.543685665895913482E+09    0.682766039917498565E+05   -0.137048410084837286E+03
    0.137300280860546686E+00    0.363406549452543359E+00    0.517637728937963188E+09    0.705342350497322477E+05   -0.137045711701762002E+03
    0.136315734886035850E+00    0.417857499101936813E+00    0.539887948930281520E+09    0.709363644089939917E+05   -0.137040507660783391E+03
    0.161564613875690044E+00    0.443493568094097235E+00    0.515897342780983806E+09    0.744932290090046008E+05   -0.137011237796476991E+03
    0.143108297440640519E+00    0.428694089335543094E+00    0.559130136479664922E+09    0.702324496527838637E+05   -0.136996697015533414E+03
    0.149905208584267202E+00    0.411907978503698313E+00    0.548490676921147585E+09    0.701934135025663127E+05   -0.136984939875592033E+03
    0.125579225322479393E+00    0.432682327136229450E+00    0.535553519679212630E+09    0.701326646070081042E+05   -0.136972386826972439E+03
    0.136471531323138329E+00    0.401473667102677290E+00    0.544947587737822413E+09    0.666766292087057082E+05   -0.136966027332509157E+03
    0.136471531323138329E+00    0.401473667102677290E+00    0.544947587737822413E+09    0.666766292087057082E+05   -0.136966027332509157E+03
    0.173613540114518683E+00    0.462879559679730601E+00    0.514370887768279672E+09    0.696538968479470641E+05   -0.136948797498412887E+03
    0.173613540114518683E+00    0.462879559679730601E+00    0.514370887768279672E+09    0.696538968479470641E+05   -0.136948797498412887E+03
    0.146212307054020274E+00    0.401182893592185064E+00    0.530295150942404151E+09    0.700953723021822079E+05   -0.136944602668433618E+03
    0.146212307054020274E+00    0.401182893592185064E+00    0.530295150942404151E+09    0.700953723021822079E+05   -0.136944602668433618E+03
    0.137704061374428255E+00    0.363543316403401207E+00    0.526848286710952640E+09    0.722590893808654801E+05   -0.136926676571316818E+03
    0.137704061374428255E+00    0.363543316403401207E+00    0.526848286710952640E+09    0.722590893808654801E+05   -0.136926676571316818E+03
    0.155587942026691461E+00    0.404874266514107184E+00    0.533535816855686128E+09    0.691375248447378544E+05   -0.136904242441526009E+03
    0.152204462650129407E+00    0.401163665131268221E+00    0.521292124088843405E+09    0.701749033204744192E+05   -0.136898855846229935E+03
    0.152204462650129407E+00    0.401163665131268221E+00    0.521292124088843405E+09    0.701749033204744192E+05   -0.136898855846229935E+03
    0.148951846833578788E+00    0.421277756711178064E+00    0.547888918705511332E+09    0.680215915617099381E+05   -0.136896612070424794E+03
    0.121935303410599064E+00    0.424921183790698986E+00    0.519781309490609050E+09    0.744041434170243301E+05   -0.136890078156973743E+03
    0.144410120646692730E+00    0.440019234298485884E+00    0.517875551676083684E+09    0.728829016117304855E+05   -0.136887111959199217E+03
    0.144410120646692730E+00    0.440019234298485884E+00    0.517875551676083684E+09    0.728829016117304855E+05   -0.136887111959199217E+03
    0.180796416701577672E+00    0.386707877571101921E+00    0.518019837745753825E+09    0.707293260386885522E+05   -0.136885870871908025E+03
    0.157048228854430816E+00    0.449146859743666749E+00    0.528425517136867821E+09    0.693453882321857964E+05   -0.136885586939399474E+03
    0.135614389017160525E+00    0.439642240865801615E+00    0.520105054733020127E+09    0.724956669191552064E+05   -0.136855635649552369E+03
    0.164535489918088029E+00    0.456466349669960358E+00    0.518118737638176560E+09    0.704446828812115418E+05   -0.136852507888663467E+03
    0.164535489918088029E+00    0.456466349669960358E+00    0.518118737638176560E+09    0.704446828812115418E+05   -0.136852507888663467E+03
    0.125333495138477163E+00    0.432395406111665270E+00    0.537441683479452252E+09    0.707072160773096693E+05   -0.136849072408983460E+03
    0.155858098294473335E+00    0.382401443378658001E+00    0.518713529223381996E+09    0.707875672403036297E+05   -0.136846435597166050E+03
    0.155858098294473335E+00    0.382401443378658001E+00    0.518713529223381996E+09    0.707875672403036297E+05   -0.136846435597166050E+03
    0.138980124588628018E+00    0.432774978813739608E+00    0.553599193874250531E+09    0.676902306041324919E+05   -0.136820189950845020E+03
    0.138980124588628018E+00    0.432774978813739608E+00    0.553599193874250531E+09    0.676902306041324919E+05   -0.136820189950845020E+03
    0.158184547234093337E+00    0.465969438245412260E+00    0.517141265153302610E+09    0.694645809271619946E+05   -0.136816440473359592E+03
    0.158184547234093337E+00    0.465969438245412260E+00    0.517141265153302610E+09    0.694645809271619946E+05   -0.136816440473359592E+03
    0.177668825166545918E+00    0.471703400885008506E+00    0.524648351814703643E+09    0.684851776288124966E+05   -0.136802029549975941E+03
    0.177668825166545918E+00    0.471703400885008506E+00    0.524648351814703643E+09    0.684851776288124966E+05   -0.136802029549975941E+03
    0.152075065470686471E+00    0.424139379693721619E+00    0.524082150991285563E+09    0.704152904604209180E+05   -0.136779818275296236E+03
    0.153217326691649031E+00    0.427477255403049927E+00    0.521297074222543895E+09    0.700329953715512820E+05   -0.136741265384146828E+03
    0.146279246132047430E+00    0.401815523257877949E+00    0.529897937784276307E+09    0.713881864484896505E+05   -0.136740823859591558E+03
    0.170699532298633189E+00    0.438789697533242595E+00    0.528319233944894671E+09    0.695479738477275678E+05   -0.136716122673195343E+03
    0.170699532298633189E+00    0.438789697533242595E+00    0.528319233944894671E+09    0.695479738477275678E+05   -0.136716122673195343E+03
    0.123269834641743528E+00    0.436146704524359219E+00    0.566871013873026490E+09    0.688811109488462971E+05   -0.136713097222404031E+03
    0.110993444225193777E+00    0.438369452971707041E+00    0.547040885460849285E+09    0.725522842175117839E+05   -0.136708365617492859E+03
    0.110993444225193777E+00    0.438369452971707041E+00    0.547040885460849285E+09    0.725522842175117839E+05   -0.136708365617492859E+03
    0.171836387408185465E+00    0.404685506946114160E+00    0.518809828580434024E+09    0.707936627066204092E+05   -0.136703397717637699E+03
    0.121010056971169205E+00    0.422403682176860862E+00    0.529439132843189776E+09    0.715840414825227781E+05   -0.136688877200980556E+03
    0.179951315076630564E+00    0.398930327433318244E+00    0.533786529365384340E+09    0.713873126003141660E+05   -0.136670407385448868E+03
    0.152255765658750902E+00    0.399034812450142606E+00    0.536040955841216028E+09    0.694645361575719871E+05   -0.136668990981555027E+03
    0.171026828033268408E+00    0.382668393038899879E+00    0.513786847574404538E+09    0.695711780457397981E+05   -0.136666220655679638E+03
    0.151575654503400103E+00    0.398196606676981091E+00    0.508645028096975565E+09    0.701107003266068350E+05   -0.136653673502115055E+03
    0.142748038215363304E+00    0.434039056456926531E+00    0.533604771423279703E+09    0.728609342731163342E+05   -0.136646925228740400E+03
    0.108126371399798568E+00    0.433397957457104521E+00    0.544022925340135574E+09    0.712678849498816271E+05   -0.136644576851312763E+03
    0.108126371399798568E+00    0.433397957457104521E+00    0.544022925340135574E+09    0.712678849498816271E+05   -0.136644576851312763E+03
    0.137596534901008427E+00    0.411412416204305575E+00    0.532054238494028926E+09    0.727098747889448568E+05   -0.136642341860349887E+03
    0.137596534901008427E+00    0.411412416204305575E+00    0.532054238494028926E+09    0.727098747889448568E+05   -0.136642341860349887E+03
    0.158582477938802063E+00    0.402433724227615475E+00    0.543392632084522367E+09    0.666575573581323697E+05   -0.136639073659051746E+03
    0.141077564451424275E+00    0.426532000962758673E+00    0.555475604310189962E+09    0.670697452292718372E+05   -0.136635317671469721E+03
    0.141077564451424275E+00    0.426532000962758673E+00    0.555475604310189962E+09    0.670697452292718372E+05   -0.136635317671469721E+03
    0.114086504433156710E+00    0.391191513756641296E+00    0.519590499290559649E+09    0.712145177590673120E+05   -0.136628294463602316E+03
    0.160629821488940255E+00    0.401657402843795364E+00    0.541616183281729937E+09    0.668004633836655412E+05   -0.136620239621424957E+03
    0.162805208619664243E+00    0.456953328044249041E+00    0.530468364565627575E+09    0.687411466770475963E+05   -0.136607385260277653E+03
    0.162805208619664243E+00    0.456953328044249041E+00    0.530468364565627575E+09    0.687411466770475963E+05   -0.136607385260277653E+03
    0.140164259180957401E+00    0.399160048933448586E+00    0.541859566353250861E+09    0.716219502784352662E+05   -0.136584124598867390E+03
    0.129400711422090448E+00    0.432786046305110084E+00    0.545613742169019699E+09    0.717258925336124230E+05   -0.136583132142755062E+03
    0.144734760127162188E+00    0.447519313509582073E+00    0.543577820319623470E+09    0.717610037892954570E+05   -0.136571429308342033E+03
    0.151595276122395844E+00    0.429673862932844930E+00    0.525229001151711106E+09    0.716991610662160092E+05   -0.136565783452186224E+03
    0.143648623182423690E+00    0.411181927228617461E+00    0.527640655792377710E+09    0.698092707678667502E+05   -0.136563792312504575E+03
    0.143648623182423690E+00    0.411181927228617461E+00    0.527640655792377710E+09    0.698092707678667502E+05   -0.136563792312504575E+03
    0.148275428396042963E+00    0.423544821926741033E+00    0.553182965944780469E+09    0.673274845413808944E+05   -0.136552649902700551E+03
    0.158013573024233495E+00    0.404745072663899919E+00    0.545617897712854862E+09    0.694671833956492628E+05   -0.136537917952042733E+03
    0.111385202331616695E+00    0.425934245045466842E+00    0.534431630213721991E+09    0.696599948682695540E+05   -0.136536736854221715E+03
    0.134259736108106209E+00    0.378624602384395104E+00    0.533269736230974734E+09    0.710863880227830232E+05   -0.136528553573749548E+03
    0.159560345769957784E+00    0.389513222683303351E+00    0.515387921116033196E+09    0.714655092869393848E+05   -0.136519208213423866E+03
    0.159560345769957784E+00    0.389513222683303351E+00    0.515387921116033196E+09    0.714655092869393848E+05   -0.136519208213423866E+03
    0.183442981220392515E+00    0.445477129059184573E+00    0.508226552424499929E+09    0.692606460639455472E+05   -0.136515116319943104E+03
    0.183442981220392515E+00    0.445477129059184573E+00    0.508226552424499929E+09    0.692606460639455472E+05   -0.136515116319943104E+03
    0.170839771410624675E+00    0.442331024753454649E+00    0.518695326489152968E+09    0.704436551268598269E+05   -0.136509915519792003E+03
    0.146003624468864918E+00    0.429913700031158363E+00    0.530271215860344291E+09    0.703098705667837494E+05   -0.136506650777255345E+03
    0.142955027595627171E+00    0.412956136213308955E+00    0.524440095920803964E+09    0.707242666963761294E+05   -0.136497331574213206E+03
    0.155276224978919658E+00    0.397850813753165333E+00    0.538078747042007208E+09    0.698092971670295665E+05   -0.136485782147497815E+03
    0.155276224978919658E+00    0.397850813753165333E+00    0.538078747042007208E+09    0.698092971670295665E+05   -0.136485782147497815E+03
    0.153901120293844035E+00    0.419037400334851817E+00    0.535959592305659235E+09    0.706883829723851086E+05   -0.136476247542354628E+03
    0.140947211516365356E+00    0.404715579176231355E+00    0.530126582469801068E+09    0.704795780488421005E+05   -0.136463734400496094E+03
    0.147698228290478212E+00    0.419172178738304257E+00    0.539854965079762459E+09    0.709954289011851943E+05   -0.136446790350932588E+03
    0.150059693434361818E+00    0.421828867883025094E+00    0.541017596934358358E+09    0.703567255264509440E+05   -0.136442751075348752E+03
    0.106480170948450942E+00    0.439492113896873260E+00    0.540503933748562336E+09    0.712733268566823826E+05   -0.136435784551069844E+03
    0.147394568719332347E+00    0.442012198140452561E+00    0.523604522263614178E+09    0.712473806725388713E+05   -0.136431716009769730E+03
    0.141404976984483510E+00    0.443988576220629039E+00    0.527106226732260585E+09    0.726331264503912826E+05   -0.136430692183811345E+03
    0.114679015830515707E+00    0.423060461605803351E+00    0.537195313465029716E+09    0.697658974707857706E+05   -0.136419609735699879E+03
    0.129609123899870310E+00    0.416722535595329902E+00    0.544337320806531668E+09    0.714513818596734054E+05   -0.136416973754025122E+03
    0.129609123899870310E+00    0.416722535595329902E+00    0.544337320806531668E+09    0.714513818596734054E+05   -0.136416973754025122E+03
    0.149112334608586167E+00    0.410376866068278723E+00    0.532818568173676729E+09    0.714949502300909808E+05   -0.136416141009495277E+03
    0.123976170052002552E+00    0.378321873502886152E+00    0.525253673015095472E+09    0.701357009820919484E+05   -0.136393879669200629E+03
    0.142412490289002769E+00    0.429446698043932429E+00    0.548627422210255384E+09    0.697742040975972050E+05   -0.136390076240991448E+03
    0.163513965546546486E+00    0.461962938534024481E+00    0.508028958667489767E+09    0.698222482564153033E+05   -0.136384300345599939E+03
    0.146534404773454280E+00    0.390006067279757840E+00    0.528217034772342026E+09    0.714893790250873863E+05   -0.136382676775371124E+03
    0.136460884898397861E+00    0.433752624229918560E+00    0.531755661793353379E+09    0.721391884430797509E+05   -0.136368939816949535E+03
    0.136460884898397861E+00    0.433752624229918560E+00    0.531755661793353379E+09    0.721391884430797509E+05   -0.136368939816949535E+03
    0.155759791071026804E+00    0.403710173747704903E+00    0.513931930111459553E+09    0.693006974810392276E+05   -0.136350848567773966E+03
    0.137842360435724093E+00    0.411456069624048570E+00    0.549378719010185480E+09    0.681369892388801381E+05   -0.136343144696408444E+03
    0.150615840595288181E+00    0.407457446420691927E+00    0.530405965194117725E+09    0.710343826563509065E+05   -0.136334552864921022E+03
    0.146018753074028035E+00    0.448334850422321018E+00    0.531724395619199455E+09    0.731196782676464063E+05   -0.136321503226035190E+03
    0.114178454294015533E+00    0.396790679647225364E+00    0.520929413158055604E+09    0.715141424183648487E+05   -0.136308682447846081E+03
    0.145522162999495441E+00    0.395219739332171915E+00    0.531178352484663725E+09    0.719272397755416314E+05   -0.136306358331636915E+03
    0.128819426528120756E+00    0.404081067141018213E+00    0.543170523874855638E+09    0.715995062188013835E+05   -0.136302055714172184E+03
    0.128819426528120756E+00    0.404081067141018213E+00    0.543170523874855638E+09    0.715995062188013835E+05   -0.136302055714172184E+03
    0.120563906678543178E+00    0.407605075927712779E+00    0.541153682663674235E+09    0.716563523383558640E+05   -0.136284994624607776E+03
    0.158281009922249416E+00    0.406277366166475140E+00    0.523214958594980836E+09    0.697840308052299370E+05   -0.136273102005285409E+03
    0.146364414054485303E+00    0.426638943790638159E+00    0.530377692153565586E+09    0.714875226145464694E+05   -0.136268802654075131E+03
    0.147553791824262481E+00    0.410116080606242051E+00    0.517217488359738946E+09    0.703276054368315235E+05   -0.136264071078320882E+03
    0.145387941087177369E+00    0.406804647660317986E+00    0.522251748363061547E+09    0.706232436579214991E+05   -0.136259221959583414E+03
    0.145387941087177369E+00    0.406804647660317986E+00    0.522251748363061547E+09    0.706232436579214991E+05   -0.136259221959583414E+03
    0.149323111099160272E+00    0.393846292664168818E+00    0.525329554830899298E+09    0.709978130067545862E+05   -0.136256831920418421E+03
    0.125897579989861064E+00    0.378027332979923969E+00    0.531760350715656340E+09    0.704011709291190491E+05   -0.136241317598106349E+03
    0.145866407133051240E+00    0.436900676678965372E+00    0.541674903719718814E+09    0.708821636520227185E+05   -0.136229467116759167E+03
    0.139899681520413904E+00    0.363111153252172691E+00    0.514619389091637135E+09    0.707540761713021348E+05   -0.136222536714988848E+03
    0.117382944497131658E+00    0.433326713045601331E+00    0.554071644389393568E+09    0.716274255929638748E+05   -0.136216138738232303E+03
    0.135042446620789930E+00    0.420502700332352042E+00    0.538380773234240532E+09    0.709673661261245870E+05   -0.136213831376025212E+03
    0.135042446620789930E+00    0.420502700332352042E+00    0.538380773234240532E+09    0.709673661261245870E+05   -0.136213831376025212E+03
    0.147235894657873095E+00    0.400339705764065634E+00    0.523197273815838993E+09    0.699694089692207344E+05   -0.136212329694223996E+03
    0.147235894657873095E+00    0.400339705764065634E+00    0.523197273815838993E+09    0.699694089692207344E+05   -0.136212329694223996E+03
    0.158630475465210530E+00    0.387538114580324056E+00    0.521041444056231916E+09    0.712921491758539632E+05   -0.136208282350038019E+03
    0.158630475465210530E+00    0.387538114580324056E+00    0.521041444056231916E+09    0.712921491758539632E+05   -0.136208282350038019E+03
    0.141871463273544052E+00    0.417617808436610449E+00    0.528611170297561705E+09    0.706700364573049446E+05   -0.136200779933769894E+03
    0.146156912685490192E+00    0.399865619885459100E+00    0.521742353249079168E+09    0.703428755366716359E+05   -0.136196074896428001E+03
    0.148024860299415001E+00    0.388222362791836417E+00    0.512948970818983793E+09    0.706135733184510173E+05   -0.136161702665330438E+03
    0.124421007501687886E+00    0.440213735027294106E+00    0.539471316247242928E+09    0.708971149133971485E+05   -0.136159045357969120E+03
    0.122659901950818884E+00    0.450083786859732271E+00    0.544520077128751755E+09    0.714174259889391979E+05   -0.136156964253048272E+03
    0.122659901950818884E+00    0.450083786859732271E+00    0.544520077128751755E+09    0.714174259889391979E+05   -0.136156964253048272E+03
    0.147148621215730441E+00    0.413424222443754541E+00    0.530574934473995268E+09    0.712768231106295279E+05   -0.136152757172338397E+03
    0.127159370819417222E+00    0.404771382567600480E+00    0.525805923833634734E+09    0.712979058687667712E+05   -0.136140047256798880E+03
    0.161517569567971503E+00    0.405019543981384622E+00    0.541380347584368229E+09    0.688785936291546532E+05   -0.136134061323105328E+03
    0.157248932010428888E+00    0.426862180972148675E+00    0.534429504033941805E+09    0.697355538843112590E+05   -0.136114805111650981E+03
    0.157248932010428888E+00    0.426862180972148675E+00    0.534429504033941805E+09    0.697355538843112590E+05   -0.136114805111650981E+03
    0.152101594361981313E+00    0.407315526771852010E+00    0.542046941556731820E+09    0.681213571201757441E+05   -0.136096636489040293E+03
    0.146996385699746795E+00    0.408679662446093772E+00    0.544383515770544529E+09    0.675163424892404582E+05   -0.136096051644809933E+03
    0.111034192691586014E+00    0.447453024948047950E+00    0.547604339637047648E+09    0.719661112864596507E+05   -0.136094954132140742E+03
    0.152347258260136953E+00    0.417484649486593362E+00    0.528802023381022274E+09    0.705531514981997170E+05   -0.136093785935076880E+03
    0.152235150775431066E+00    0.394506257753126199E+00    0.526437814975581467E+09    0.714678921021845745E+05   -0.136089578381116667E+03
    0.143943414174619727E+00    0.411646691091084538E+00    0.518863053566629767E+09    0.692732208291305724E+05   -0.136083568403820607E+03
    0.144460383046565166E+00    0.400642606881249197E+00    0.528918614321146250E+09    0.704865138332492061E+05   -0.136081874448953556E+03
    0.151490211443083334E+00    0.412465887311722401E+00    0.541361441979918718E+09    0.689961875274320628E+05   -0.136076613950000535E+03
    0.154760005874751111E+00    0.396923348578949842E+00    0.539340989815016389E+09    0.696620883006675431E+05   -0.136075593904900074E+03
    0.128566632101748735E+00    0.417509667261396711E+00    0.542685480060582876E+09    0.716208600244246045E+05   -0.136067585763815742E+03
    0.134050523691934043E+00    0.379949313497751628E+00    0.522844235701554716E+09    0.702498211443256296E+05   -0.136056668943972454E+03
    0.131392408346225675E+00    0.373329230318431460E+00    0.526797214562885344E+09    0.698283937136405002E+05   -0.136056063045430875E+03
    0.150033758420362706E+00    0.415861418765515634E+00    0.550711011914027810E+09    0.679013598002032668E+05   -0.136055715194831777E+03
    0.150033758420362706E+00    0.415861418765515634E+00    0.550711011914027810E+09    0.679013598002032668E+05   -0.136055715194831777E+03
    0.149002859136802390E+00    0.418258206447883918E+00    0.523830074011174977E+09    0.710304037961056893E+05   -0.136048109642835925E+03
    0.156878505332402191E+00    0.392337155372604052E+00    0.525209998269829929E+09    0.711912168963949080E+05   -0.136036732127434959E+03
    0.154174004757047789E+00    0.408204106887064100E+00    0.551875681493986487E+09    0.702762852952314133E+05   -0.136036132701175319E+03
    0.144828532973233254E+00    0.393674530158997005E+00    0.524420718571182966E+09    0.705193038782168005E+05   -0.136026655487431185E+03
    0.141996789315999045E+00    0.420223323203820609E+00    0.528885824428505957E+09    0.707446165196779184E+05   -0.136022286530938970E+03
    0.156113317091385373E+00    0.394627876195878358E+00    0.527816369288383842E+09    0.702374141156387050E+05   -0.136007504634727297E+03
    0.147739111063516337E+00    0.404642289848887504E+00    0.522499890882304966E+09    0.719242498102298705E+05   -0.135988147246405561E+03
    0.147279562556947435E+00    0.435476780482046077E+00    0.535293677873038530E+09    0.715286474399883155E+05   -0.135984895281975213E+03
    0.140798542785930403E+00    0.430143708408903258E+00    0.541907869350167632E+09    0.725521054757473757E+05   -0.135979612190410990E+03
    0.123087597741399490E+00    0.401092866148832439E+00    0.543423250016903520E+09    0.717643645669283869E+05   -0.135976300870021049E+03
    0.157898624883926475E+00    0.374504689693280213E+00    0.520769819380128622E+09    0.716776130836142547E+05   -0.135969348583634940E+03
    0.148856987162669957E+00    0.448691058405706222E+00    0.532251071647680044E+09    0.726975291626216058E+05   -0.135968340276625753E+03
    0.143128339285050726E+00    0.428179781123046332E+00    0.538428259462457180E+09    0.704903885893544502E+05   -0.135968082705498375E+03
    0.135100001665347552E+00    0.414579688672127578E+00    0.540543991765693665E+09    0.708083027578063193E+05   -0.135964646315483492E+03
    0.143159553576256593E+00    0.433101795003760337E+00    0.535239140665530443E+09    0.724167857654684340E+05   -0.135962417675826117E+03
    0.138224947049194913E+00    0.417076396251304882E+00    0.537975914553140402E+09    0.715627573489219940E+05   -0.135954519576258491E+03
    0.145889737874228959E+00    0.412221713917254817E+00    0.544088522058858037E+09    0.716802446678076813E+05   -0.135950005959114151E+03
    0.143799524889299341E+00    0.402034196081758388E+00    0.519677830406702518E+09    0.698831585463104857E+05   -0.135949308088561907E+03
    0.152215687346468509E+00    0.409059502034073486E+00    0.535875395321406066E+09    0.690645923930074932E+05   -0.135948442533929665E+03
    0.161787297389223289E+00    0.427912637882957192E+00    0.530049718432763100E+09    0.693352722671402589E+05   -0.135943895869289634E+03
    0.161787297389223289E+00    0.427912637882957192E+00    0.530049718432763100E+09    0.693352722671402589E+05   -0.135943895869289634E+03
    0.160197114753425990E+00    0.448739883643320070E+00    0.533079165662217557E+09    0.712306341861189721E+05   -0.135940981642065140E+03
    0.131454062058667387E+00    0.408771006059254649E+00    0.534500258867218375E+09    0.722576490306269989E+05   -0.135940395087016668E+03
    0.141651905720529880E+00    0.412423809414390163E+00    0.527367783340478957E+09    0.700690663082596293E+05   -0.135935430624640190E+03
    0.142249449790872090E+00    0.418865635595611963E+00    0.531705770455856025E+09    0.706056837741347990E+05   -0.135934360752924164E+03
    0.104787182520994657E+00    0.421334255667587421E+00    0.553475376090245724E+09    0.705828228568524646E+05   -0.135931230473935898E+03
    0.119929457869932282E+00    0.354090117036081953E+00    0.534686921469883561E+09    0.696279003501773259E+05   -0.135929755616967554E+03
    0.151158708648197027E+00    0.394103248378768534E+00    0.525554669901124060E+09    0.727214978671668650E+05   -0.135928290008259921E+03
    0.137280595598522154E+00    0.427967359194836305E+00    0.539103943604721785E+09    0.717458695334287186E+05   -0.135921037473817023E+03
    0.156690383190012383E+00    0.428636348446702620E+00    0.530547100478438497E+09    0.698935441400648415E+05   -0.135920201354297888E+03
    0.170848931928661824E+00    0.380200021450286307E+00    0.521943521147459865E+09    0.717609678463389573E+05   -0.135917197795059053E+03
    0.151281572955168225E+00    0.377541171858809310E+00    0.522148595271136105E+09    0.710654889559470466E+05   -0.135913461494702318E+03
    0.144446253903528193E+00    0.444579028274557420E+00    0.534546562414791644E+09    0.730316950769552641E+05   -0.135911513241005451E+03
    0.156327734897949544E+00    0.441040731100332817E+00    0.527713695750671864E+09    0.703959960626923130E+05   -0.135897974832551029E+03
    0.138241804743166274E+00    0.400181528789884222E+00    0.543200266604778171E+09    0.713075500142572273E+05   -0.135891201108127063E+03
    0.155525900123005434E+00    0.415587364975111839E+00    0.549005670070151448E+09    0.688611264368357515E+05   -0.135886021919319887E+03
    0.141495985821558146E+00    0.428775691045622409E+00    0.541342211106817126E+09    0.703000354026557179E+05   -0.135877326681677545E+03
    0.135407757747132013E+00    0.407446877391326456E+00    0.544547193449953318E+09    0.714225064791999030E+05   -0.135869038696694815E+03
    0.153835952113298785E+00    0.412503962510747169E+00    0.523841362434066474E+09    0.696832429827635060E+05   -0.135863130020439996E+03
    0.161236246613498863E+00    0.462749622822812068E+00    0.529673803404749691E+09    0.702048769956461183E+05   -0.135862385110695755E+03
    0.149962105825126146E+00    0.397583376524675902E+00    0.527759647759433150E+09    0.708451342854283721E+05   -0.135862273727769093E+03
    0.150473628845316870E+00    0.409423417911060739E+00    0.524431270943158507E+09    0.693281088775737735E+05   -0.135859485788882012E+03
    0.145307053208130921E+00    0.426557894996542064E+00    0.529967000810152650E+09    0.725143058709212200E+05   -0.135853952467037573E+03
    0.147074660215759434E+00    0.408838953404811356E+00    0.525095687210884273E+09    0.714107945702211291E+05   -0.135853586566741853E+03
    0.138653067004259528E+00    0.429736136824044657E+00    0.537318756221800566E+09    0.707935950788386835E+05   -0.135852340952622001E+03
    0.137427665967167129E+00    0.404035092935839391E+00    0.537767125140710354E+09    0.717712690426348418E+05   -0.135843164533872880E+03
    0.165804616632310498E+00    0.418303849316802534E+00    0.528882881951470613E+09    0.695361794788041443E+05   -0.135842825463835140E+03
    0.159999011647879441E+00    0.374817682753922909E+00    0.527143980926589847E+09    0.712737523866784613E+05   -0.135826616755050509E+03
    0.139606080726466297E+00    0.407804727709277781E+00    0.521425800912392735E+09    0.694762594177405699E+05   -0.135821160082843193E+03
    0.182042343976662663E+00    0.461034415249256480E+00    0.521319160297245741E+09    0.692905856918862555E+05   -0.135819365483790534E+03
    0.129803654490713100E+00    0.418397762607174872E+00    0.525878113458487034E+09    0.721531339475617278E+05   -0.135817864634154716E+03
    0.146658166577631310E+00    0.400477763697650424E+00    0.521654446184675872E+09    0.720852102546125388E+05   -0.135817569354461824E+03
    0.152091628594820144E+00    0.416026574905531632E+00    0.533646025545295656E+09    0.702844128145237919E+05   -0.135811289737414398E+03
    0.132289924824329996E+00    0.400858308523339701E+00    0.541736518065821886E+09    0.706519436129315582E+05   -0.135807999582540191E+03
    0.155277288327174828E+00    0.389249852159147203E+00    0.520203578210025549E+09    0.717151715643131611E+05   -0.135338723247393830E+03
    0.163774304295357942E+00    0.366416567139727700E+00    0.515255606396180749E+09    0.715536883846549463E+05   -0.135248767415441989E+03
    0.163774304295357942E+00    0.366416567139727700E+00    0.515255606396180749E+09    0.715536883846549463E+05   -0.135248767415441989E+03
    0.143412090056144831E+00    0.375058655064059554E+00    0.519389101895366848E+09    0.708351074075236829E+05   -0.135134978308865925E+03
    0.143412090056144831E+00    0.375058655064059554E+00    0.519389101895366848E+09    0.708351074075236829E+05   -0.135134978308865925E+03
    0.134971647338328810E+00    0.360255880333120615E+00    0.516236901828844309E+09    0.709198381217557180E+05   -0.135776255228110330E+03
    0.146674584279838094E+00    0.370560627138451615E+00    0.520279925593069196E+09    0.710094089691142726E+05   -0.135540263725659855E+03
    0.145160554548784348E+00    0.414576907122107041E+00    0.525825644557210863E+09    0.711343353589268081E+05   -0.135347158257805972E+03
    0.151789409890540961E+00    0.403634394487073500E+00    0.524017310997862577E+09    0.715970510638040869E+05   -0.135705286697250443E+03
    0.154884917704005337E+00    0.397022190353465199E+00    0.528003717340288579E+09    0.712681016390058212E+05   -0.135016535430288002E+03
    0.154884917704005337E+00    0.397022190353465199E+00    0.528003717340288579E+09    0.712681016390058212E+05   -0.135016535430288002E+03
    0.158059443257151350E+00    0.395067993699561359E+00    0.528489980392943025E+09    0.707778276660226402E+05   -0.135484315445825075E+03
    0.151102933243843746E+00    0.387911167973990612E+00    0.524793183064364016E+09    0.712273917393527954E+05   -0.135583490156619973E+03
    0.154798093645503676E+00    0.380234785153106714E+00    0.526972437211129665E+09    0.710796330619286309E+05   -0.135179893898557509E+03
    0.154798093645503676E+00    0.380234785153106714E+00    0.526972437211129665E+09    0.710796330619286309E+05   -0.135179893898557509E+03
    0.152033929096270809E+00    0.390052979686392742E+00    0.529603150357946754E+09    0.708963998132185225E+05   -0.135483926196093449E+03
    0.148779394252436192E+00    0.405372484075605666E+00    0.519662955377534747E+09    0.715756535620252544E+05   -0.135515921117710263E+03
    0.157470784457335755E+00    0.383131379887393653E+00    0.521886254551393747E+09    0.714830159976351279E+05   -0.135668535723198772E+03
    0.160922306039787355E+00    0.388053675132372433E+00    0.525021249679699957E+09    0.710055301923960069E+05   -0.135424311310436821E+03
    0.160922306039787355E+00    0.388053675132372433E+00    0.525021249679699957E+09    0.710055301923960069E+05   -0.135424311310436821E+03
    0.133406627069716927E+00    0.407992910546695953E+00    0.528711866779030144E+09    0.710283600372857618E+05   -0.135431443037829723E+03
    0.133406627069716927E+00    0.407992910546695953E+00    0.528711866779030144E+09    0.710283600372857618E+05   -0.135431443037829723E+03
    0.136718114526431067E+00    0.422138502446948394E+00    0.524772402719972014E+09    0.709991068200929731E+05   -0.135311212094261151E+03
    0.134179045606521524E+00    0.404467800431702607E+00    0.529467126427546859E+09    0.711256698229826579E+05   -0.135483992353797476E+03
    0.128430380317862858E+00    0.405606786638470052E+00    0.524598335586938202E+09    0.716138701023224712E+05   -0.135382515326672802E+03
    0.135527230720822234E+00    0.392035124575484062E+00    0.538114970392014265E+09    0.713403809049168485E+05   -0.135325252771364518E+03
    0.136694689787821427E+00    0.403341723508209959E+00    0.531638326792299032E+09    0.713500827075724228E+05   -0.135461129886103237E+03
    0.110575334056903257E+00    0.422188767905080642E+00    0.522508155459769309E+09    0.710768439645203907E+05   -0.135270810007300838E+03
    0.118042894905405510E+00    0.375059971488752364E+00    0.528587069798802435E+09    0.705401024373912951E+05   -0.135541201996465446E+03
    0.139517305224722277E+00    0.440283736042796914E+00    0.530010780854950130E+09    0.730157006463926809E+05   -0.135803127022852266E+03
    0.152284203327801987E+00    0.448149984029929449E+00    0.535623952929767132E+09    0.722294462222208240E+05   -0.135630435422714584E+03
    0.154796987181665846E+00    0.438851256092420261E+00    0.533485712803094685E+09    0.714233185681292962E+05   -0.134936858791145937E+03
    0.154796987181665846E+00    0.438851256092420261E+00    0.533485712803094685E+09    0.714233185681292962E+05   -0.134936858791145937E+03
    0.155027110626126535E+00    0.459273903990659260E+00    0.534249790639649093E+09    0.716445081128498423E+05   -0.135275359780555419E+03
    0.155027110626126535E+00    0.459273903990659260E+00    0.534249790639649093E+09    0.716445081128498423E+05   -0.135275359780555419E+03
    0.158472796955453687E+00    0.458093657098430196E+00    0.533774037976915479E+09    0.715365412506358989E+05   -0.135568509490780286E+03
    0.154876592130284541E+00    0.450907314247938729E+00    0.535369066042079329E+09    0.711736140094398143E+05   -0.135078892535622174E+03
    0.154876592130284541E+00    0.450907314247938729E+00    0.535369066042079329E+09    0.711736140094398143E+05   -0.135078892535622174E+03
    0.161711701369487676E+00    0.477239346703695055E+00    0.534710119043591797E+09    0.716443797711412190E+05   -0.135402091668549673E+03
    0.155970721277122526E+00    0.446245702926925336E+00    0.533561055671601474E+09    0.710347130237037636E+05   -0.135439809769646956E+03
    0.145643231955224217E+00    0.424654671958901275E+00    0.525038606254683137E+09    0.720431394361115672E+05   -0.135786491794474841E+03
    0.146700028502340568E+00    0.437344232630312746E+00    0.521931270191924274E+09    0.719310135702158441E+05   -0.135554137385552167E+03
    0.147467233602649350E+00    0.425689142918900032E+00    0.523065525001933813E+09    0.716212863746313669E+05   -0.135557111617975636E+03
    0.135980458659784642E+00    0.425727099937942999E+00    0.527860065956890821E+09    0.721556455748621520E+05   -0.135381106382513565E+03
    0.138939273072939407E+00    0.435756711607740321E+00    0.523239845058674097E+09    0.718149239203349425E+05   -0.135632598778740629E+03
    0.152011351117267685E+00    0.447638381467363899E+00    0.523588916545420527E+09    0.718897516206256551E+05   -0.135597093313908857E+03
    0.145098756861878925E+00    0.435348693108649876E+00    0.525961897969346225E+09    0.721170989389862661E+05   -0.135653081856486097E+03
    0.150766515579892346E+00    0.424144720771991057E+00    0.527662653514596045E+09    0.718657316076645657E+05   -0.135436555082117991E+03
    0.148581253300808958E+00    0.430131046066110745E+00    0.536678872677942276E+09    0.716736683208521426E+05   -0.135794653459016615E+03
    0.150104237131755164E+00    0.419832149536564891E+00    0.532695703720270693E+09    0.712971251621125703E+05   -0.135331078403986197E+03
    0.145857110877953944E+00    0.422709110464021265E+00    0.530947543792713702E+09    0.716127698687991215E+05   -0.135608634808064892E+03
    0.136907009007791958E+00    0.397160987301730106E+00    0.540055144783595681E+09    0.716597416681111499E+05   -0.135138965234632849E+03
    0.116116571168665264E+00    0.447989964519497352E+00    0.542880796560478449E+09    0.718109184512349020E+05   -0.135432071871329640E+03
    0.123746418091948279E+00    0.415413284756907419E+00    0.542704241100104928E+09    0.712657510616969957E+05   -0.135122337515025549E+03
    0.123746418091948279E+00    0.415413284756907419E+00    0.542704241100104928E+09    0.712657510616969957E+05   -0.135122337515025549E+03
    0.131115293477419709E+00    0.398362803809300114E+00    0.541360896055404663E+09    0.710896715998207364E+05   -0.135776094036024006E+03
    0.145154279321362212E+00    0.386897307140701141E+00    0.534548258551170170E+09    0.716037949719191383E+05   -0.135505898829700470E+03
    0.140833095421545984E+00    0.412937263189715686E+00    0.529203242322830617E+09    0.719717548516364332E+05   -0.135539532366823664E+03
    0.125097610829011330E+00    0.414163478523416284E+00    0.528742309140084863E+09    0.724092842684692005E+05   -0.135425313809488330E+03
    0.131636066273929486E+00    0.413681707062671933E+00    0.530336335445484161E+09    0.721268132115473563E+05   -0.135414018591981687E+03
    0.143538064564431911E+00    0.423386938540047275E+00    0.538396786634499073E+09    0.714369978138250590E+05   -0.135775262617924739E+03
    0.143362294676255636E+00    0.422287597868258313E+00    0.537489834944731116E+09    0.709809366986109671E+05   -0.135695565282376236E+03
    0.148840001039979658E+00    0.435926416894890423E+00    0.543052081845828295E+09    0.710317298663525289E+05   -0.135517173635447648E+03
    0.147150501401365735E+00    0.432028244581565080E+00    0.538490054730002642E+09    0.707175484794660297E+05   -0.135418579419893547E+03
    0.144303163250815186E+00    0.422989774045626099E+00    0.537332111563091874E+09    0.706644872370307858E+05   -0.135436403650301941E+03
    0.131369953029788045E+00    0.411027889703382776E+00    0.527634696551297843E+09    0.720048611017381627E+05   -0.135760343047162621E+03
    0.125147210640880718E+00    0.407411532377758956E+00    0.525382206751068294E+09    0.722674063700503903E+05   -0.135800816905965405E+03
    0.154718786502307915E+00    0.407670260166062892E+00    0.527950103086131871E+09    0.693526961570428975E+05   -0.135524338248306663E+03
    0.149942238918818138E+00    0.400331422900921385E+00    0.522837055375537992E+09    0.700339132480440749E+05   -0.135581276866654605E+03
    0.150085723930046128E+00    0.398824095666290734E+00    0.527138302206829786E+09    0.701463437090240768E+05   -0.135493523934728557E+03
    0.147647993045142534E+00    0.396222878681334656E+00    0.526048363338740587E+09    0.700423804155638936E+05   -0.135157882535085093E+03
    0.147647993045142534E+00    0.396222878681334656E+00    0.526048363338740587E+09    0.700423804155638936E+05   -0.135157882535085093E+03
    0.142627096864689773E+00    0.410567900475211189E+00    0.531399338878005862E+09    0.696196371387013642E+05   -0.135157700870512656E+03
    0.141227931659406364E+00    0.411129431869392103E+00    0.532229941296240509E+09    0.700881878913739492E+05   -0.135581233565194793E+03
    0.145419603146075632E+00    0.433104501605933834E+00    0.535178797737470984E+09    0.698743364871998929E+05   -0.135299125441586739E+03
    0.145419603146075632E+00    0.433104501605933834E+00    0.535178797737470984E+09    0.698743364871998929E+05   -0.135299125441586739E+03
    0.147293996731482552E+00    0.430694112010153063E+00    0.536883926236452103E+09    0.700818328862711205E+05   -0.135483559248515974E+03
    0.154817563445298595E+00    0.414526178467978568E+00    0.535930264165177107E+09    0.697955337666121195E+05   -0.135187813839383864E+03
    0.160692820916177120E+00    0.414909062011358021E+00    0.533390018527065575E+09    0.690957330960360268E+05   -0.135537252503801483E+03
    0.152932761536478085E+00    0.421618884848650399E+00    0.533410356245934427E+09    0.694017222215852235E+05   -0.135769733787544737E+03
    0.155348893075344302E+00    0.420639567086948496E+00    0.529948490313976526E+09    0.700300689776004729E+05   -0.135594615894885209E+03
    0.152296945845940140E+00    0.406430748067182268E+00    0.532437506135656774E+09    0.698813170416881330E+05   -0.135787588604839158E+03
    0.154587310336194328E+00    0.405858037117540871E+00    0.530145067127180934E+09    0.698081307910221076E+05   -0.135275948044143547E+03
    0.155786824957575037E+00    0.401386749589350611E+00    0.531522768183519602E+09    0.694766479970288347E+05   -0.135047334889960979E+03
    0.155786824957575037E+00    0.401386749589350611E+00    0.531522768183519602E+09    0.694766479970288347E+05   -0.135047334889960979E+03
    0.167854852834230711E+00    0.410587755426663481E+00    0.528346694952238858E+09    0.699119738498771185E+05   -0.135114771678157524E+03
    0.167854852834230711E+00    0.410587755426663481E+00    0.528346694952238858E+09    0.699119738498771185E+05   -0.135114771678157524E+03
    0.162390378441585936E+00    0.426642068580374456E+00    0.533715627922135115E+09    0.695581890165291115E+05   -0.135710378831367905E+03
    0.152694932669079131E+00    0.433228526121840485E+00    0.532932896895838320E+09    0.694522449721888406E+05   -0.135524915925607445E+03
    0.144033137364745684E+00    0.415696426350571802E+00    0.533708897849062622E+09    0.700576460748041281E+05   -0.135698606034693285E+03
    0.156532370869270160E+00    0.428377277194762929E+00    0.532500089987920165E+09    0.698985472122408682E+05   -0.135532623897733714E+03
    0.172024744292248372E+00    0.421214973847996443E+00    0.528893180447219908E+09    0.695205325437035062E+05   -0.135342616215264940E+03
    0.172024744292248372E+00    0.421214973847996443E+00    0.528893180447219908E+09    0.695205325437035062E+05   -0.135342616215264940E+03
    0.175664706860137215E+00    0.491377445266190538E+00    0.528459703643630147E+09    0.696586489322689740E+05   -0.135552825873850338E+03
    0.149636325871446541E+00    0.453773461020460456E+00    0.532374261236102998E+09    0.706605713852862391E+05   -0.135312500945091585E+03
    0.149636325871446541E+00    0.453773461020460456E+00    0.532374261236102998E+09    0.706605713852862391E+05   -0.135312500945091585E+03
    0.130179437314495106E+00    0.418749598626332542E+00    0.540098852584766388E+09    0.706285454796934791E+05   -0.135162945436491754E+03
    0.130179437314495106E+00    0.418749598626332542E+00    0.540098852584766388E+09    0.706285454796934791E+05   -0.135162945436491754E+03
    0.136469315780318179E+00    0.433713807285335484E+00    0.539667098450527191E+09    0.700399815570283536E+05   -0.135185366756789335E+03
    0.136469315780318179E+00    0.433713807285335484E+00    0.539667098450527191E+09    0.700399815570283536E+05   -0.135185366756789335E+03
    0.127702871693252812E+00    0.425599080254894790E+00    0.540564709620184541E+09    0.703083628767752962E+05   -0.135397909125936053E+03
    0.127541134071578882E+00    0.428544586290950935E+00    0.541627645598413467E+09    0.702744064623037266E+05   -0.135712705540963668E+03
    0.129845241627202318E+00    0.398630154117908031E+00    0.539224338204188228E+09    0.706838782392583089E+05   -0.135050451023247945E+03
    0.129845241627202318E+00    0.398630154117908031E+00    0.539224338204188228E+09    0.706838782392583089E+05   -0.135050451023247945E+03
    0.106188291165213833E+00    0.432578766628198608E+00    0.536555608305361509E+09    0.704054636005531356E+05   -0.135313582931063991E+03
    0.106188291165213833E+00    0.432578766628198608E+00    0.536555608305361509E+09    0.704054636005531356E+05   -0.135313582931063991E+03
    0.114436595463777657E+00    0.440364570133145339E+00    0.539473574223614931E+09    0.707300725629486260E+05   -0.135479427177676598E+03
    0.109353031750200724E+00    0.417706039854559563E+00    0.537059282220078945E+09    0.693577340639454778E+05   -0.135776043423519212E+03
    0.141789969880349948E+00    0.426160303889169256E+00    0.542380855968540668E+09    0.696341646193364431E+05   -0.135627266376882091E+03
    0.143564418858587589E+00    0.420761906680259479E+00    0.550272645468042135E+09    0.688561247333560314E+05   -0.135719502611623483E+03
    0.149290523452908247E+00    0.419704224181902230E+00    0.549543909466789007E+09    0.693033829364892299E+05   -0.135601763183444717E+03
    0.156454789539216987E+00    0.425818026709547937E+00    0.540799079781628489E+09    0.696397121645256848E+05   -0.135605228404452447E+03
    0.155839603382315506E+00    0.430956653321041383E+00    0.543831950504629254E+09    0.697556233964624116E+05   -0.135073073114880401E+03
    0.155839603382315506E+00    0.430956653321041383E+00    0.543831950504629254E+09    0.697556233964624116E+05   -0.135073073114880401E+03
