    0.548866734064234585E+00    0.634204373901674501E+00    0.235010974962048817E+10   -0.129610331903798425E+03
    0.494166684047038118E+00    0.609589667782222122E+00    0.244370125315289688E+10   -0.129604851059316047E+03
    0.633697181126349318E+00    0.604620549914880456E+00    0.219048794437021065E+10   -0.129542783509867832E+03
    0.649811450653889344E+00    0.695725832914042996E+00    0.213446441786331749E+10   -0.129351907593859352E+03
    0.600710113976587579E+00    0.440990098274072650E+00    0.221272818807664490E+10   -0.128192153717571557E+03
    0.535210478814231894E+00    0.616416137767179961E+00    0.233875484728033876E+10   -0.128162848026706797E+03
    0.611554171865959284E+00    0.466728527616570688E+00    0.222834768764421606E+10   -0.128063844071482606E+03
    0.530414460447506730E+00    0.615213467168015171E+00    0.239247238955924225E+10   -0.127647859530907880E+03
    0.579965598308933017E+00    0.684262750353374472E+00    0.225265764827469683E+10   -0.127539372893507647E+03
    0.579979802814007739E+00    0.654845780745819894E+00    0.230904380499492550E+10   -0.127492987712525178E+03
    0.553425969870616652E+00    0.688081002814790565E+00    0.233669146445038843E+10   -0.127437105578948078E+03
    0.562773227078123162E+00    0.591359057071485950E+00    0.227714147106041765E+10   -0.127431948798285177E+03
    0.574493089913605925E+00    0.651275947721190462E+00    0.226084737858901453E+10   -0.127176272926038237E+03
    0.564770302321356943E+00    0.546373164058183036E+00    0.230687047067122269E+10   -0.127172545135590852E+03
    0.628557116336438182E+00    0.603295619318622300E+00    0.221930640501036787E+10   -0.127157873725913674E+03
    0.618952863301989509E+00    0.454096978830829556E+00    0.220600653314386034E+10   -0.127148555020409106E+03
    0.641104891225901641E+00    0.650003013352009162E+00    0.216053189572737169E+10   -0.127105251232925880E+03
    0.566194037670511019E+00    0.594768899247828386E+00    0.230698411711582279E+10   -0.127075147947887501E+03
    0.583512503624775136E+00    0.611796241746047187E+00    0.229139372885020447E+10   -0.126992258533387712E+03
    0.510897022534942069E+00    0.525842289431000864E+00    0.242937481693349981E+10   -0.126968754155990013E+03
    0.598028096744123161E+00    0.503009843203866325E+00    0.224336553010428524E+10   -0.126938958743698038E+03
    0.611895885095853131E+00    0.591794887683057880E+00    0.222101419053147602E+10   -0.126934434826785093E+03
    0.591334178974498137E+00    0.668188127750271477E+00    0.222536081148984814E+10   -0.126813877058328401E+03
    0.534286803999241888E+00    0.551688389480764485E+00    0.236850324134777880E+10   -0.126778552707344971E+03
    0.528009070783862722E+00    0.609160776077303012E+00    0.235619260742764711E+10   -0.126709590055240000E+03
    0.553915644560660891E+00    0.559659876167737380E+00    0.230699801953621626E+10   -0.126696447198861620E+03
    0.566671508363731591E+00    0.574051310974013518E+00    0.231845181288164520E+10   -0.126679230509329898E+03
    0.529698990165333172E+00    0.563958523278650148E+00    0.237270177674391031E+10   -0.126668633358420124E+03
    0.557613900547979879E+00    0.663058798144604111E+00    0.230270259537289000E+10   -0.126572793314161075E+03
    0.531851005252812592E+00    0.556471735154604019E+00    0.233829956796191454E+10   -0.126543443726196074E+03
    0.580925028958377609E+00    0.551752316654015473E+00    0.225128342480799818E+10   -0.126489756461205474E+03
    0.603194285680440090E+00    0.599865502992582122E+00    0.221865153151188850E+10   -0.126474496595269599E+03
    0.556804889741742026E+00    0.582675690073859442E+00    0.229256508811810255E+10   -0.126447241968827598E+03
    0.618792438227481534E+00    0.528589391888447224E+00    0.219222912237454319E+10   -0.126432938489341552E+03
    0.590389766062897725E+00    0.639198125757351576E+00    0.225878315934507465E+10   -0.126376159083054389E+03
    0.518563511761695017E+00    0.591372723881233853E+00    0.238194805496120930E+10   -0.126368525454088854E+03
    0.583173645435151933E+00    0.599805959742379713E+00    0.224265253129951668E+10   -0.126361082862507928E+03
    0.622271992215502112E+00    0.612512613264804884E+00    0.220656436724975491E+10   -0.126319130635482722E+03
    0.545699054817155749E+00    0.497905566505849606E+00    0.231310463397303677E+10   -0.126174559085332959E+03
    0.515784551812142000E+00    0.491689293756882861E+00    0.241217429651044321E+10   -0.126164584281993882E+03
    0.557589130867145899E+00    0.558548798232568089E+00    0.233755018357578707E+10   -0.126154123463714114E+03
    0.516677549423070648E+00    0.670772883823367749E+00    0.238345954913926983E+10   -0.126139724263836754E+03
    0.612190654753752339E+00    0.567166400070620469E+00    0.220732558683897924E+10   -0.126073623642364225E+03
    0.620778600499390598E+00    0.556463406369394065E+00    0.220084266567701101E+10   -0.126047958239432688E+03
    0.636187350273318075E+00    0.694654853664731675E+00    0.221506154455957842E+10   -0.126047297198243697E+03
    0.607368463838463990E+00    0.510938721686695629E+00    0.221333791682701159E+10   -0.126015987353290043E+03
    0.553363640826673109E+00    0.498769720924876481E+00    0.229719266932743263E+10   -0.125995685380719834E+03
    0.541679497886488726E+00    0.419972561909949249E+00    0.232358248196847868E+10   -0.125904468153334591E+03
    0.529820829205647659E+00    0.602026860857039381E+00    0.237045930583165359E+10   -0.125893915033129105E+03
    0.564866100412834471E+00    0.574324358004790980E+00    0.231593062889169312E+10   -0.125881794372114669E+03
    0.552526367330770318E+00    0.667867301940423985E+00    0.233585752089322376E+10   -0.125873913731430406E+03
    0.553272596405550376E+00    0.587870700373853694E+00    0.232069780476989317E+10   -0.125873609765524506E+03
    0.542377192551985909E+00    0.609565388537369302E+00    0.233520066097941256E+10   -0.125839516233078626E+03
    0.534792237059746101E+00    0.675176041823915440E+00    0.235089345740499163E+10   -0.125837195596203244E+03
    0.619746140005611901E+00    0.674403903487249323E+00    0.219159567320661402E+10   -0.125796880790778403E+03
    0.589056113334953779E+00    0.668300047404276398E+00    0.228020630408157778E+10   -0.125774209199917578E+03
    0.541910030228608619E+00    0.535856799864626865E+00    0.232679697063464403E+10   -0.125764682279271071E+03
    0.605101491212530984E+00    0.634253325637832432E+00    0.221655369053384638E+10   -0.125744355067999123E+03
    0.510557058060654434E+00    0.621501095841727746E+00    0.239297678018919039E+10   -0.125736966968149218E+03
    0.609342095139931317E+00    0.463794259880746296E+00    0.220450450874203491E+10   -0.125734719791508041E+03
    0.557903882233378168E+00    0.563617507188054034E+00    0.229091976952573109E+10   -0.125732379274976353E+03
    0.503764081993499646E+00    0.516397817723435182E+00    0.242537558458927250E+10   -0.125732136574731783E+03
    0.551998503524210871E+00    0.687107399312782974E+00    0.233385236168393707E+10   -0.125729798400005393E+03
    0.540517534238892150E+00    0.583048610302874692E+00    0.236622648047415304E+10   -0.125706200234560939E+03
    0.539254966058548502E+00    0.613526738109426262E+00    0.233976330280469847E+10   -0.125695506010240038E+03
    0.578602809794746986E+00    0.696985423290843897E+00    0.228647823832954979E+10   -0.125695478586282917E+03
    0.560052782029440643E+00    0.580731162084493491E+00    0.228219373005001259E+10   -0.125672225526321967E+03
    0.571882823382095062E+00    0.441554557088606359E+00    0.227963498416401529E+10   -0.125647584449678178E+03
    0.535183428339958023E+00    0.521965511259896431E+00    0.236178562966395378E+10   -0.125612066280048566E+03
    0.553638292342314764E+00    0.592822557492612034E+00    0.233311510742094851E+10   -0.125608551020863700E+03
    0.545030700044950356E+00    0.556763350564393633E+00    0.235296273380228853E+10   -0.125598540902618339E+03
    0.601365177563255693E+00    0.662558394947073026E+00    0.222321931766364813E+10   -0.125575970162305865E+03
    0.622151192090552474E+00    0.667752527626991110E+00    0.219785290285590076E+10   -0.125571045703024510E+03
    0.609285877194218006E+00    0.641865055993886102E+00    0.221579744773297453E+10   -0.125534167412309415E+03
    0.626510625536049748E+00    0.687151297336130895E+00    0.219980140350158119E+10   -0.125472348434686666E+03
    0.565897996225684374E+00    0.579651332748387205E+00    0.231487739159671402E+10   -0.125439939641405772E+03
    0.549430687879888802E+00    0.629680850144026749E+00    0.234571089221737576E+10   -0.125438710494664818E+03
    0.550503158297801609E+00    0.653427885981400891E+00    0.232267932678387928E+10   -0.125401046786305912E+03
    0.607129220342240816E+00    0.559414733141853304E+00    0.222520484591002035E+10   -0.125381097523867112E+03
    0.607129220342240816E+00    0.559414733141853304E+00    0.222520484591002035E+10   -0.125381097523867112E+03
    0.588261467838539387E+00    0.568390121583670194E+00    0.227494331444863224E+10   -0.125316569924196500E+03
    0.646250570970831384E+00    0.707682453061702077E+00    0.218450000678697252E+10   -0.125310044176766070E+03
    0.646250570970831384E+00    0.707682453061702077E+00    0.218450000678697252E+10   -0.125310044176766070E+03
    0.610476057563407282E+00    0.534059650149217191E+00    0.222821426604351425E+10   -0.125296169081896977E+03
    0.610476057563407282E+00    0.534059650149217191E+00    0.222821426604351425E+10   -0.125296169081896977E+03
    0.593508200246987028E+00    0.651015804968942291E+00    0.224439958109102774E+10   -0.125293390271013806E+03
    0.593508200246987028E+00    0.651015804968942291E+00    0.224439958109102774E+10   -0.125293390271013806E+03
    0.601020917664482290E+00    0.649956565783293527E+00    0.224112673373742342E+10   -0.125293052778183537E+03
    0.514382952767839852E+00    0.450172718052863630E+00    0.240590096232985306E+10   -0.125271068037646359E+03
    0.549550532380061241E+00    0.617543111058740379E+00    0.232057883187855339E+10   -0.125261531871916503E+03
    0.578742218054330237E+00    0.611792135955770533E+00    0.228043860688859940E+10   -0.125250488409877221E+03
    0.546854945657998415E+00    0.576408555003816048E+00    0.233494900283195591E+10   -0.125223927164623248E+03
    0.566037991868429180E+00    0.574305833243736075E+00    0.230341238635608816E+10   -0.125222122032899733E+03
    0.539974783619007082E+00    0.615156336815257276E+00    0.234165594464146376E+10   -0.125214007264209997E+03
    0.551288917698925407E+00    0.662940383710575176E+00    0.232151066036798811E+10   -0.125212476227338172E+03
    0.544281079484584707E+00    0.513894775020954597E+00    0.235166262903717136E+10   -0.125192878133294244E+03
    0.543045741340739019E+00    0.662084185408730264E+00    0.234754483484844351E+10   -0.125176744506821493E+03
    0.534233052927608032E+00    0.682760836486014711E+00    0.234493569781992531E+10   -0.125167269355850891E+03
    0.532678364258082238E+00    0.597933098345727387E+00    0.235409310969527483E+10   -0.125158200784217215E+03
    0.542674358838367010E+00    0.569813329265777213E+00    0.233171765484683752E+10   -0.125136812659299608E+03
    0.567564104622713894E+00    0.601655174225506073E+00    0.230628437974561310E+10   -0.125126029930015108E+03
    0.550556423379965798E+00    0.619127600457682448E+00    0.231182872333754826E+10   -0.125121798219970572E+03
    0.511732195826943514E+00    0.502137041845294618E+00    0.240512315463672733E+10   -0.125115565963008621E+03
    0.511732195826943514E+00    0.502137041845294618E+00    0.240512315463672733E+10   -0.125115565963008621E+03
    0.572449301230404606E+00    0.638779824813218156E+00    0.227683794726342297E+10   -0.125114569597232943E+03
    0.566086333564985167E+00    0.562894506526026461E+00    0.229136294288132095E+10   -0.125106874054982114E+03
    0.584173921469565371E+00    0.499402502127084702E+00    0.226118915079005575E+10   -0.125089811410718013E+03
    0.502938268913673769E+00    0.564078180016922559E+00    0.241809625842797518E+10   -0.125033028433346743E+03
    0.573396064899764801E+00    0.722957613972209145E+00    0.229831157805580807E+10   -0.125031241022504219E+03
    0.549509519510991362E+00    0.575859235915626044E+00    0.232398518422015858E+10   -0.125024320023330404E+03
    0.549509519510991362E+00    0.575859235915626044E+00    0.232398518422015858E+10   -0.125024320023330404E+03
    0.519677381357668278E+00    0.566368273892168261E+00    0.237745698536997414E+10   -0.125019814932161140E+03
    0.519677381357668278E+00    0.566368273892168261E+00    0.237745698536997414E+10   -0.125019814932161140E+03
    0.560231227968865042E+00    0.497940793399070714E+00    0.229273759756530380E+10   -0.125005553444973188E+03
    0.609012844089800942E+00    0.661900505669555272E+00    0.222930730217120934E+10   -0.124967767342020025E+03
    0.609012844089800942E+00    0.661900505669555272E+00    0.222930730217120934E+10   -0.124967767342020025E+03
    0.552025869758461574E+00    0.616288484462597097E+00    0.232630778938625431E+10   -0.124965572728858902E+03
    0.582913296046426499E+00    0.539258646477492221E+00    0.224843443262483788E+10   -0.124963573459085410E+03
    0.582913296046426499E+00    0.539258646477492221E+00    0.224843443262483788E+10   -0.124963573459085410E+03
    0.555281293893091776E+00    0.558096703374976855E+00    0.232465569904479313E+10   -0.124960877209529301E+03
    0.524668741031609098E+00    0.604236481557613558E+00    0.238717427781843710E+10   -0.124905496961123021E+03
    0.524668741031609098E+00    0.604236481557613558E+00    0.238717427781843710E+10   -0.124905496961123021E+03
    0.543607726894815069E+00    0.557975131307307137E+00    0.234155470437159681E+10   -0.124872914488553818E+03
    0.543607726894815069E+00    0.557975131307307137E+00    0.234155470437159681E+10   -0.124872914488553818E+03
    0.521545069383499760E+00    0.560090531787412971E+00    0.239324100083350372E+10   -0.124856158032855703E+03
    0.555267159580069447E+00    0.530216634791635499E+00    0.231411209502012968E+10   -0.124855976707068521E+03
    0.565513520972859896E+00    0.495211896400684637E+00    0.228694186644880676E+10   -0.124838313495468185E+03
    0.556434913249207352E+00    0.588651597139689287E+00    0.231143632252093458E+10   -0.124838176506377224E+03
    0.561247547152773474E+00    0.614515919482389705E+00    0.230843854187627649E+10   -0.124836029680632933E+03
    0.560188312300057389E+00    0.568829895292068954E+00    0.233361675080192471E+10   -0.124823732754274090E+03
    0.531932997736504376E+00    0.579188229295933610E+00    0.235343505472293043E+10   -0.124810787632477727E+03
    0.554333199865652881E+00    0.630539756586529165E+00    0.230964491826914501E+10   -0.124807989919232426E+03
    0.570338693832865062E+00    0.573971649293063990E+00    0.228132238891863585E+10   -0.124802130249984430E+03
    0.586871169420982275E+00    0.549659587082713230E+00    0.224921491558230019E+10   -0.124789446112212659E+03
    0.572602167814463270E+00    0.638030412453588269E+00    0.227992281891330862E+10   -0.124780114236051531E+03
    0.572602167814463270E+00    0.638030412453588269E+00    0.227992281891330862E+10   -0.124780114236051531E+03
    0.565914975302816425E+00    0.625513697891907583E+00    0.230238683351136112E+10   -0.124745357698911022E+03
    0.565914975302816425E+00    0.625513697891907583E+00    0.230238683351136112E+10   -0.124745357698911022E+03
    0.557552756413933315E+00    0.536706585050964691E+00    0.231082523876397943E+10   -0.124732249789430455E+03
    0.558591626771158478E+00    0.520551371765439086E+00    0.231666609046611357E+10   -0.124721813860717390E+03
    0.548065303044586560E+00    0.644194424584984660E+00    0.231802720273117113E+10   -0.124686576698055646E+03
    0.537017791159478897E+00    0.538151763272109562E+00    0.236222109344970512E+10   -0.124682204465453353E+03
    0.544790392439858495E+00    0.626428806782676872E+00    0.233319098832035875E+10   -0.124665828834423706E+03
    0.558755299060581523E+00    0.638014650026995866E+00    0.233449863314192867E+10   -0.124640509550533778E+03
    0.545855016117319569E+00    0.672670296736306739E+00    0.232905883445495939E+10   -0.124618829035028483E+03
    0.513392015267864377E+00    0.576708418207614315E+00    0.240054233723822927E+10   -0.124615467586732805E+03
    0.546067089716478660E+00    0.595750699234958603E+00    0.234037600304739571E+10   -0.124602887904241115E+03
    0.546067089716478660E+00    0.595750699234958603E+00    0.234037600304739571E+10   -0.124602887904241115E+03
    0.560279889642792739E+00    0.638585641630452727E+00    0.232972371801597214E+10   -0.124596022448365062E+03
    0.592630544384634583E+00    0.548031834386431882E+00    0.225900867981162167E+10   -0.124592244607088674E+03
    0.525332721579376605E+00    0.536990867793036841E+00    0.237385411814800692E+10   -0.124589763369459163E+03
    0.525332721579376605E+00    0.536990867793036841E+00    0.237385411814800692E+10   -0.124589763369459163E+03
    0.582013078442969900E+00    0.594382710303369421E+00    0.226533756608159256E+10   -0.124577520142795692E+03
    0.518996858431655994E+00    0.529394733775685467E+00    0.238733478007626343E+10   -0.124573218249600956E+03
    0.518996858431655994E+00    0.529394733775685467E+00    0.238733478007626343E+10   -0.124573218249600956E+03
    0.589258231765368068E+00    0.651729610844064666E+00    0.225433704487431240E+10   -0.124562887676351423E+03
    0.547856449219247699E+00    0.669586022719176555E+00    0.234451996355591774E+10   -0.124554127458727066E+03
    0.547856449219247699E+00    0.669586022719176555E+00    0.234451996355591774E+10   -0.124554127458727066E+03
    0.560673189658931648E+00    0.532586309257997215E+00    0.232244587005269861E+10   -0.124553611380041190E+03
    0.560673189658931648E+00    0.532586309257997215E+00    0.232244587005269861E+10   -0.124553611380041190E+03
    0.545858824009078258E+00    0.595025403497874805E+00    0.234386383228352404E+10   -0.124552713555631314E+03
    0.592965693167471164E+00    0.510670198530483788E+00    0.223976402172588444E+10   -0.124539215214769769E+03
    0.592965693167471164E+00    0.510670198530483788E+00    0.223976402172588444E+10   -0.124539215214769769E+03
    0.527317979523991731E+00    0.555506190505353104E+00    0.237895463320103502E+10   -0.124513565592828186E+03
    0.527317979523991731E+00    0.555506190505353104E+00    0.237895463320103502E+10   -0.124513565592828186E+03
    0.576467576291854966E+00    0.664430033424556754E+00    0.228275178888076544E+10   -0.124505986136752000E+03
    0.575583402353341600E+00    0.585239517433343792E+00    0.227696822749321270E+10   -0.124503340283483055E+03
    0.547978695240315838E+00    0.576654916732707079E+00    0.234946499771132851E+10   -0.124503045676033594E+03
    0.537036775705223124E+00    0.596342076888745964E+00    0.235485938426098633E+10   -0.124484240686749871E+03
    0.572037728078242713E+00    0.468313648606526911E+00    0.227587308345701218E+10   -0.124473054405326479E+03
    0.560035014246780816E+00    0.642388001163718414E+00    0.229774660061639881E+10   -0.124468423300054624E+03
    0.560035014246780816E+00    0.642388001163718414E+00    0.229774660061639881E+10   -0.124468423300054624E+03
    0.545939284349321041E+00    0.502496769213820471E+00    0.232944448529461002E+10   -0.124435737638461745E+03
    0.545939284349321041E+00    0.502496769213820471E+00    0.232944448529461002E+10   -0.124435737638461745E+03
    0.552609831355094894E+00    0.633740673236021124E+00    0.233423549820677853E+10   -0.124434012548684834E+03
    0.552609831355094894E+00    0.633740673236021124E+00    0.233423549820677853E+10   -0.124434012548684834E+03
    0.553389956550270790E+00    0.616235523575522137E+00    0.231052346300968599E+10   -0.124423605721364666E+03
    0.553389956550270790E+00    0.616235523575522137E+00    0.231052346300968599E+10   -0.124423605721364666E+03
    0.573010116591877505E+00    0.592638898086292443E+00    0.229537681763588381E+10   -0.124407970847242865E+03
    0.573010116591877505E+00    0.592638898086292443E+00    0.229537681763588381E+10   -0.124407970847242865E+03
    0.494563031847732038E+00    0.616674000396944422E+00    0.243094166068580675E+10   -0.124402736172876104E+03
    0.633127227852886887E+00    0.697019201270595801E+00    0.219817562399981260E+10   -0.124392106548297278E+03
    0.633127227852886887E+00    0.697019201270595801E+00    0.219817562399981260E+10   -0.124392106548297278E+03
    0.553473687202733267E+00    0.589731296597918231E+00    0.233709168973912525E+10   -0.124382895942644041E+03
    0.553473687202733267E+00    0.589731296597918231E+00    0.233709168973912525E+10   -0.124382895942644041E+03
    0.542803803858911027E+00    0.607952159664433722E+00    0.234821691577427864E+10   -0.124378131980639694E+03
    0.537670757690448475E+00    0.634352651588594441E+00    0.235474128708418226E+10   -0.124375031284183763E+03
    0.537670757690448475E+00    0.634352651588594441E+00    0.235474128708418226E+10   -0.124375031284183763E+03
    0.576212782229353127E+00    0.589376718025864221E+00    0.226729690350754929E+10   -0.124372072803226231E+03
    0.576212782229353127E+00    0.589376718025864221E+00    0.226729690350754929E+10   -0.124372072803226231E+03
    0.595547616215796216E+00    0.561806001980366787E+00    0.224688328035942364E+10   -0.124370099790761216E+03
    0.634498281362908867E+00    0.683679395450580429E+00    0.218557607914256048E+10   -0.124355191252279241E+03
    0.551495521353758011E+00    0.559348034884108003E+00    0.233778713014047670E+10   -0.124352434836206612E+03
    0.551495521353758011E+00    0.559348034884108003E+00    0.233778713014047670E+10   -0.124352434836206612E+03
    0.575382268060080193E+00    0.585128798179763265E+00    0.228151763771410275E+10   -0.124338585068732911E+03
    0.555810238927054501E+00    0.522182987849532765E+00    0.233334135491769886E+10   -0.124336245023312941E+03
    0.558609419598641077E+00    0.566147615166883611E+00    0.232393815944439697E+10   -0.124332026911126263E+03
    0.530153182562305370E+00    0.653232554991872050E+00    0.236958642625188208E+10   -0.124327014545624138E+03
    0.560350098497061078E+00    0.600329588263996072E+00    0.230832072348132229E+10   -0.124320370783769349E+03
    0.536702908670370293E+00    0.634760799856199043E+00    0.235168316106821203E+10   -0.124315522336033069E+03
    0.547157845293311684E+00    0.509361069667182420E+00    0.234099186479283333E+10   -0.124313630074454551E+03
    0.557632755501140553E+00    0.516522411146702609E+00    0.232004281228178215E+10   -0.124297097027808348E+03
    0.557632755501140553E+00    0.516522411146702609E+00    0.232004281228178215E+10   -0.124297097027808348E+03
    0.546463161371617101E+00    0.555117686054739323E+00    0.234055141805661535E+10   -0.124282779519997362E+03
    0.546463161371617101E+00    0.555117686054739323E+00    0.234055141805661535E+10   -0.124282779519997362E+03
    0.562026172267927171E+00    0.651200250684397020E+00    0.230616178920496559E+10   -0.124277523543022454E+03
    0.562026172267927171E+00    0.651200250684397020E+00    0.230616178920496559E+10   -0.124277523543022454E+03
    0.556919877233124083E+00    0.482978422668436380E+00    0.229993396018896914E+10   -0.124274955211219122E+03
    0.556919877233124083E+00    0.482978422668436380E+00    0.229993396018896914E+10   -0.124274955211219122E+03
    0.580982909844325657E+00    0.593675285898992655E+00    0.226580997164915991E+10   -0.124272607640493021E+03
    0.535043049755124400E+00    0.646543147472369739E+00    0.236356365882902575E+10   -0.124264463537094343E+03
    0.590700260180583525E+00    0.610722946783377907E+00    0.224654040440156937E+10   -0.124264120057745487E+03
    0.587974009986748536E+00    0.638119605783442623E+00    0.227590641902010059E+10   -0.124252925439742228E+03
    0.566699262837273898E+00    0.647459235552425127E+00    0.229602345524532938E+10   -0.124240452615615283E+03
    0.566699262837273898E+00    0.647459235552425127E+00    0.229602345524532938E+10   -0.124240452615615283E+03
    0.578698540902103709E+00    0.499954393464287605E+00    0.226483949789923906E+10   -0.124231065178619900E+03
    0.578698540902103709E+00    0.499954393464287605E+00    0.226483949789923906E+10   -0.124231065178619900E+03
    0.575990990544966053E+00    0.599617088448333391E+00    0.226342478501037979E+10   -0.124223172193878185E+03
    0.562929838356183709E+00    0.581342799245687658E+00    0.229446887924106455E+10   -0.124208965418208692E+03
    0.562929838356183709E+00    0.581342799245687658E+00    0.229446887924106455E+10   -0.124208965418208692E+03
    0.594331592529552921E+00    0.672018135326041488E+00    0.224807010044386721E+10   -0.124201862864338665E+03
    0.545079610799110492E+00    0.607336612400143139E+00    0.233438333428255033E+10   -0.124200250387473062E+03
    0.540748628174561818E+00    0.677551759338266280E+00    0.235786370644591093E+10   -0.124180740729905096E+03
    0.540748628174561818E+00    0.677551759338266280E+00    0.235786370644591093E+10   -0.124180740729905096E+03
    0.584041602634014279E+00    0.595366023734523964E+00    0.227559249402910948E+10   -0.124176626243945805E+03
    0.584041602634014279E+00    0.595366023734523964E+00    0.227559249402910948E+10   -0.124176626243945805E+03
    0.540720188441132565E+00    0.567675377673078074E+00    0.233016040159154320E+10   -0.124166371679067808E+03
    0.556663883345910548E+00    0.569505232836293729E+00    0.231429023879940462E+10   -0.124163689345279693E+03
    0.585563378812166024E+00    0.688349641060971962E+00    0.227442801348333406E+10   -0.124162576774158879E+03
    0.585563378812166024E+00    0.688349641060971962E+00    0.227442801348333406E+10   -0.124162576774158879E+03
    0.533211508407113510E+00    0.463948560209708205E+00    0.235841251344274139E+10   -0.124153993461403672E+03
    0.533211508407113510E+00    0.463948560209708205E+00    0.235841251344274139E+10   -0.124153993461403672E+03
    0.599471298306854750E+00    0.685334512922802119E+00    0.223397750892907238E+10   -0.124150194039722351E+03
    0.592079797132996855E+00    0.540562372103575939E+00    0.224784674417146969E+10   -0.124141027552324090E+03
    0.592079797132996855E+00    0.540562372103575939E+00    0.224784674417146969E+10   -0.124141027552324090E+03
    0.587137350843217720E+00    0.650715662051968735E+00    0.227205577947578478E+10   -0.124139962307833514E+03
    0.536447488685911078E+00    0.470366666050416882E+00    0.235233599812938499E+10   -0.124128772109939888E+03
    0.536063522354190081E+00    0.564196576732063804E+00    0.233767409849333334E+10   -0.124112593588789963E+03
    0.592430054477503187E+00    0.605434388168024640E+00    0.224906369841884041E+10   -0.124099315315648610E+03
    0.538066328558188034E+00    0.684838498975931742E+00    0.235443792269907904E+10   -0.124090299232048295E+03
    0.538066328558188034E+00    0.684838498975931742E+00    0.235443792269907904E+10   -0.124090299232048295E+03
    0.583496390502660445E+00    0.609285119751341142E+00    0.225704402214965677E+10   -0.124086561723581326E+03
    0.536701665501937653E+00    0.598874862743501879E+00    0.235980745876484919E+10   -0.124085112208915262E+03
    0.547587329683793755E+00    0.549342209117352098E+00    0.232095564729560232E+10   -0.124082236567207843E+03
    0.569787022932035758E+00    0.560975437716519920E+00    0.230315842640134716E+10   -0.124079392404513229E+03
    0.537516914383529665E+00    0.635819794420919848E+00    0.236041671947213364E+10   -0.124074920923392938E+03
    0.544339233474004258E+00    0.512162660661976687E+00    0.233653049034292412E+10   -0.124070347237832237E+03
    0.562439272482770702E+00    0.579051979445992515E+00    0.230148568500607300E+10   -0.124066177558686960E+03
    0.604395573216180981E+00    0.695759648036979428E+00    0.223853562482468891E+10   -0.124066067352731892E+03
    0.580541841973852057E+00    0.674457104664449858E+00    0.226915140374183798E+10   -0.124061687324527412E+03
    0.540850704995520126E+00    0.555584511808053350E+00    0.234441143008180571E+10   -0.124058799109368977E+03
    0.556061015344350928E+00    0.606140862199515240E+00    0.229811785987699509E+10   -0.124055074370382911E+03
    0.548375608817315841E+00    0.564715169492625790E+00    0.231735801522460985E+10   -0.124050535185958665E+03
    0.556200998886805520E+00    0.547984376859460554E+00    0.231220686997481966E+10   -0.124045423207784481E+03
    0.548196169672412470E+00    0.598739254144771138E+00    0.233623870341104126E+10   -0.124042183849660120E+03
    0.565108780742358152E+00    0.589162509652529920E+00    0.230730379138015079E+10   -0.124036753334071761E+03
    0.565108780742358152E+00    0.589162509652529920E+00    0.230730379138015079E+10   -0.124036753334071761E+03
    0.552092292979539323E+00    0.427549403239487091E+00    0.231217604548512125E+10   -0.124036556523086816E+03
    0.535506155828147645E+00    0.650345839456683450E+00    0.235879883085495520E+10   -0.124028651066058416E+03
    0.585132979924071650E+00    0.595656571280706260E+00    0.225793551298080254E+10   -0.124027704025426075E+03
    0.538133218759338727E+00    0.576570916765813735E+00    0.234221025020859766E+10   -0.124022593377914333E+03
    0.553673650281373608E+00    0.675254448882915526E+00    0.233277406400192738E+10   -0.124013776961113876E+03
    0.530293509100528193E+00    0.683216706504765625E+00    0.236494254115258455E+10   -0.124012782782199622E+03
    0.562541502473285271E+00    0.597953458686484751E+00    0.229377634790540981E+10   -0.124007868162947474E+03
    0.553964103531160323E+00    0.666720342024781587E+00    0.233565302342219114E+10   -0.124001529056618210E+03
    0.563553311356179698E+00    0.579180662223159004E+00    0.229225213036358643E+10   -0.123999069782045538E+03
    0.558324542708345639E+00    0.599437838132487855E+00    0.232372976580900192E+10   -0.123998668309728686E+03
    0.577548816691881517E+00    0.678375436471545967E+00    0.228109522814177465E+10   -0.123998517739016080E+03
    0.586385811412790003E+00    0.639449848339321392E+00    0.225801693115596199E+10   -0.123995944348621336E+03
    0.584726461266608211E+00    0.653747552891024597E+00    0.226776166127195644E+10   -0.123993123776175096E+03
    0.591474843473218992E+00    0.671463697792871628E+00    0.224939803805313396E+10   -0.123988437996691943E+03
    0.566822819417382995E+00    0.643577789855546811E+00    0.228070254670058155E+10   -0.123982277620917472E+03
    0.549224485992120370E+00    0.586535269952985772E+00    0.234093173984336472E+10   -0.123981973760295546E+03
    0.584355268724056631E+00    0.602850347769122052E+00    0.225514658900029421E+10   -0.123975598845086921E+03
    0.593092684264700631E+00    0.531466852827096048E+00    0.225070710748101425E+10   -0.123972442708558873E+03
    0.539296420341794591E+00    0.607908810631583307E+00    0.233733302138431025E+10   -0.123971323503630074E+03
    0.555828940444463293E+00    0.620076878863189407E+00    0.233065690863236475E+10   -0.123970588622091554E+03
    0.586930446423964636E+00    0.611757019217520792E+00    0.225117170242208910E+10   -0.123963053933653129E+03
    0.587230476763725528E+00    0.687316775253556500E+00    0.226030835146364737E+10   -0.123959881937787316E+03
    0.576800720154066804E+00    0.669767516676728292E+00    0.228797164502784109E+10   -0.123958748482880708E+03
    0.575034192493735885E+00    0.620228535717997076E+00    0.229728527216117620E+10   -0.123945157313844831E+03
    0.523551544227573107E+00    0.588202502879401123E+00    0.237335404170176268E+10   -0.123939760463642557E+03
    0.541952357065611290E+00    0.562152788716961282E+00    0.234795172161940289E+10   -0.123930900344069954E+03
    0.591222491283087348E+00    0.601490830781656882E+00    0.224695529686656427E+10   -0.123930209812372709E+03
    0.550712829061027254E+00    0.589503736481463037E+00    0.232944131753389740E+10   -0.123922910539089330E+03
    0.561460892856224247E+00    0.560875630222266608E+00    0.231796018531810427E+10   -0.123919914764508974E+03
    0.556403484586629915E+00    0.546754732713157665E+00    0.231409121137169313E+10   -0.123914299928168646E+03
    0.562181020021210842E+00    0.530713598007393372E+00    0.229219422733287287E+10   -0.123901060426848900E+03
    0.562474313339679899E+00    0.573759171169411886E+00    0.230185946958760881E+10   -0.123896021481455307E+03
    0.564808737071725298E+00    0.537723286995664296E+00    0.230940869171537256E+10   -0.123883844976375485E+03
    0.559242502106078065E+00    0.554140439222223335E+00    0.230019820768750286E+10   -0.123865651170091553E+03
    0.558683121126003046E+00    0.598261940525542713E+00    0.230729151508857489E+10   -0.123860054709879421E+03
    0.550154434418895555E+00    0.602811407370897001E+00    0.232200284845605564E+10   -0.123852068384091453E+03
    0.610399337969826150E+00    0.683342368009263623E+00    0.223324176743063164E+10   -0.123851765889256086E+03
    0.570984527962796307E+00    0.630290691302581862E+00    0.230249118341608381E+10   -0.123844593661075720E+03
    0.537042670482025475E+00    0.595899111632451906E+00    0.235887181185220575E+10   -0.123838306984487346E+03
    0.557280493941867738E+00    0.601407125517566143E+00    0.230509561527741909E+10   -0.123834461898489025E+03
    0.545326091205299179E+00    0.543376190950890958E+00    0.232429759460451221E+10   -0.123833325908549881E+03
    0.563939519807829748E+00    0.549125857790283334E+00    0.230713140681897116E+10   -0.123824355068370295E+03
    0.583600077873761558E+00    0.620716137816167191E+00    0.225890679635297918E+10   -0.123821719239228287E+03
    0.575909664428180701E+00    0.618491591896226822E+00    0.228449871917056704E+10   -0.123820736432199510E+03
    0.600253433078886123E+00    0.652067106579135469E+00    0.224491696766704798E+10   -0.123819100503007661E+03
    0.537471045114430779E+00    0.585977555428831565E+00    0.234873953615440941E+10   -0.123818884600089859E+03
    0.593617965344733656E+00    0.622143644404079765E+00    0.224723706322096109E+10   -0.123813283037978906E+03
    0.542053251572284789E+00    0.599154375207046286E+00    0.234370905704353094E+10   -0.123802815857561299E+03
    0.524759702934819550E+00    0.479222071047544773E+00    0.237241634603242826E+10   -0.123797062877919714E+03
    0.573814596618893114E+00    0.591199606456589422E+00    0.229307197341336870E+10   -0.123796434342997486E+03
    0.555960533494497144E+00    0.584687805297637198E+00    0.231642512045406103E+10   -0.123789998706509579E+03
    0.570555714832571503E+00    0.683496347027169548E+00    0.228844208201309776E+10   -0.123788025651180192E+03
    0.536356544022105086E+00    0.558778274275548270E+00    0.235232987419772959E+10   -0.123775846273794855E+03
    0.544269909138957564E+00    0.584967092424513169E+00    0.233500870962072277E+10   -0.123757022577668096E+03
    0.592294662350251411E+00    0.607749478863450321E+00    0.225859190918696928E+10   -0.123754123905631616E+03
    0.552108661901892117E+00    0.535504020523649871E+00    0.231819748847133446E+10   -0.123737926540810108E+03
    0.542990243732012767E+00    0.582220182519996854E+00    0.233129671812809467E+10   -0.123732595739172638E+03
    0.579796708116455561E+00    0.680047798013102778E+00    0.226814626402698231E+10   -0.123729596366367915E+03
    0.556985021681182246E+00    0.598807715730632850E+00    0.231418903418283939E+10   -0.123727144278148728E+03
    0.547519496266446248E+00    0.522925787604556547E+00    0.233450643835764551E+10   -0.123721023636278574E+03
    0.558750664596398217E+00    0.540716439286523354E+00    0.229820821227871466E+10   -0.123717622376845867E+03
    0.544497057128553230E+00    0.599751387523298263E+00    0.234414275695618010E+10   -0.123716429574694189E+03
    0.569820243720882802E+00    0.624064752413946877E+00    0.229370354139534473E+10   -0.123713941077942138E+03
    0.555387387819597844E+00    0.633502012850575724E+00    0.232648270613246155E+10   -0.123698081934597369E+03
    0.595070260422743358E+00    0.567497622397208801E+00    0.225002587246202230E+10   -0.123182595509756766E+03
    0.590202706489596829E+00    0.565678969631026263E+00    0.225527674224294424E+10   -0.123323202673953176E+03
    0.577267486019800935E+00    0.586020132909530034E+00    0.227901705770623970E+10   -0.123512033944174789E+03
    0.580991867699519493E+00    0.605836595329247274E+00    0.227947371662395287E+10   -0.123241236489952115E+03
    0.580991867699519493E+00    0.605836595329247274E+00    0.227947371662395287E+10   -0.123241236489952115E+03
    0.573505151598862062E+00    0.591101450003691298E+00    0.228585222478778982E+10   -0.123201064918028337E+03
    0.583051428660384063E+00    0.595505042510497518E+00    0.227432306841345978E+10   -0.123181318824531445E+03
    0.580393223524507951E+00    0.613340351958113317E+00    0.226682645900416136E+10   -0.123575939045323423E+03
    0.583983355852101815E+00    0.617159913269631488E+00    0.226431070780644417E+10   -0.123144857444992397E+03
    0.579175186907668782E+00    0.588015984455550367E+00    0.227708309278085709E+10   -0.123599944503375170E+03
    0.585244946669036259E+00    0.609562209725741155E+00    0.226732442428400564E+10   -0.123606121849637830E+03
    0.581954623282095795E+00    0.625987937239854020E+00    0.226522147753169250E+10   -0.123639195156930668E+03
    0.584944762601902313E+00    0.614905247595078919E+00    0.225891973144454384E+10   -0.123573677925916115E+03
    0.581912005535446197E+00    0.599483626401811520E+00    0.228003292791723347E+10   -0.123250505373823870E+03
    0.569248900737461705E+00    0.609101261575295538E+00    0.228456015894909096E+10   -0.123329821618780954E+03
    0.575020399464233445E+00    0.624074320600342958E+00    0.229451944940418720E+10   -0.123606104737777429E+03
    0.570458222996214404E+00    0.609667566342778855E+00    0.228691325221550560E+10   -0.123451419564351809E+03
    0.568416725009019630E+00    0.655641447371166919E+00    0.229819037875368309E+10   -0.123298970081356131E+03
    0.569665305084865348E+00    0.597665252238519074E+00    0.228791534881146526E+10   -0.123342712546244030E+03
    0.570828744690647705E+00    0.600407318207649254E+00    0.229021446119763803E+10   -0.123365909466295847E+03
    0.569743661631900267E+00    0.622626322936019605E+00    0.229850771707886553E+10   -0.123489893192203539E+03
    0.571999841893774175E+00    0.617250980768822899E+00    0.229544763603004026E+10   -0.123585635589880411E+03
    0.573289109552205911E+00    0.662645204524554998E+00    0.228126007993596077E+10   -0.123584597885903221E+03
    0.581357543270474286E+00    0.660851683044805682E+00    0.227586753796790695E+10   -0.123192938012237406E+03
    0.574672522159002663E+00    0.679519996974949692E+00    0.228139746206194592E+10   -0.123159784573483876E+03
    0.573914573307786058E+00    0.681759857447321593E+00    0.227989727116899395E+10   -0.123655467395654881E+03
    0.577298971018385898E+00    0.657842477122867919E+00    0.228021551153630257E+10   -0.123683118642008878E+03
    0.588471201014012735E+00    0.676026380392935167E+00    0.226738537364617586E+10   -0.123561535219138591E+03
    0.586414475331603957E+00    0.677923109468800078E+00    0.226425477246849918E+10   -0.123386280479633967E+03
    0.585408922290139078E+00    0.671593924161884459E+00    0.226339229130030775E+10   -0.123542937856561736E+03
    0.585409408643840279E+00    0.675188896051746923E+00    0.226919779051290751E+10   -0.123178601333585505E+03
    0.581300795111407864E+00    0.674984698789820925E+00    0.226767263563415384E+10   -0.123561472284224578E+03
    0.591742429783172708E+00    0.660296228926970485E+00    0.226137370053420258E+10   -0.123287101890916716E+03
    0.570571060926146845E+00    0.663243825067018733E+00    0.228984797275426483E+10   -0.123461831252541373E+03
    0.577846383949983000E+00    0.667137332682612438E+00    0.228024023623219347E+10   -0.123122806248016587E+03
    0.576826792686652490E+00    0.665771261820840010E+00    0.228096941162901640E+10   -0.123543248110833517E+03
    0.568538170891748962E+00    0.687422297182770592E+00    0.228949290117819262E+10   -0.123508808281778329E+03
    0.574768033673113021E+00    0.649433503436338100E+00    0.228094853880231428E+10   -0.123537346330269173E+03
    0.593151399732021245E+00    0.686308527259821943E+00    0.224382313970245552E+10   -0.123532723229476929E+03
    0.600043324465794004E+00    0.667740041443629195E+00    0.224753331894540405E+10   -0.123484042761111681E+03
    0.601741598789892751E+00    0.660692680059934645E+00    0.224444634607644939E+10   -0.123256814014306002E+03
    0.597987936005056286E+00    0.685455406588712179E+00    0.223920600882173204E+10   -0.123601495826948508E+03
    0.599729410183585387E+00    0.675812799263855624E+00    0.224296444610262489E+10   -0.123368309856635847E+03
    0.600055490573823569E+00    0.670025339987255109E+00    0.224189755398839188E+10   -0.123464287574251642E+03
    0.609194712665418692E+00    0.672571910558435349E+00    0.223080244920742083E+10   -0.123596031418058089E+03
    0.609066873708542844E+00    0.671915890532270410E+00    0.222879324281941557E+10   -0.123619555369724736E+03
    0.581545923862812564E+00    0.765533562434669079E+00    0.228415030872595310E+10   -0.123307928345726282E+03
    0.581531336136701937E+00    0.765809831619652215E+00    0.227848098318674374E+10   -0.122992624133092960E+03
    0.579940894083457059E+00    0.724841751009954294E+00    0.228360224589233208E+10   -0.123591970848894775E+03
    0.580650399552166574E+00    0.740611412852413054E+00    0.228384484315837860E+10   -0.123450419414328053E+03
    0.554991825391023097E+00    0.568469505292743094E+00    0.232661837529376841E+10   -0.123546152271957169E+03
    0.554323374223867682E+00    0.623106380455348940E+00    0.232382848196675777E+10   -0.123520556116452653E+03
    0.553944199172117013E+00    0.635886885663449419E+00    0.232088332557449102E+10   -0.123690389004902343E+03
    0.550180436759175384E+00    0.645090296170993227E+00    0.232345453513714123E+10   -0.123663054226313420E+03
    0.553676727644735855E+00    0.629765780469744740E+00    0.232078673086508560E+10   -0.123505613118796759E+03
    0.554168553818427556E+00    0.644114772550878456E+00    0.232157355120021534E+10   -0.123388417973972096E+03
    0.543279574927992726E+00    0.560853746667413944E+00    0.234204597365985823E+10   -0.123576434310767240E+03
    0.555113566479351506E+00    0.627171347069834795E+00    0.232075320433641148E+10   -0.123303594857641073E+03
    0.555113566479351506E+00    0.627171347069834795E+00    0.232075320433641148E+10   -0.123303594857641073E+03
    0.554201628126433143E+00    0.653548209752671028E+00    0.231936571582442093E+10   -0.123213980922775235E+03
    0.555447099370327546E+00    0.660210278906571801E+00    0.231520220647232246E+10   -0.123602846855900054E+03
    0.555090444292684726E+00    0.546054897378699167E+00    0.232714396386121702E+10   -0.123663052278381969E+03
    0.551441904913582359E+00    0.592564750614743119E+00    0.232878116289793730E+10   -0.123649335472798299E+03
    0.541306112868713885E+00    0.587072110533563674E+00    0.233612926690178204E+10   -0.123498350364163855E+03
    0.550154475373941465E+00    0.588866617180464402E+00    0.233318972203065014E+10   -0.123553621725324163E+03
    0.547431046722832049E+00    0.590713425337966669E+00    0.232528627433834648E+10   -0.123577170719466338E+03
    0.545794997841611451E+00    0.604292842130648822E+00    0.233485415978567791E+10   -0.123547061588255005E+03
    0.543472041315254395E+00    0.609083026051438381E+00    0.233632135641630220E+10   -0.123334243398442453E+03
    0.540603799851360423E+00    0.609372958272240695E+00    0.234038736942568398E+10   -0.123523073019924453E+03
    0.541815809988341446E+00    0.596073729423849841E+00    0.234531245843499517E+10   -0.123557998598724339E+03
    0.542671447858645406E+00    0.607198995479311776E+00    0.234362200080238342E+10   -0.123571774130331562E+03
    0.556835242786904994E+00    0.624953976412720991E+00    0.232013291800408268E+10   -0.123662209757088135E+03
    0.574207518866941879E+00    0.568454425023643850E+00    0.228634187056293249E+10   -0.123359620182169010E+03
    0.566841898953761247E+00    0.570146793014085773E+00    0.229316166025724316E+10   -0.123637064044097940E+03
    0.570016179984977778E+00    0.555572032855833342E+00    0.229037265672607756E+10   -0.123315228391200947E+03
    0.560827698169586775E+00    0.544919465097597921E+00    0.230613527641435051E+10   -0.123476635858245629E+03
    0.559678940307539063E+00    0.559128472329515347E+00    0.230676616063178921E+10   -0.123281156817882987E+03
    0.561828511289568122E+00    0.523274724246556744E+00    0.231069960817205811E+10   -0.123390594003745178E+03
    0.557663836790901035E+00    0.545044306327856276E+00    0.231118983079390717E+10   -0.123445706644796786E+03
    0.562399530811704462E+00    0.525667062474399316E+00    0.230737218456849432E+10   -0.123605328399638992E+03
    0.561954849309567073E+00    0.564235814850635009E+00    0.230318800537411547E+10   -0.123353976439893245E+03
    0.563522793083401030E+00    0.534179928796202574E+00    0.230800050623717785E+10   -0.123592623509629391E+03
    0.559479839281578628E+00    0.528759525341790493E+00    0.230841087156380653E+10   -0.123301986975349962E+03
    0.561765110610591201E+00    0.546323318552417447E+00    0.231378245259083509E+10   -0.123445788655160115E+03
    0.559770572388564758E+00    0.539516258578210284E+00    0.230777432980403948E+10   -0.123292282755409289E+03
    0.557580824717133439E+00    0.553845898636279088E+00    0.231313093344277287E+10   -0.123599490568866997E+03
    0.562790548587042472E+00    0.591552819634408422E+00    0.230215229365588999E+10   -0.123346594808184250E+03
    0.561389678270431847E+00    0.592196927239832860E+00    0.231190185591626644E+10   -0.123480187973363883E+03
    0.556197224501551957E+00    0.612767724447401463E+00    0.231427434664924431E+10   -0.123272638222505691E+03
    0.563712385825026474E+00    0.584191535787766725E+00    0.231342986597214651E+10   -0.123533506114857843E+03
    0.559896402541424365E+00    0.579387712925713672E+00    0.230617031644111061E+10   -0.123688784689760752E+03
    0.560729949440827213E+00    0.595894031383213729E+00    0.230269927749149323E+10   -0.123370328675940343E+03
    0.561347575893171080E+00    0.577453164558999532E+00    0.231226356484381962E+10   -0.123467202689178180E+03
    0.556068131021446588E+00    0.583273749226210114E+00    0.232113130463556051E+10   -0.123580952391629452E+03
