    0.444846633036339034E+00    0.718619436462589078E+00    0.327863738477686548E+10   -0.148216727272232276E+03
    0.489626148495351632E+00    0.774590886277428226E+00    0.322420672327349901E+10   -0.147877421196799617E+03
    0.485334655632469136E+00    0.736826449512815174E+00    0.316223410574225140E+10   -0.147604579904279035E+03
    0.410224481227836668E+00    0.719156913270811771E+00    0.343266089598206234E+10   -0.147288651819275401E+03
    0.524042186198818372E+00    0.717104817852632692E+00    0.306331739964623213E+10   -0.146892394747981797E+03
    0.478820123463199410E+00    0.807065929393402826E+00    0.322263147186198807E+10   -0.146782708771175209E+03
    0.495662831346129706E+00    0.731420932176053640E+00    0.314407012766219568E+10   -0.146779159038318284E+03
    0.495831989333110346E+00    0.630167938559045737E+00    0.312823118663435841E+10   -0.146484095559412594E+03
    0.448864194538735939E+00    0.692172759567563745E+00    0.332477133162645531E+10   -0.146377346321808659E+03
    0.389438645634950564E+00    0.643696249801806175E+00    0.353347861657602072E+10   -0.146362878297134699E+03
    0.376277631049563910E+00    0.706079622256520878E+00    0.357435762222870827E+10   -0.146336609437808562E+03
    0.486195362701892786E+00    0.813193859293285470E+00    0.320581555928503799E+10   -0.146212565974213874E+03
    0.423999038142719553E+00    0.748960918125604280E+00    0.338872175744414997E+10   -0.146079359214333067E+03
    0.429872129896611666E+00    0.749527863643866255E+00    0.340310888636827135E+10   -0.146050634361159695E+03
    0.462200886741855110E+00    0.722113452280026991E+00    0.324903111726467991E+10   -0.145956556200722105E+03
    0.519597555722036031E+00    0.771453903527245188E+00    0.309082937605960560E+10   -0.145797899820124854E+03
    0.447203439738686870E+00    0.796081121405151748E+00    0.334346705506794214E+10   -0.145662701607913561E+03
    0.443024949360684484E+00    0.692096883374929916E+00    0.328604513062105608E+10   -0.145644069189273353E+03
    0.443449564030449217E+00    0.642746211146556945E+00    0.335385834489718294E+10   -0.145526645634090357E+03
    0.407798975496134086E+00    0.763785333404742417E+00    0.346326744777166414E+10   -0.145444055603240997E+03
    0.421633811406743608E+00    0.691383617475121781E+00    0.339825560573977947E+10   -0.145393871368244561E+03
    0.470503655911132801E+00    0.793169074407423125E+00    0.327160304898513556E+10   -0.145239580700356044E+03
    0.449105794162176220E+00    0.741449027728751986E+00    0.327010268602844286E+10   -0.145203538143238461E+03
    0.490406597682984835E+00    0.791627882261566995E+00    0.314913322023599720E+10   -0.145195314330754400E+03
    0.409249344530927095E+00    0.750280229801719045E+00    0.346924711852227879E+10   -0.145184503620313421E+03
    0.437389492293162319E+00    0.673666446631331794E+00    0.331315663256725216E+10   -0.145060787134543659E+03
    0.416960826757707681E+00    0.697944021985016150E+00    0.342155455020245028E+10   -0.145030192792927011E+03
    0.398531810812955523E+00    0.676505189137341034E+00    0.350193300294512463E+10   -0.145018344954274653E+03
    0.461825297616564656E+00    0.807010781525242749E+00    0.328537493217063236E+10   -0.144881943366945450E+03
    0.421302219241046827E+00    0.736379710609309512E+00    0.340816363698175716E+10   -0.144848639537873282E+03
    0.423022999110781839E+00    0.680212562922307029E+00    0.337339469237603378E+10   -0.144782749288610205E+03
    0.495575109128003233E+00    0.801422901928511067E+00    0.318790788119446468E+10   -0.144782709108081889E+03
    0.430272813470960414E+00    0.604893762114473432E+00    0.335487736513846302E+10   -0.144745462657632345E+03
    0.446044145150638616E+00    0.817309493373699070E+00    0.332841232328655148E+10   -0.144714926438614555E+03
    0.458523633357583504E+00    0.683866834298029858E+00    0.330146724934703493E+10   -0.144689830998144828E+03
    0.483520239585049416E+00    0.726017165924277563E+00    0.317218739023803568E+10   -0.144661187077835251E+03
    0.422026249060457603E+00    0.752976005731646580E+00    0.337866558825872612E+10   -0.144620202273233133E+03
    0.468631399093301315E+00    0.818858482211222594E+00    0.327061404193859863E+10   -0.144592338920355019E+03
    0.409517947681990402E+00    0.684227299837733227E+00    0.345552259484754133E+10   -0.144591591140759476E+03
    0.488344512264294317E+00    0.728219120765071892E+00    0.320479295080053186E+10   -0.144570113306350265E+03
    0.432512821386065227E+00    0.680916995790131097E+00    0.335738252913364649E+10   -0.144551460751358491E+03
    0.442767173087332377E+00    0.768176164830411068E+00    0.331405991163453770E+10   -0.144497239152364244E+03
    0.484236054015706019E+00    0.642614532340386901E+00    0.318658611723635817E+10   -0.144491284687581810E+03
    0.440504263328144963E+00    0.654289987442812304E+00    0.334742971972644138E+10   -0.144443433844474782E+03
    0.466426589132131753E+00    0.631765567046604914E+00    0.321399349483939552E+10   -0.144435478491313120E+03
    0.437172306296064794E+00    0.625056922211621568E+00    0.333457876599040937E+10   -0.144417461868141629E+03
    0.478219449389765572E+00    0.676964453199953908E+00    0.323159676281027317E+10   -0.144402912458793764E+03
    0.444805340703259500E+00    0.659320875326214306E+00    0.327572006298895407E+10   -0.144378738891946853E+03
    0.453543787521341391E+00    0.656159953414118036E+00    0.327217013788847303E+10   -0.144377459630362949E+03
    0.463054379551979922E+00    0.689739825615134805E+00    0.329285723176957703E+10   -0.144372495764826738E+03
    0.450608128006259101E+00    0.791511966891636831E+00    0.329088977320705175E+10   -0.144322364857297714E+03
    0.487826555459482059E+00    0.644018124041048523E+00    0.315871557793817663E+10   -0.144270135785664820E+03
    0.442348043542463876E+00    0.703884290250256228E+00    0.328685875259399414E+10   -0.144252383278130594E+03
    0.478100157231344247E+00    0.781559933890992653E+00    0.321090055326499128E+10   -0.144245056681581673E+03
    0.493663916885688558E+00    0.804050912771952397E+00    0.316358318880122709E+10   -0.144232070232211981E+03
    0.450129540821864738E+00    0.798834317730632293E+00    0.330540476088275003E+10   -0.144211828035994898E+03
    0.495871726232309074E+00    0.642502613691210200E+00    0.312231709097810459E+10   -0.144195355648072280E+03
    0.506975166446320347E+00    0.716937352480808698E+00    0.312851745385137129E+10   -0.144193327436522736E+03
    0.495886444185778541E+00    0.668229543286312122E+00    0.316703572226895905E+10   -0.144160039578885119E+03
    0.484764795644825608E+00    0.821701306016448640E+00    0.321120528959863901E+10   -0.144150386111641609E+03
    0.490996887129450166E+00    0.759335842044023934E+00    0.315512680065986967E+10   -0.144117047040131524E+03
    0.469399543680478870E+00    0.731296619552423977E+00    0.321911275478218508E+10   -0.144116550676272141E+03
    0.429395805700546696E+00    0.719332186200958290E+00    0.336854169743306351E+10   -0.144114390636778950E+03
    0.504401653325067478E+00    0.649714394658731820E+00    0.312262242017017651E+10   -0.144101462647521060E+03
    0.461616709222821553E+00    0.643615657237990746E+00    0.328705196016416216E+10   -0.144089904952521493E+03
    0.430804581964890076E+00    0.617349413057230123E+00    0.339392790882972193E+10   -0.144049854107998613E+03
    0.495102760421811006E+00    0.737426353806924340E+00    0.315588951341445160E+10   -0.144039706864833249E+03
    0.500862538046875860E+00    0.750785379630595884E+00    0.313192882366245699E+10   -0.144032528255134253E+03
    0.446281182182221459E+00    0.698551859023808674E+00    0.329255523139878941E+10   -0.144028744351239339E+03
    0.447179387469192724E+00    0.697524704342036728E+00    0.333457726950272036E+10   -0.144015708137720310E+03
    0.400045077668112203E+00    0.642272757501880065E+00    0.349785056981566811E+10   -0.144015185394828279E+03
    0.476547559195580062E+00    0.630846182510191866E+00    0.323321305007449579E+10   -0.143981528755686782E+03
    0.461931863875773729E+00    0.708797732701512473E+00    0.328667878534975910E+10   -0.143976688190543456E+03
    0.461901325545500618E+00    0.678644197132689087E+00    0.325174952016500950E+10   -0.143968209463451217E+03
    0.481016989592780830E+00    0.807524180982973405E+00    0.321550676475058699E+10   -0.143942737802971294E+03
    0.494936551472292763E+00    0.726686333214871638E+00    0.316272425749181509E+10   -0.143939860330677107E+03
    0.465897422836585862E+00    0.825756591838057830E+00    0.327189994339620399E+10   -0.143937647315974459E+03
    0.465897422836585862E+00    0.825756591838057830E+00    0.327189994339620399E+10   -0.143937647315974459E+03
    0.504919391738928192E+00    0.638044920859107023E+00    0.310573227328839588E+10   -0.143912725744607286E+03
    0.504919391738928192E+00    0.638044920859107023E+00    0.310573227328839588E+10   -0.143912725744607286E+03
    0.433727626362782503E+00    0.707491143932825750E+00    0.332205118417932081E+10   -0.143912647055251341E+03
    0.480540573525538639E+00    0.794783488187775333E+00    0.321018591365924025E+10   -0.143886621172452919E+03
    0.399339160292666029E+00    0.655904473669700394E+00    0.349906726546136761E+10   -0.143885623569409546E+03
    0.401292989522440580E+00    0.677379514874736799E+00    0.349416074475948238E+10   -0.143869741809577249E+03
    0.461531157562406646E+00    0.708936407551700398E+00    0.327290615682998943E+10   -0.143825564350503782E+03
    0.463382464925745252E+00    0.788105416545265669E+00    0.325930584752421427E+10   -0.143809871280500261E+03
    0.470486496198434134E+00    0.737716880318403767E+00    0.321323742810582352E+10   -0.143806966376244219E+03
    0.461052209765188403E+00    0.700674878812046487E+00    0.327335759592009258E+10   -0.143789176116431719E+03
    0.473078832589408416E+00    0.733660468040389091E+00    0.325438974884605980E+10   -0.143765492243899388E+03
    0.447809790317660772E+00    0.633545029248530511E+00    0.329937461140681458E+10   -0.143763040929398557E+03
    0.447809790317660772E+00    0.633545029248530511E+00    0.329937461140681458E+10   -0.143763040929398557E+03
    0.494849725591022971E+00    0.804899834437923900E+00    0.314811578889608812E+10   -0.143760965452735377E+03
    0.448958740856203409E+00    0.712955409930787098E+00    0.332074010381097031E+10   -0.143683546128382204E+03
    0.448958740856203409E+00    0.712955409930787098E+00    0.332074010381097031E+10   -0.143683546128382204E+03
    0.402203941698323575E+00    0.655863712172235935E+00    0.349002152043104601E+10   -0.143677599993098312E+03
    0.446038437046227643E+00    0.636405573166243244E+00    0.327146589014333630E+10   -0.143677113388017261E+03
    0.412654635777259748E+00    0.638008199010100086E+00    0.344680118962739563E+10   -0.143666937621228072E+03
    0.466462466987231261E+00    0.654281706112382011E+00    0.323393090685580158E+10   -0.143650858565309704E+03
    0.433991426121074775E+00    0.594396049587963660E+00    0.333850363158112478E+10   -0.143645846503636562E+03
    0.457250155613070142E+00    0.717538064180230251E+00    0.328049064940578079E+10   -0.143603978427038328E+03
    0.465102772823059174E+00    0.676531662243464282E+00    0.322658909009328413E+10   -0.143598557348197062E+03
    0.454408642693441278E+00    0.757038151159935779E+00    0.329117331784114456E+10   -0.143591310873474242E+03
    0.454933562432238370E+00    0.764465986369311068E+00    0.328207651430042124E+10   -0.143589928562346842E+03
    0.435362978275329549E+00    0.736494622648383057E+00    0.335520349080510187E+10   -0.143557875423946513E+03
    0.437430110158680441E+00    0.688351116893990422E+00    0.332113361224728251E+10   -0.143555567825958121E+03
    0.489742832547006790E+00    0.689409521191411301E+00    0.316585618579428339E+10   -0.143548525968472745E+03
    0.489742832547006790E+00    0.689409521191411301E+00    0.316585618579428339E+10   -0.143548525968472745E+03
    0.428277702165607899E+00    0.755847900717308008E+00    0.337813590986760426E+10   -0.143516101312377174E+03
    0.428277702165607899E+00    0.755847900717308008E+00    0.337813590986760426E+10   -0.143516101312377174E+03
    0.508253196943102670E+00    0.622350717246039409E+00    0.310371159732814646E+10   -0.143483605829828434E+03
    0.508253196943102670E+00    0.622350717246039409E+00    0.310371159732814646E+10   -0.143483605829828434E+03
    0.434730086036812402E+00    0.733431115288112778E+00    0.335136397234597778E+10   -0.143481557349484433E+03
    0.434730086036812402E+00    0.733431115288112778E+00    0.335136397234597778E+10   -0.143481557349484433E+03
    0.478558187084875686E+00    0.683920697715997505E+00    0.320889444084121370E+10   -0.143476367824550351E+03
    0.454435307608215766E+00    0.772814661838385319E+00    0.328392339122302866E+10   -0.143459709700642804E+03
    0.466159776088570232E+00    0.642709215426982894E+00    0.327304231324576902E+10   -0.143426284661936535E+03
    0.466159776088570232E+00    0.642709215426982894E+00    0.327304231324576902E+10   -0.143426284661936535E+03
    0.484206909808267305E+00    0.711502536932115959E+00    0.317969204749576807E+10   -0.143419405878669409E+03
    0.451284972588423816E+00    0.775441464294301497E+00    0.329297552416112566E+10   -0.143403287238206815E+03
    0.451284972588423816E+00    0.775441464294301497E+00    0.329297552416112566E+10   -0.143403287238206815E+03
    0.469154870328381268E+00    0.689159521546137910E+00    0.322603877358997822E+10   -0.143401217313119787E+03
    0.469154870328381268E+00    0.689159521546137910E+00    0.322603877358997822E+10   -0.143401217313119787E+03
    0.500077815871288966E+00    0.669272835539327815E+00    0.314053799020454645E+10   -0.143385351289846540E+03
    0.420532349054756227E+00    0.690606869434965631E+00    0.339687887138660908E+10   -0.143384139624853844E+03
    0.420532349054756227E+00    0.690606869434965631E+00    0.339687887138660908E+10   -0.143384139624853844E+03
    0.444125304575017421E+00    0.760766969848701180E+00    0.332562587275443125E+10   -0.143370264987628161E+03
    0.459147125082500274E+00    0.757051887948883007E+00    0.327443106692491198E+10   -0.143343651127503847E+03
    0.459147125082500274E+00    0.757051887948883007E+00    0.327443106692491198E+10   -0.143343651127503847E+03
    0.474935337425683946E+00    0.667906659180946605E+00    0.322670214904021168E+10   -0.143340209974501249E+03
    0.474935337425683946E+00    0.667906659180946605E+00    0.322670214904021168E+10   -0.143340209974501249E+03
    0.519807890116760318E+00    0.739158445365093897E+00    0.310297916801969004E+10   -0.143337260437956957E+03
    0.465895701674954699E+00    0.827689797449252751E+00    0.327468681335094547E+10   -0.143336830652131937E+03
    0.487798870211407110E+00    0.716078303175422093E+00    0.319029190497768116E+10   -0.143333587214330691E+03
    0.499209208775046320E+00    0.687832575097516496E+00    0.315253166863394737E+10   -0.143319684560812334E+03
    0.499209208775046320E+00    0.687832575097516496E+00    0.315253166863394737E+10   -0.143319684560812334E+03
    0.475447056606388974E+00    0.675200839708979927E+00    0.318577779551152563E+10   -0.143297420215075704E+03
    0.459376139905190384E+00    0.693677941834387468E+00    0.329433831955986166E+10   -0.143290904413944020E+03
    0.449965461080871099E+00    0.711484944960663057E+00    0.326267734857126570E+10   -0.143284489059760745E+03
    0.449965461080871099E+00    0.711484944960663057E+00    0.326267734857126570E+10   -0.143284489059760745E+03
    0.460666390272757742E+00    0.625332287630712358E+00    0.325298849896588182E+10   -0.143282761432161237E+03
    0.460666390272757742E+00    0.625332287630712358E+00    0.325298849896588182E+10   -0.143282761432161237E+03
    0.480902923464390397E+00    0.679531726327368801E+00    0.319528766732742643E+10   -0.143281124642496081E+03
    0.447501334627553538E+00    0.642885095110001359E+00    0.333290592126982212E+10   -0.143270826960328691E+03
    0.484468832151307427E+00    0.690115764460339065E+00    0.317344733930214787E+10   -0.143260888352714119E+03
    0.437093097903326566E+00    0.660920367405385178E+00    0.334381140824018764E+10   -0.143259851653881157E+03
    0.437093097903326566E+00    0.660920367405385178E+00    0.334381140824018764E+10   -0.143259851653881157E+03
    0.434071774139159539E+00    0.650654371103360774E+00    0.334201141606692982E+10   -0.143258266795490670E+03
    0.475410995900106992E+00    0.792232138850810230E+00    0.324447667976181078E+10   -0.143238799670593806E+03
    0.431395204740912919E+00    0.709902656866871595E+00    0.336856181792743158E+10   -0.143236637849156011E+03
    0.462265386832036718E+00    0.758426354676103642E+00    0.324729756315432644E+10   -0.143234491713805681E+03
    0.468153269572522290E+00    0.735661438949399837E+00    0.324569825354144478E+10   -0.143232145838368467E+03
    0.459378590381937069E+00    0.769098814556446797E+00    0.328130266656286049E+10   -0.143216781794314272E+03
    0.474071532206797763E+00    0.761595222953026507E+00    0.321275819864726400E+10   -0.143210640227726969E+03
    0.474071532206797763E+00    0.761595222953026507E+00    0.321275819864726400E+10   -0.143210640227726969E+03
    0.465471311790889852E+00    0.666541508800786886E+00    0.327207748275050831E+10   -0.143206323083045277E+03
    0.491096434885889443E+00    0.663023880967145374E+00    0.317206729465728617E+10   -0.143204131917917550E+03
    0.461606452114674382E+00    0.782913221901736733E+00    0.325842693634833908E+10   -0.143202689438628767E+03
    0.431383508973388674E+00    0.656170385805229017E+00    0.336737846767976618E+10   -0.143195077868340434E+03
    0.490645657858289452E+00    0.676403692461192918E+00    0.316593233714493370E+10   -0.143186280136826213E+03
    0.436413423100388664E+00    0.729991153280240113E+00    0.334421771930715942E+10   -0.143180015307258770E+03
    0.436413423100388664E+00    0.729991153280240113E+00    0.334421771930715942E+10   -0.143180015307258770E+03
    0.472716077483547492E+00    0.735106410493859386E+00    0.323028031257811594E+10   -0.143175916019270204E+03
    0.489437722733911063E+00    0.732851310543988888E+00    0.316789915774705267E+10   -0.143174621511799387E+03
    0.468188341839602340E+00    0.716124786810723890E+00    0.325741272503503180E+10   -0.143165795560692857E+03
    0.437663591639782801E+00    0.774819674834967387E+00    0.333268338549594450E+10   -0.143160517224059959E+03
    0.474695204992588937E+00    0.745265029227946130E+00    0.321182568954445219E+10   -0.143126359107399821E+03
    0.474695204992588937E+00    0.745265029227946130E+00    0.321182568954445219E+10   -0.143126359107399821E+03
    0.461853417243132558E+00    0.722257630085593405E+00    0.324180747290363216E+10   -0.143107229214277766E+03
    0.453386726124419381E+00    0.695110551843086455E+00    0.331449728798661089E+10   -0.143101887149596223E+03
    0.470870580798097571E+00    0.772796179314536147E+00    0.323443805417727757E+10   -0.143092703110122784E+03
    0.470870580798097571E+00    0.772796179314536147E+00    0.323443805417727757E+10   -0.143092703110122784E+03
    0.465201909619265941E+00    0.709821796435578634E+00    0.323281112306576777E+10   -0.143076677499955338E+03
    0.454035980543952999E+00    0.712166619293926217E+00    0.327523558391526699E+10   -0.143059600526078299E+03
    0.453112672010289042E+00    0.747013835154081818E+00    0.328920389378721142E+10   -0.143050222473866341E+03
    0.486070668220992375E+00    0.672419341333863940E+00    0.319164110108887196E+10   -0.143049692204389544E+03
    0.486070668220992375E+00    0.672419341333863940E+00    0.319164110108887196E+10   -0.143049692204389544E+03
    0.458440683933280468E+00    0.719224671328994702E+00    0.325746173487573862E+10   -0.143033094725556907E+03
    0.464621819978276118E+00    0.698350147619695605E+00    0.325844581033089447E+10   -0.143018447611791004E+03
    0.461269462203549085E+00    0.741084339749260579E+00    0.325193592012763882E+10   -0.142987924518470351E+03
    0.476715399582694377E+00    0.737794980158648528E+00    0.323771413796735573E+10   -0.142985361927984599E+03
    0.476715399582694377E+00    0.737794980158648528E+00    0.323771413796735573E+10   -0.142985361927984599E+03
    0.452125359287570749E+00    0.681694227650393003E+00    0.331057435766395473E+10   -0.142969617202348758E+03
    0.452125359287570749E+00    0.681694227650393003E+00    0.331057435766395473E+10   -0.142969617202348758E+03
    0.482735484116167568E+00    0.693029385224201988E+00    0.318651386184988880E+10   -0.142962665922398571E+03
    0.412126003563765164E+00    0.658258846942207043E+00    0.344095905014953470E+10   -0.142962232719205730E+03
    0.412126003563765164E+00    0.658258846942207043E+00    0.344095905014953470E+10   -0.142962232719205730E+03
    0.475530759286696192E+00    0.736734086124320342E+00    0.318978244250113106E+10   -0.142947145360476327E+03
    0.474949338917870056E+00    0.716169579779377230E+00    0.319822420837056112E+10   -0.142939020973647871E+03
    0.444753423071581611E+00    0.656477576500059001E+00    0.331579362346068573E+10   -0.142918659780489776E+03
    0.447815600068151409E+00    0.773339181285301436E+00    0.329559504223777533E+10   -0.142911569148363128E+03
    0.469397172937832119E+00    0.766398541902184149E+00    0.324029752747179461E+10   -0.142911070341097599E+03
    0.463462107910931398E+00    0.655795369444170717E+00    0.326525044093297529E+10   -0.142905016607495384E+03
    0.463462107910931398E+00    0.655795369444170717E+00    0.326525044093297529E+10   -0.142905016607495384E+03
    0.442576157434693362E+00    0.691256103558790969E+00    0.331319376927828789E+10   -0.142894177852681423E+03
    0.473309711919121079E+00    0.652418136137868032E+00    0.321408464858776188E+10   -0.142859857535653305E+03
    0.481538800609552342E+00    0.697005449596762361E+00    0.319128154078921795E+10   -0.142854050750286717E+03
    0.461572897545457106E+00    0.791286165516924100E+00    0.326998052806404686E+10   -0.142844766816305736E+03
    0.479201215312599516E+00    0.737903679010372571E+00    0.320730591981571341E+10   -0.142833563296297626E+03
    0.479201215312599516E+00    0.737903679010372571E+00    0.320730591981571341E+10   -0.142833563296297626E+03
    0.487195223847888770E+00    0.747819311380302665E+00    0.317736619672090197E+10   -0.142821392989835488E+03
    0.487195223847888770E+00    0.747819311380302665E+00    0.317736619672090197E+10   -0.142821392989835488E+03
    0.479271583290226622E+00    0.731304840280808222E+00    0.319593155042706490E+10   -0.142810552829348126E+03
    0.479271583290226622E+00    0.731304840280808222E+00    0.319593155042706490E+10   -0.142810552829348126E+03
    0.470209127612311484E+00    0.714889868617456514E+00    0.323128428549205446E+10   -0.142800476064919565E+03
    0.455628211130233052E+00    0.703611498213964737E+00    0.329347940357804871E+10   -0.142797476497067692E+03
    0.455942064025590510E+00    0.703001516799702131E+00    0.329794283094476509E+10   -0.142797006126355427E+03
    0.437078490611952808E+00    0.659872751104908062E+00    0.334024565305987263E+10   -0.142792508562610806E+03
    0.437078490611952808E+00    0.659872751104908062E+00    0.334024565305987263E+10   -0.142792508562610806E+03
    0.433935316120829417E+00    0.659129575295249737E+00    0.335383762176818657E+10   -0.142791770875645369E+03
    0.467365481763304280E+00    0.701116869022733624E+00    0.325308807163095140E+10   -0.142785733381102034E+03
    0.474552874647130141E+00    0.668926466955824139E+00    0.322615063972900248E+10   -0.142754502739508524E+03
    0.452506743755783036E+00    0.694527741812150268E+00    0.329161210021931028E+10   -0.142752352873899241E+03
    0.473314201276682056E+00    0.706633722472002290E+00    0.321662221052307606E+10   -0.142750607333148110E+03
    0.449747421370738032E+00    0.703880636646603719E+00    0.331958336331654453E+10   -0.142738866665079229E+03
    0.473824598686022946E+00    0.710009950057546746E+00    0.322471569812124920E+10   -0.142737466347426732E+03
    0.483771296517253480E+00    0.721019870916720151E+00    0.318794681479874611E+10   -0.142715843841141179E+03
    0.482709226688229798E+00    0.745014466400530040E+00    0.317892283195333672E+10   -0.142715820500608174E+03
    0.473495849278192160E+00    0.700496267235513059E+00    0.322099189433549166E+10   -0.142715154542921965E+03
    0.473495849278192160E+00    0.700496267235513059E+00    0.322099189433549166E+10   -0.142715154542921965E+03
    0.449985362259580302E+00    0.720730543685563774E+00    0.327733761105666399E+10   -0.142704208389613257E+03
    0.449985362259580302E+00    0.720730543685563774E+00    0.327733761105666399E+10   -0.142704208389613257E+03
    0.479713091436117678E+00    0.694143556951640761E+00    0.321563132955349922E+10   -0.142686124426485236E+03
    0.486891917534131191E+00    0.709976196585275332E+00    0.317075844013420391E+10   -0.142674333992455217E+03
    0.461939541312487878E+00    0.647182420284140747E+00    0.327514609593355465E+10   -0.142652869198567942E+03
    0.480355436994403251E+00    0.747257951209522986E+00    0.321287552783862257E+10   -0.142637945098767744E+03
    0.451349773779811669E+00    0.683645509379761762E+00    0.331198560032954311E+10   -0.142636691476128135E+03
    0.451349773779811669E+00    0.683645509379761762E+00    0.331198560032954311E+10   -0.142636691476128135E+03
    0.444852035136238666E+00    0.734808705887562752E+00    0.332028165546545744E+10   -0.142629114060621362E+03
    0.444852035136238666E+00    0.734808705887562752E+00    0.332028165546545744E+10   -0.142629114060621362E+03
    0.423655481019756808E+00    0.626568480603623357E+00    0.338669824933159018E+10   -0.142620580328620747E+03
    0.482071676461705290E+00    0.732775870597182077E+00    0.318595970248199224E+10   -0.142612952399712924E+03
    0.482071676461705290E+00    0.732775870597182077E+00    0.318595970248199224E+10   -0.142612952399712924E+03
    0.487869748868196729E+00    0.718366748891849483E+00    0.318565738794894171E+10   -0.142581206593752569E+03
    0.473503520619974361E+00    0.769202250027605672E+00    0.321980833435641623E+10   -0.142577361850417390E+03
    0.472232884911237438E+00    0.673058676053017280E+00    0.322241341144095373E+10   -0.142576125913879309E+03
    0.472232884911237438E+00    0.673058676053017280E+00    0.322241341144095373E+10   -0.142576125913879309E+03
    0.457740703813673433E+00    0.782529216184435938E+00    0.328728018173259020E+10   -0.142567513743817699E+03
    0.457740703813673433E+00    0.782529216184435938E+00    0.328728018173259020E+10   -0.142567513743817699E+03
    0.446582088367755203E+00    0.686221989829263634E+00    0.331114966971072817E+10   -0.142537071476632775E+03
    0.473902375039261414E+00    0.643422366428209713E+00    0.322449616639959574E+10   -0.142529448595198403E+03
    0.473902375039261414E+00    0.643422366428209713E+00    0.322449616639959574E+10   -0.142529448595198403E+03
    0.421009543656523100E+00    0.625120516133275572E+00    0.341066519039827156E+10   -0.142529252559397605E+03
    0.485582720915819721E+00    0.747679027302920574E+00    0.320405705487092209E+10   -0.142528571907605112E+03
    0.485582720915819721E+00    0.747679027302920574E+00    0.320405705487092209E+10   -0.142528571907605112E+03
    0.462509879135441615E+00    0.691296075496612872E+00    0.323050806186656523E+10   -0.142526239281772348E+03
    0.462509879135441615E+00    0.691296075496612872E+00    0.323050806186656523E+10   -0.142526239281772348E+03
    0.475835257613271723E+00    0.631185630043582080E+00    0.322016298344670343E+10   -0.142526034400120693E+03
    0.488721378130752004E+00    0.737976491027772852E+00    0.318617844230479670E+10   -0.142521593160301904E+03
    0.479337634356233777E+00    0.737579558819005499E+00    0.320238191892530441E+10   -0.142509156457820836E+03
    0.466026391381903771E+00    0.663048576325129702E+00    0.324844579575231600E+10   -0.142506388539734473E+03
    0.460957764408306270E+00    0.687491780476802816E+00    0.325364136681024694E+10   -0.142502611653047040E+03
    0.460957764408306270E+00    0.687491780476802816E+00    0.325364136681024694E+10   -0.142502611653047040E+03
    0.425151611976910704E+00    0.607814265232571316E+00    0.338198505566383934E+10   -0.142495042524245065E+03
    0.488375115394460158E+00    0.759110836847707304E+00    0.317398416064051628E+10   -0.142462335463921818E+03
    0.467477382098905159E+00    0.673263889405500748E+00    0.321203639465852976E+10   -0.142458179252711204E+03
    0.467195486388414127E+00    0.648536454164506893E+00    0.321475635888364744E+10   -0.142456754538041253E+03
    0.467195486388414127E+00    0.648536454164506893E+00    0.321475635888364744E+10   -0.142456754538041253E+03
    0.447457824744246890E+00    0.666903286127693562E+00    0.330515969349915075E+10   -0.142452399623056948E+03
    0.440559300909118656E+00    0.692191696270052503E+00    0.331548590727398157E+10   -0.142451176514650172E+03
    0.440559300909118656E+00    0.692191696270052503E+00    0.331548590727398157E+10   -0.142451176514650172E+03
    0.481033588752251717E+00    0.708196258217865804E+00    0.320844309639223957E+10   -0.142442079473491418E+03
    0.474556200088776248E+00    0.772973008761315583E+00    0.321504609974841642E+10   -0.142430220498442026E+03
    0.474556200088776248E+00    0.772973008761315583E+00    0.321504609974841642E+10   -0.142430220498442026E+03
    0.455776159180751539E+00    0.641029771651520974E+00    0.325977219405816078E+10   -0.142428513388334352E+03
    0.457589995954360562E+00    0.697380493181613659E+00    0.326044558779419374E+10   -0.142425940071602867E+03
    0.488059335981789744E+00    0.741305567295096779E+00    0.317158066353514194E+10   -0.142422738684440731E+03
    0.465669737520539806E+00    0.635459649070600818E+00    0.324556290104875231E+10   -0.142416018587819792E+03
    0.485165909067765688E+00    0.698777044005938208E+00    0.318886760017695761E+10   -0.142415559397019535E+03
    0.466371504859190655E+00    0.713005407239883482E+00    0.324194964629240751E+10   -0.142408694393772976E+03
    0.476599013404840066E+00    0.717559929061678758E+00    0.321762342996085978E+10   -0.142406572101077700E+03
    0.429541986472105453E+00    0.741072028741822209E+00    0.336091366778448296E+10   -0.142401147143336317E+03
    0.483802034946270332E+00    0.674764091730171600E+00    0.319872944484468222E+10   -0.142381412664255265E+03
    0.462804011408095683E+00    0.716859157559504467E+00    0.324823873898416710E+10   -0.142379642459329659E+03
    0.470709508070257299E+00    0.764998829383285894E+00    0.322808495026129007E+10   -0.142375413908455727E+03
    0.456154990342070243E+00    0.671514802118656107E+00    0.328742590920465660E+10   -0.142365735241455354E+03
    0.456154990342070243E+00    0.671514802118656107E+00    0.328742590920465660E+10   -0.142365735241455354E+03
    0.415760032530930246E+00    0.622626094923241169E+00    0.342273542890981054E+10   -0.142362625300755610E+03
    0.483022701713703040E+00    0.704652354163570749E+00    0.319640744939767647E+10   -0.142359800694579235E+03
    0.478278863676577792E+00    0.627131873051443023E+00    0.321059342080236483E+10   -0.142348864882078772E+03
    0.462381819663360505E+00    0.706511663637616749E+00    0.324338187499352407E+10   -0.142346422780877901E+03
    0.462381819663360505E+00    0.706511663637616749E+00    0.324338187499352407E+10   -0.142346422780877901E+03
    0.483141981438961088E+00    0.691538236078411472E+00    0.320426334776660824E+10   -0.142339446974356235E+03
    0.462157650269982068E+00    0.777177051931726481E+00    0.326876931729648352E+10   -0.142339153162469131E+03
    0.459317999220419826E+00    0.674281266621427733E+00    0.327123204576349878E+10   -0.142336829169864984E+03
    0.488285836290764108E+00    0.689443753292648509E+00    0.318518987246415806E+10   -0.142336405217925176E+03
    0.488285836290764108E+00    0.689443753292648509E+00    0.318518987246415806E+10   -0.142336405217925176E+03
    0.490080909877467052E+00    0.744859716225267476E+00    0.317469073883370304E+10   -0.142336131813342774E+03
    0.443758211157961158E+00    0.655576293737238913E+00    0.332773869359842873E+10   -0.142327443407482463E+03
    0.447357564395107155E+00    0.699426737410682620E+00    0.331200763888380909E+10   -0.142326554995243839E+03
    0.447357564395107155E+00    0.699426737410682620E+00    0.331200763888380909E+10   -0.142326554995243839E+03
    0.477300759786847273E+00    0.707585696585852020E+00    0.321767013982289219E+10   -0.142322876554218141E+03
    0.451225826831177013E+00    0.705209104215128946E+00    0.329209684621249628E+10   -0.142319164385866287E+03
    0.472859397899104306E+00    0.741223327575120550E+00    0.322794129163029814E+10   -0.142315863603605351E+03
    0.449946852175730383E+00    0.715376581476057538E+00    0.329663588403896093E+10   -0.142315158231553994E+03
    0.461030857785300285E+00    0.626755450824640903E+00    0.325142219700814104E+10   -0.142298284837133849E+03
    0.483462761583557499E+00    0.689969026350985004E+00    0.320527656792462969E+10   -0.142298007692736007E+03
    0.455452156887527437E+00    0.628307209664322741E+00    0.328142217097864676E+10   -0.142293025294283211E+03
    0.444122931916343777E+00    0.685850778094028612E+00    0.332895615759414434E+10   -0.142287770846131593E+03
    0.454612837686676818E+00    0.715381653566781850E+00    0.328975686924221134E+10   -0.142282076586754954E+03
    0.485009199778557387E+00    0.691475066855298692E+00    0.318971251046978855E+10   -0.142279921089280975E+03
    0.466871093293930561E+00    0.669709703009736756E+00    0.323237415078036594E+10   -0.142278679264302809E+03
    0.461289466703578732E+00    0.669482266354311406E+00    0.326429337453045654E+10   -0.142278399472461729E+03
    0.463477203089256495E+00    0.674565738478206001E+00    0.325837480189781857E+10   -0.142260067982431025E+03
    0.464315530480338023E+00    0.637362782068354505E+00    0.327174635424542236E+10   -0.142257883492706043E+03
    0.452326593348271577E+00    0.677633603528594364E+00    0.329578951467627001E+10   -0.142233937372919002E+03
    0.475393720494067196E+00    0.725255455172316488E+00    0.320431886887857246E+10   -0.142227898629849506E+03
    0.474025191956713943E+00    0.738775397551695079E+00    0.321643917791256046E+10   -0.142212071481633075E+03
    0.471602155252027311E+00    0.638970773436009054E+00    0.322573485026537561E+10   -0.142203501088983046E+03
    0.469343055627982619E+00    0.640067439910508185E+00    0.321890386162677050E+10   -0.142199727709850492E+03
    0.450242905470154275E+00    0.717768047812842980E+00    0.329165097632442093E+10   -0.142187546262677415E+03
    0.474486514470528420E+00    0.652312472991319225E+00    0.321029797474437761E+10   -0.142159228005981504E+03
    0.432787554426222965E+00    0.620809538614226497E+00    0.334520213650455713E+10   -0.142157858931498538E+03
    0.469435012292730158E+00    0.617548148986351464E+00    0.324486231884630537E+10   -0.142145450021400194E+03
    0.464547855282508304E+00    0.692649399821403833E+00    0.323736640783149433E+10   -0.142141989496028174E+03
    0.467096690450407082E+00    0.777447426137751307E+00    0.325120390703929710E+10   -0.142140273598336449E+03
    0.454571362563689296E+00    0.665930533657132173E+00    0.327613550938008690E+10   -0.142127397273609034E+03
    0.465181146300960136E+00    0.664710276318174920E+00    0.325837192529599237E+10   -0.142113118231797017E+03
    0.464930283634006514E+00    0.647194164475328293E+00    0.322120830537411690E+10   -0.142107603615959817E+03
    0.468201667266238575E+00    0.683650535351960187E+00    0.322646318580553436E+10   -0.142105931305720844E+03
    0.449994390735353522E+00    0.717409414667502077E+00    0.329657580371452332E+10   -0.142099845629008087E+03
    0.448069538271673840E+00    0.693695674852364164E+00    0.329250459374762249E+10   -0.142097282730330647E+03
    0.467602143947423443E+00    0.729178571657051577E+00    0.324229698092582941E+10   -0.142094792594947677E+03
    0.456273402982535992E+00    0.658222792013168245E+00    0.328447708455739355E+10   -0.142087657350735753E+03
    0.472772788421520263E+00    0.714905368269384667E+00    0.324038440063525581E+10   -0.142075190878444403E+03
    0.472966688839644434E+00    0.645435192704619354E+00    0.321020324872092915E+10   -0.142067561707856669E+03
    0.473328642227410390E+00    0.709770077563442570E+00    0.321879953905756044E+10   -0.142066993852024723E+03
    0.485980344439672918E+00    0.722410399075723575E+00    0.317540435117719603E+10   -0.142060390941313130E+03
    0.448457015473152198E+00    0.736736736873952580E+00    0.329370813752725363E+10   -0.142057569735548867E+03
    0.459649512488959577E+00    0.708348111815713111E+00    0.326842776040741205E+10   -0.142053528785914978E+03
    0.443517968844796218E+00    0.683875512232518190E+00    0.332544745117163563E+10   -0.142045657347023166E+03
    0.474213798491039840E+00    0.673536678466513550E+00    0.321803093250844955E+10   -0.142034197667603877E+03
    0.474323485232602204E+00    0.684694744344806594E+00    0.322337258515848207E+10   -0.142030573078838444E+03
    0.454620158084588499E+00    0.706013730172021070E+00    0.328800766482302856E+10   -0.142025134498875929E+03
    0.478166148088253473E+00    0.643674988462016984E+00    0.320077597416266298E+10   -0.142021725483023232E+03
    0.436353534525409759E+00    0.644197165116706216E+00    0.332991538928278446E+10   -0.142018563837576096E+03
    0.473982629521878529E+00    0.690292033968717078E+00    0.322684610037929344E+10   -0.142007080893871176E+03
    0.453140539301949086E+00    0.619921153687377213E+00    0.328083968808342028E+10   -0.142004985234893894E+03
    0.468312900281405597E+00    0.622813971433746616E+00    0.324230208839636660E+10   -0.142004625554264237E+03
    0.453320946961123183E+00    0.677293092813187059E+00    0.329563079086490774E+10   -0.141989513293966326E+03
    0.454332296183176609E+00    0.653491837828170219E+00    0.329025958761412525E+10   -0.141971559778984187E+03
    0.468520270005670925E+00    0.658632115763390757E+00    0.324339350024675131E+10   -0.141964313387830941E+03
    0.450691859005175055E+00    0.705725139983639949E+00    0.329472001027404118E+10   -0.141957505980550991E+03
    0.434746801600522093E+00    0.623164518184694316E+00    0.336021163160500574E+10   -0.141953817164950010E+03
    0.447411781601913139E+00    0.725390097561058766E+00    0.328926739143666935E+10   -0.141935714004266913E+03
    0.458654306567144288E+00    0.654971547895737416E+00    0.324794411843029881E+10   -0.141933841369281708E+03
    0.468145095385567200E+00    0.635937724688188766E+00    0.323513775139438438E+10   -0.141915930168564103E+03
    0.474173547095805836E+00    0.644367543247007291E+00    0.320830562191714430E+10   -0.141913638664250584E+03
    0.459832153713379599E+00    0.626570202121888187E+00    0.324920027724600220E+10   -0.141912615745898449E+03
    0.451558553484109670E+00    0.628724839783991740E+00    0.328452937841672659E+10   -0.141907158006788791E+03
    0.485767555007044882E+00    0.726879997215554852E+00    0.319782557453799438E+10   -0.141892009397481502E+03
    0.453433985616616686E+00    0.703107525652534093E+00    0.328821081651053476E+10   -0.141886919202905290E+03
    0.453793667630040476E+00    0.687159454201019315E+00    0.329256155191340828E+10   -0.141869404500287999E+03
    0.477424387067545752E+00    0.643322041993826588E+00    0.319700870526767302E+10   -0.141865595685116148E+03
    0.463908556234446101E+00    0.650172152698587524E+00    0.324617346624846268E+10   -0.141864368877248438E+03
    0.457628374503797453E+00    0.725428101095367595E+00    0.326259700797707987E+10   -0.141858765194292687E+03
    0.463600823535787410E+00    0.662218004816946149E+00    0.324469714142512274E+10   -0.141858447099482504E+03
    0.455796527316891242E+00    0.663724845708733469E+00    0.327119458639872599E+10   -0.141853084018102976E+03
    0.462368431813755587E+00    0.682684241959378824E+00    0.326326830748557806E+10   -0.141847754599155905E+03
    0.458180656517393869E+00    0.722008488592058129E+00    0.326169164420595312E+10   -0.141836607150597672E+03
    0.465018470899324743E+00    0.683603386144769232E+00    0.325045163851378489E+10   -0.141822366425658856E+03
    0.451790787464411647E+00    0.684632736644335438E+00    0.329715454183134890E+10   -0.141821976800219829E+03
    0.454290445310480739E+00    0.655865386991106192E+00    0.329545883566661310E+10   -0.141817306892199213E+03
    0.481373463063458129E+00    0.684277356670662584E+00    0.320891558412866354E+10   -0.141815514352038093E+03
    0.448540206790509877E+00    0.665942872736211555E+00    0.330465459194085312E+10   -0.141809612608724251E+03
    0.457606666401365880E+00    0.658262109352749647E+00    0.328265955697995663E+10   -0.141805525002870013E+03
    0.480031415675249706E+00    0.680919150297576437E+00    0.320808394864999819E+10   -0.141796599238799303E+03
    0.460746015896716266E+00    0.677060499848774811E+00    0.323928447801791620E+10   -0.141788419052788186E+03
    0.459410233305214077E+00    0.635554397558488304E+00    0.325073494871363878E+10   -0.141788120713318705E+03
    0.461688862142189405E+00    0.657442902890217340E+00    0.327097109933912754E+10   -0.141785770348454037E+03
    0.473290947730508116E+00    0.664524308749436798E+00    0.323692584177939796E+10   -0.141783124507352454E+03
    0.472912089222112308E+00    0.710786074905019660E+00    0.323699064638565302E+10   -0.141772130331815447E+03
    0.451321680249632873E+00    0.721556689300795639E+00    0.328275975721096706E+10   -0.141771188485107444E+03
    0.479368501607341568E+00    0.670389701860841569E+00    0.321005415718588829E+10   -0.141769248542126633E+03
    0.476992836145762322E+00    0.685429767638300547E+00    0.322117981293017244E+10   -0.141758485596814580E+03
    0.470081558399401134E+00    0.635405249634796832E+00    0.322676647018316603E+10   -0.141748692077386750E+03
    0.465837667668095978E+00    0.688651000985561978E+00    0.323407023083534050E+10   -0.141747608806636663E+03
    0.457604017741128077E+00    0.634148528701585334E+00    0.325234341226915598E+10   -0.141737953267078694E+03
    0.474607472851423073E+00    0.643080730625316122E+00    0.321550824205715275E+10   -0.141734558693246612E+03
    0.477471823805305229E+00    0.669209696185863123E+00    0.321525281635752869E+10   -0.141729198265446797E+03
    0.437008610916277573E+00    0.625992200297826429E+00    0.333485396383270407E+10   -0.141725361556289499E+03
    0.442948731569869858E+00    0.692276922921408300E+00    0.332337118583549309E+10   -0.141713581099418207E+03
    0.469475630437889924E+00    0.640347071191278872E+00    0.323234467070772409E+10   -0.141710245207540225E+03
    0.465791902208053610E+00    0.653879284547906892E+00    0.324088124724320412E+10   -0.141305326329255820E+03
    0.467415582487766712E+00    0.634963118565238460E+00    0.322833576718302631E+10   -0.141433580204291161E+03
    0.467767755710566779E+00    0.631507151562262337E+00    0.322962404912288523E+10   -0.141484312240969587E+03
    0.467003723159175876E+00    0.636250935962676678E+00    0.322831156689295197E+10   -0.141631596318766753E+03
    0.470775790221864776E+00    0.642403164555055639E+00    0.323298752172594547E+10   -0.141259517061856656E+03
    0.471783554125099647E+00    0.642330136300488519E+00    0.322104719860502481E+10   -0.141554390906037554E+03
    0.472025694945983121E+00    0.648102758176513305E+00    0.322657460595725107E+10   -0.141213178597144577E+03
    0.467420718823157888E+00    0.639938390665246715E+00    0.322341755231473494E+10   -0.141478774317876685E+03
    0.466005954536852118E+00    0.633564250555661346E+00    0.323803114782423687E+10   -0.141669772306268158E+03
    0.468036957007839760E+00    0.640515808959049693E+00    0.322681433159123707E+10   -0.141596127881652649E+03
    0.465962766394077077E+00    0.644744350483051676E+00    0.323503095212641621E+10   -0.141526595576360563E+03
    0.465184193873207752E+00    0.648213914176263728E+00    0.323799449075172853E+10   -0.141147549428489469E+03
    0.465110052556613973E+00    0.665868173256834339E+00    0.324291561332650948E+10   -0.141475031009089093E+03
    0.463940920857583927E+00    0.668828577393050239E+00    0.324559019063527584E+10   -0.141373563813035673E+03
    0.462167494148925273E+00    0.670207695438488571E+00    0.325103852085489655E+10   -0.141566083681380775E+03
    0.463603313353926461E+00    0.647765665863602180E+00    0.324832258342511415E+10   -0.141511724151735876E+03
    0.467233113673243938E+00    0.657247765140978046E+00    0.323999485953110504E+10   -0.141542723673443049E+03
    0.465689890413661933E+00    0.641995528576453367E+00    0.323439020478077078E+10   -0.141096691111582288E+03
    0.475592095266715198E+00    0.647556566109424026E+00    0.321216181762217903E+10   -0.141650166567321037E+03
    0.476339175941270232E+00    0.655520892751654927E+00    0.320619982410184813E+10   -0.141531052929068153E+03
    0.474123321540815157E+00    0.666103264189025879E+00    0.323185586529619312E+10   -0.141315799505720719E+03
    0.469504772900352252E+00    0.669733979840811955E+00    0.323872412146765280E+10   -0.141619343413453691E+03
    0.464720617490766652E+00    0.675407618785207831E+00    0.324725511506000996E+10   -0.141568296560443002E+03
    0.461327657326087104E+00    0.668649034390245589E+00    0.325811132633916044E+10   -0.141457295392169527E+03
    0.462117876438635555E+00    0.672696719237551477E+00    0.324386955359755993E+10   -0.141381880510942466E+03
    0.469980252722227210E+00    0.704352611127115225E+00    0.324016753713895607E+10   -0.141516560590148060E+03
    0.447492908826836400E+00    0.735386953883999439E+00    0.329002148292781544E+10   -0.141437695656006412E+03
    0.462923832570990346E+00    0.701524362624448727E+00    0.325168142951058674E+10   -0.141345411672041791E+03
    0.459590453521763531E+00    0.700899795638324719E+00    0.326953643996116638E+10   -0.141679371760337517E+03
    0.457583245753879375E+00    0.717749447539937080E+00    0.326997594568520641E+10   -0.141675068570063758E+03
    0.465589855564825128E+00    0.695757770043247348E+00    0.324763719932601118E+10   -0.141511433166916845E+03
    0.454900512959284964E+00    0.664334947344848104E+00    0.327407925054541922E+10   -0.141533794288325993E+03
    0.460389153628657122E+00    0.660568706637389980E+00    0.326396061337260532E+10   -0.141223253109302505E+03
    0.458646423736710607E+00    0.656717753307189511E+00    0.326051057618264437E+10   -0.141296057143563644E+03
    0.458646423736710607E+00    0.656717753307189511E+00    0.326051057618264437E+10   -0.141296057143563644E+03
    0.458857904371051728E+00    0.660257651664933221E+00    0.326205269268810129E+10   -0.141420254346452452E+03
    0.456102457622931778E+00    0.665246712941483409E+00    0.326332114521707439E+10   -0.141467426001534136E+03
    0.456617195950985433E+00    0.669397904500224072E+00    0.326755425589910746E+10   -0.141423539405270105E+03
    0.458952813204884069E+00    0.671510661678881959E+00    0.326764863324458456E+10   -0.141171775858933643E+03
    0.457100673398865509E+00    0.666210427639850167E+00    0.327243064920479393E+10   -0.140842269482227437E+03
    0.457100673398865509E+00    0.666210427639850167E+00    0.327243064920479393E+10   -0.140842269482227437E+03
    0.458855618739578697E+00    0.654714843249450951E+00    0.326072482711108398E+10   -0.141404152381364298E+03
    0.457389687674173151E+00    0.655333155782864551E+00    0.326095789852587032E+10   -0.141267288662315877E+03
    0.456554008585767890E+00    0.666207864626478852E+00    0.328072611304381132E+10   -0.141370534597211588E+03
    0.454141579304916498E+00    0.660278594233618676E+00    0.327747705484193373E+10   -0.141510987988169347E+03
    0.451167270494035932E+00    0.652177594650755310E+00    0.329600158308667040E+10   -0.141295395774943785E+03
    0.451494346706776073E+00    0.655727663750848677E+00    0.328538873228238916E+10   -0.141438944944709277E+03
    0.453066114860717573E+00    0.649247733964486429E+00    0.327590685019934225E+10   -0.141509661693988733E+03
    0.454949521401108559E+00    0.646682692654227509E+00    0.326969322605249166E+10   -0.141654664142267620E+03
    0.453395766923961219E+00    0.647104546489478238E+00    0.327978889839102173E+10   -0.140856710719358091E+03
    0.453480421151282787E+00    0.661735052980381155E+00    0.329234491355185270E+10   -0.141132790594441559E+03
    0.452199872893111254E+00    0.649922126144113932E+00    0.327930918212933874E+10   -0.141309033596867920E+03
    0.457937263346665901E+00    0.628068935116781191E+00    0.328147866469834089E+10   -0.141332442652835994E+03
    0.453670802393350836E+00    0.623379384541866699E+00    0.327854605009337521E+10   -0.141212894185012686E+03
    0.449992038455417076E+00    0.637136770051187185E+00    0.329102941100865793E+10   -0.141328864486179839E+03
    0.450569889803743517E+00    0.634886064304874154E+00    0.328819968781913996E+10   -0.140813732635191684E+03
    0.450569889803743517E+00    0.634886064304874154E+00    0.328819968781913996E+10   -0.140813732635191684E+03
    0.452958683285358710E+00    0.633843963163796431E+00    0.327867071458370304E+10   -0.141025587543001365E+03
    0.452668857422103776E+00    0.627139419905226703E+00    0.329163579289144373E+10   -0.141380510435531505E+03
    0.455529792497866459E+00    0.643205373374968303E+00    0.327306384752075815E+10   -0.141389919988473793E+03
    0.457607370949533743E+00    0.643099550860631197E+00    0.327493314189952898E+10   -0.141463926488250365E+03
    0.453310750522012473E+00    0.644518934814591660E+00    0.328238408564656353E+10   -0.141304561222346649E+03
    0.453455795836698483E+00    0.641176817304145885E+00    0.328560528071960545E+10   -0.141502753182049162E+03
    0.454115268514069137E+00    0.629947777197534364E+00    0.327437788450903749E+10   -0.141364064714086737E+03
    0.450443204946698983E+00    0.643501362077564920E+00    0.327684822405796480E+10   -0.141683114791106931E+03
    0.456443199180558035E+00    0.639998331034748347E+00    0.328602651164819145E+10   -0.141329977334735389E+03
    0.455791256106105436E+00    0.650827687937095334E+00    0.328334771069018793E+10   -0.141423211481648423E+03
    0.454556693855277694E+00    0.640266867721656752E+00    0.325644524099037790E+10   -0.141266743410503295E+03
    0.455321963513702355E+00    0.625597424469578556E+00    0.326188075510996246E+10   -0.141413679293695964E+03
    0.455560906232483132E+00    0.621911511049653143E+00    0.325638818897324896E+10   -0.141402376575929026E+03
    0.451411705570396837E+00    0.618991651056564507E+00    0.326397136729084969E+10   -0.141618457563990034E+03
    0.461281754005605005E+00    0.624190115654092992E+00    0.325051196588808870E+10   -0.141289075279694401E+03
    0.463533172737530919E+00    0.631158698816410180E+00    0.324950304333385563E+10   -0.141431855381153639E+03
    0.424497923070404681E+00    0.617620435648262855E+00    0.337744885034723616E+10   -0.141639143107959512E+03
    0.425991867144678682E+00    0.625934313825499800E+00    0.336431262360100031E+10   -0.140685972791312395E+03
    0.425991867144678682E+00    0.625934313825499800E+00    0.336431262360100031E+10   -0.140685972791312395E+03
    0.432449906189399436E+00    0.623030475261076688E+00    0.335085948781164408E+10   -0.141683084782759181E+03
    0.428942833468819618E+00    0.614754228341222841E+00    0.336284180946441507E+10   -0.141578734762780471E+03
    0.422888457211975488E+00    0.610414014209334610E+00    0.338353021609646606E+10   -0.141261436046165045E+03
    0.428840789413309664E+00    0.626927963533493227E+00    0.335352891014803362E+10   -0.141076310921145790E+03
    0.439131594649947055E+00    0.624850877840907870E+00    0.332771922365815544E+10   -0.141572540006063662E+03
    0.440663038473205482E+00    0.630541888389565486E+00    0.332587727708121681E+10   -0.141611982929842384E+03
    0.445611359607236301E+00    0.629659038233356227E+00    0.331199288750503159E+10   -0.141607546559247766E+03
    0.447624568353262420E+00    0.634096584740104774E+00    0.329997049292227411E+10   -0.141171757859515765E+03
    0.424500822193749627E+00    0.614848048808090297E+00    0.337579290305461836E+10   -0.141682158392208322E+03
    0.435730258762755451E+00    0.632819060709037373E+00    0.333888908026783037E+10   -0.141019122843949049E+03
    0.449571927696063411E+00    0.629113059129803531E+00    0.329982830891513872E+10   -0.141143851699675395E+03
    0.439033706325604067E+00    0.707587104880056827E+00    0.333941657422237158E+10   -0.141680683052941760E+03
    0.435537824624514180E+00    0.698839618236428706E+00    0.334266574794029808E+10   -0.141578198691982180E+03
    0.448668770538208306E+00    0.689942757223398928E+00    0.330628557413173485E+10   -0.141584847989781281E+03
    0.442584124533707435E+00    0.694018062086197318E+00    0.332229831934539700E+10   -0.141560047423239780E+03
    0.441750434805532832E+00    0.696558834670961247E+00    0.332348865823907089E+10   -0.141682562531838300E+03
    0.438825323726263816E+00    0.681162448625540762E+00    0.333285244597246504E+10   -0.141492354296887754E+03
    0.432317138122553513E+00    0.671411632801566682E+00    0.335171858682467890E+10   -0.141625460953805430E+03
