    0.682161254013285867E+00    0.663266104205831653E+00    0.350491789964390373E+10   -0.106297213427764476E+03
    0.675027506364342611E+00    0.831662209913911710E+00    0.360269929922547150E+10   -0.103680664898468791E+03
    0.571641996195182300E+00    0.645097917736421778E+00    0.382942031109893751E+10   -0.103503492164218642E+03
    0.577852986318537432E+00    0.633793161485762369E+00    0.380135544287780380E+10   -0.103043939361187370E+03
    0.647908884715222011E+00    0.690873971836198919E+00    0.360562468996529150E+10   -0.103000622858030425E+03
    0.700582975184783852E+00    0.744807484989607360E+00    0.348128629168102217E+10   -0.102973880766679400E+03
    0.588494638356853561E+00    0.530276770939835274E+00    0.378111789659884834E+10   -0.102865357239493704E+03
    0.655631537226821437E+00    0.694756648585201475E+00    0.353945007032000971E+10   -0.102733765217713625E+03
    0.693134026517086110E+00    0.634115858801818533E+00    0.357514014792431831E+10   -0.102579959187064532E+03
    0.709090634829907640E+00    0.692997185154704098E+00    0.346507881837816334E+10   -0.102445416448048448E+03
    0.694369938379154950E+00    0.580616143299035770E+00    0.356017459832711887E+10   -0.102249513805327297E+03
    0.647822284784082991E+00    0.728730486506119490E+00    0.358834120527548027E+10   -0.102202483030595303E+03
    0.697759798792924046E+00    0.742606827508950573E+00    0.349121063595880413E+10   -0.102028600136019662E+03
    0.718142710487052471E+00    0.659765797723117942E+00    0.345077282569487238E+10   -0.102021434662723934E+03
    0.668404587548567020E+00    0.695162736998845787E+00    0.359417521620404530E+10   -0.101755137761816826E+03
    0.686757023511534226E+00    0.656473491571972545E+00    0.355981217602322006E+10   -0.101693252756022133E+03
    0.735187764051004056E+00    0.745150345733513575E+00    0.344098841882416868E+10   -0.101669546552075985E+03
    0.631525475170295780E+00    0.732146469306893977E+00    0.362455050199282408E+10   -0.101578143669814438E+03
    0.676604018855372913E+00    0.676570048188127160E+00    0.353023391127430773E+10   -0.101558096831910021E+03
    0.658780438578969174E+00    0.747332518773479393E+00    0.364006317385928774E+10   -0.101463951658839903E+03
    0.610469389086872316E+00    0.718192182535467794E+00    0.373245229677803326E+10   -0.101397978686579535E+03
    0.657892564828566950E+00    0.749991258986131726E+00    0.361151942270277357E+10   -0.101213224663961796E+03
    0.574186576594861831E+00    0.688899239699354737E+00    0.383610357403505707E+10   -0.101070679300182832E+03
    0.673628951861249603E+00    0.805861182189346437E+00    0.354192062029921103E+10   -0.100985384934890490E+03
    0.635022894214848810E+00    0.660865176388917064E+00    0.369263086912285471E+10   -0.100951902029075626E+03
    0.563280463527942588E+00    0.705267992806270172E+00    0.382531992983124733E+10   -0.100922448054657650E+03
    0.667430617700441098E+00    0.678998880616880740E+00    0.360206276205782557E+10   -0.100908578061969976E+03
    0.678697864581214727E+00    0.577445829933084909E+00    0.355063418215746689E+10   -0.100740942249270347E+03
    0.645039393604065259E+00    0.670958500457414786E+00    0.358504103568404531E+10   -0.100691800487181780E+03
    0.683825338840327035E+00    0.643360083713002240E+00    0.351518604070832205E+10   -0.100658932872455125E+03
    0.646615055438634068E+00    0.746904258563965584E+00    0.361337245576026106E+10   -0.100643259185567345E+03
    0.703827931407470908E+00    0.634093511430615209E+00    0.346443944767422295E+10   -0.100487636020398526E+03
    0.685037245844527298E+00    0.690454446542831946E+00    0.356178782636933708E+10   -0.100445158583410844E+03
    0.653456192725098695E+00    0.667409041730435248E+00    0.356675043455235481E+10   -0.100282773557960041E+03
    0.588598500215263165E+00    0.741844404775477528E+00    0.380144158594428682E+10   -0.100198907624326381E+03
    0.633575344420118980E+00    0.729063003886443184E+00    0.364925810985206795E+10   -0.100177542721892394E+03
    0.695197351538958785E+00    0.757618375232091523E+00    0.348734190879990911E+10   -0.100143806092783933E+03
    0.622068458583645567E+00    0.813488307083851225E+00    0.367273043288353920E+10   -0.100131528927649498E+03
    0.617186951833276543E+00    0.642822915130707884E+00    0.366779830058641195E+10   -0.100105910302904732E+03
    0.684074842112073034E+00    0.707608923592077943E+00    0.353261085846479225E+10   -0.100097241332984851E+03
    0.589586730732310382E+00    0.694358588210064909E+00    0.375021062065195894E+10   -0.100055855092170077E+03
    0.629596624621468925E+00    0.607050162873301602E+00    0.369099982850169945E+10   -0.100026411057720111E+03
    0.674435910703853891E+00    0.783697032263830806E+00    0.355471602013700438E+10   -0.100002004415115650E+03
    0.633486091715878219E+00    0.710997417899108086E+00    0.364996231086749125E+10   -0.999944702818967244E+02
    0.594789975150260108E+00    0.689324103709514802E+00    0.374150820767896795E+10   -0.999541504595971730E+02
    0.639207600269227738E+00    0.784283816618867036E+00    0.365766662814313412E+10   -0.999435983747561068E+02
    0.630504360242910122E+00    0.699699131965063614E+00    0.366539707751807690E+10   -0.999428086414901031E+02
    0.622721146759709909E+00    0.616521102596452764E+00    0.369444266651084709E+10   -0.999168586309063471E+02
    0.666246879809440307E+00    0.748344940949914772E+00    0.355251753050173807E+10   -0.999131118025409535E+02
    0.627532295967172415E+00    0.643516348398405214E+00    0.366428595042764139E+10   -0.998592907810302677E+02
    0.644566373926560687E+00    0.790869765481684084E+00    0.360853921134117651E+10   -0.998530920673957496E+02
    0.625680011562946170E+00    0.706219080790525311E+00    0.370895778135274172E+10   -0.998408858082087818E+02
    0.607029500867066862E+00    0.660416875915856849E+00    0.371501688182162619E+10   -0.998012459431554930E+02
    0.688352914960456252E+00    0.728898969507167038E+00    0.351263997231079769E+10   -0.997890162528284463E+02
    0.654726212341527947E+00    0.710326510371912079E+00    0.364911757562158823E+10   -0.997859793412273177E+02
    0.604756672962114217E+00    0.663100860846860485E+00    0.376589498282391214E+10   -0.997385364573150781E+02
    0.645493462203615032E+00    0.807550068912474828E+00    0.366216319545959711E+10   -0.997369328633674286E+02
    0.663561076194148280E+00    0.748754851442754443E+00    0.356885639362214708E+10   -0.996743744656773032E+02
    0.627883050836193002E+00    0.651202883253418463E+00    0.368778007010320187E+10   -0.996166473379624051E+02
    0.698626930441950456E+00    0.736463020401163959E+00    0.352355221103451729E+10   -0.996160928209268661E+02
    0.688795238120449294E+00    0.701404763894224459E+00    0.351830822649232769E+10   -0.995870066789436805E+02
    0.626442043892170952E+00    0.614708770410167915E+00    0.363096717581693268E+10   -0.995802078318753843E+02
    0.590824084766788604E+00    0.655511906949810097E+00    0.378720646950451088E+10   -0.995437358168429824E+02
    0.675385703992832265E+00    0.786847687245211702E+00    0.353773980736228037E+10   -0.995094280609514072E+02
    0.605131053866977187E+00    0.673676480568456526E+00    0.371985046637131166E+10   -0.995029946233943008E+02
    0.634264012770786256E+00    0.745426128532120202E+00    0.362337572920054531E+10   -0.994880863308149941E+02
    0.673417083622195989E+00    0.694437050605893447E+00    0.357012076128119183E+10   -0.994750824916908982E+02
    0.633362334464631416E+00    0.750346798853270158E+00    0.365091496911876869E+10   -0.994662105830897474E+02
    0.643803068016526092E+00    0.673889895291255314E+00    0.361508487593440199E+10   -0.994464507735439014E+02
    0.631863567853430785E+00    0.802028578205417730E+00    0.366899334471762896E+10   -0.994131619336507839E+02
    0.684395572914453409E+00    0.743306009490780184E+00    0.356560072084584713E+10   -0.994109375793757692E+02
    0.611329840700333360E+00    0.781686209469858895E+00    0.370806661954312229E+10   -0.993852132076392820E+02
    0.660876329076360847E+00    0.715099236389544757E+00    0.358093612458042431E+10   -0.993696809487529720E+02
    0.600772357179077288E+00    0.669529410912257816E+00    0.375961744719953442E+10   -0.993601819113461318E+02
    0.600772357179077288E+00    0.669529410912257816E+00    0.375961744719953442E+10   -0.993601819113461318E+02
    0.644286972049656459E+00    0.712930645452196643E+00    0.365258146473498011E+10   -0.993157728328079372E+02
    0.652221483265502555E+00    0.765034577460763643E+00    0.359653891880556393E+10   -0.992951919983365769E+02
    0.651945055824410202E+00    0.689111393611769429E+00    0.360578535065010309E+10   -0.992700926495147513E+02
    0.674706477290467066E+00    0.774057211334781670E+00    0.356055187203345203E+10   -0.992579538556077523E+02
    0.641917365010251761E+00    0.660529995523390312E+00    0.365889294138583946E+10   -0.992572537246227711E+02
    0.677913848774412298E+00    0.756080590239768924E+00    0.352954894968945169E+10   -0.992548836548453153E+02
    0.637171196664529815E+00    0.744154957937402273E+00    0.363991780121146154E+10   -0.992474944120871783E+02
    0.637171196664529815E+00    0.744154957937402273E+00    0.363991780121146154E+10   -0.992474944120871783E+02
    0.620024831163273227E+00    0.771474295674334343E+00    0.370076374373397541E+10   -0.992085163305897311E+02
    0.702297960341174532E+00    0.809208251622964170E+00    0.349922342851558304E+10   -0.991745145887331176E+02
    0.702297960341174532E+00    0.809208251622964170E+00    0.349922342851558304E+10   -0.991745145887331176E+02
    0.644348289638701499E+00    0.645206755674248456E+00    0.360546351668354797E+10   -0.991457510314801880E+02
    0.622090916850897457E+00    0.638082691205365649E+00    0.365206251131781769E+10   -0.991406851189935310E+02
    0.660939065390640068E+00    0.712102446948048140E+00    0.358465646205098724E+10   -0.991352841762571870E+02
    0.631154136636515539E+00    0.720166087573762326E+00    0.366452307157029772E+10   -0.990880451114931304E+02
    0.600937602497928380E+00    0.676556271048427860E+00    0.373774995819346237E+10   -0.990589425699378126E+02
    0.600937602497928380E+00    0.676556271048427860E+00    0.373774995819346237E+10   -0.990589425699378126E+02
    0.623659518140903479E+00    0.750858159492223010E+00    0.370007976279130793E+10   -0.990287439041677970E+02
    0.623659518140903479E+00    0.750858159492223010E+00    0.370007976279130793E+10   -0.990287439041677970E+02
    0.650057714199514858E+00    0.794441110311410625E+00    0.359999271495567369E+10   -0.990120561789788809E+02
    0.650057714199514858E+00    0.794441110311410625E+00    0.359999271495567369E+10   -0.990120561789788809E+02
    0.688870948723208087E+00    0.732717183011219575E+00    0.355281683221136522E+10   -0.990089831292122824E+02
    0.610065974576441850E+00    0.739873268781281013E+00    0.374393942074505472E+10   -0.989942874165989508E+02
    0.610065974576441850E+00    0.739873268781281013E+00    0.374393942074505472E+10   -0.989942874165989508E+02
    0.653739829472375522E+00    0.785972040318121401E+00    0.360506177868032360E+10   -0.989714986572539033E+02
    0.668537236304298066E+00    0.792912030189556916E+00    0.358041434968594742E+10   -0.989678001539171959E+02
    0.639894705063861813E+00    0.670449051082078640E+00    0.365834423006437922E+10   -0.989502775600171702E+02
    0.642301819270917673E+00    0.794876042965650953E+00    0.362720893303906250E+10   -0.989501929543134224E+02
    0.684102910977210876E+00    0.663477575882211568E+00    0.352751365451127911E+10   -0.989420144010071283E+02
    0.684102910977210876E+00    0.663477575882211568E+00    0.352751365451127911E+10   -0.989420144010071283E+02
    0.638003031043282709E+00    0.691634508427512174E+00    0.361957426345224857E+10   -0.989394096672285457E+02
    0.673189428000433465E+00    0.714312730576079247E+00    0.354232173942987013E+10   -0.989347202029677391E+02
    0.623768878743708677E+00    0.658514615445827900E+00    0.369377131104727793E+10   -0.989057106407542221E+02
    0.717543267153440523E+00    0.721511227813376621E+00    0.346673616741430902E+10   -0.988732797565328667E+02
    0.597615481641621482E+00    0.697660446150782931E+00    0.373076334549978733E+10   -0.988483035812072330E+02
    0.637061905993599464E+00    0.663029029206839482E+00    0.364542579565559101E+10   -0.988346443465126754E+02
    0.600445988705234468E+00    0.658862158744891957E+00    0.373354243590483522E+10   -0.988285268897227809E+02
    0.615422570668887281E+00    0.658981944697700328E+00    0.370321375068823719E+10   -0.988236171933888272E+02
    0.599628650883066938E+00    0.667623638959025101E+00    0.372291139965818453E+10   -0.987596653434756035E+02
    0.657067250101651346E+00    0.797698289064175725E+00    0.361210985933430910E+10   -0.987582881408567914E+02
    0.598333427477504176E+00    0.672742714058799152E+00    0.376052209316643238E+10   -0.987286391455010772E+02
    0.598333427477504176E+00    0.672742714058799152E+00    0.376052209316643238E+10   -0.987286391455010772E+02
    0.639884143188708121E+00    0.722940622807612954E+00    0.362022270371052885E+10   -0.987065852376609882E+02
    0.598767592412563165E+00    0.657819354752932739E+00    0.376813922813537121E+10   -0.987040091186126745E+02
    0.621470400882461416E+00    0.709592580892998370E+00    0.370743038599421597E+10   -0.986898839573273392E+02
    0.621470400882461416E+00    0.709592580892998370E+00    0.370743038599421597E+10   -0.986898839573273392E+02
    0.668799125104335479E+00    0.667726793545970310E+00    0.354432782235117245E+10   -0.986870846218034501E+02
    0.638250388826246962E+00    0.624975796701846775E+00    0.366441691107850742E+10   -0.986801262466102003E+02
    0.638250388826246962E+00    0.624975796701846775E+00    0.366441691107850742E+10   -0.986801262466102003E+02
    0.653348510522671955E+00    0.810603837220142509E+00    0.361253897986583614E+10   -0.986800464810286542E+02
    0.650006376193564606E+00    0.699746294877900965E+00    0.363818192552051973E+10   -0.986782328815075971E+02
    0.656106367241231059E+00    0.698341807233600065E+00    0.360458754062224388E+10   -0.986539232802380468E+02
    0.656106367241231059E+00    0.698341807233600065E+00    0.360458754062224388E+10   -0.986539232802380468E+02
    0.624296878695503987E+00    0.643225673456747415E+00    0.369214083021777725E+10   -0.986432136622283622E+02
    0.642272948501770413E+00    0.679174054970285823E+00    0.362577339140346479E+10   -0.986196350672708490E+02
    0.642272948501770413E+00    0.679174054970285823E+00    0.362577339140346479E+10   -0.986196350672708490E+02
    0.588667971016162972E+00    0.606213827959916074E+00    0.375084684705010796E+10   -0.985830899680640584E+02
    0.588667971016162972E+00    0.606213827959916074E+00    0.375084684705010796E+10   -0.985830899680640584E+02
    0.666894150452409185E+00    0.736521424760663734E+00    0.361000387265563440E+10   -0.985570059100921156E+02
    0.666894150452409185E+00    0.736521424760663734E+00    0.361000387265563440E+10   -0.985570059100921156E+02
    0.622232798484830152E+00    0.750786884877868488E+00    0.369016950981197643E+10   -0.985438400722978542E+02
    0.622232798484830152E+00    0.750786884877868488E+00    0.369016950981197643E+10   -0.985438400722978542E+02
    0.680178111332609081E+00    0.666638264924273471E+00    0.352880376402861643E+10   -0.985179872353263733E+02
    0.680178111332609081E+00    0.666638264924273471E+00    0.352880376402861643E+10   -0.985179872353263733E+02
    0.596587122820504856E+00    0.656485602567007831E+00    0.375346947804993916E+10   -0.985125043563175637E+02
    0.640185545528554778E+00    0.691194097150379605E+00    0.365819384786603737E+10   -0.985004867834271067E+02
    0.640185545528554778E+00    0.691194097150379605E+00    0.365819384786603737E+10   -0.985004867834271067E+02
    0.591920764035850033E+00    0.628975290129979214E+00    0.375195217305974293E+10   -0.984986093029452263E+02
    0.651552316854365765E+00    0.723807668999718601E+00    0.362029559493785429E+10   -0.984886779054588430E+02
    0.651552316854365765E+00    0.723807668999718601E+00    0.362029559493785429E+10   -0.984886779054588430E+02
    0.600987212512563040E+00    0.664420282809752294E+00    0.372722089658170986E+10   -0.984759503035993191E+02
    0.600987212512563040E+00    0.664420282809752294E+00    0.372722089658170986E+10   -0.984759503035993191E+02
    0.587549262486358415E+00    0.602766229120941688E+00    0.378396837745510960E+10   -0.984736840694212106E+02
    0.686586293306330253E+00    0.725666226433915540E+00    0.352096171319004631E+10   -0.984665428035544892E+02
    0.686586293306330253E+00    0.725666226433915540E+00    0.352096171319004631E+10   -0.984665428035544892E+02
    0.646532530911222869E+00    0.702469271982588239E+00    0.360530974132064009E+10   -0.984647200496080757E+02
    0.646532530911222869E+00    0.702469271982588239E+00    0.360530974132064009E+10   -0.984647200496080757E+02
    0.640797585423905525E+00    0.689980249487581077E+00    0.364101182386651993E+10   -0.984553453061460715E+02
    0.693380447194400840E+00    0.726890466837751603E+00    0.350967149715761852E+10   -0.984458213880289748E+02
    0.693380447194400840E+00    0.726890466837751603E+00    0.350967149715761852E+10   -0.984458213880289748E+02
    0.689342991068816136E+00    0.831520724869809769E+00    0.352782720275925112E+10   -0.984446660487768952E+02
    0.604621011807183306E+00    0.684780498970006590E+00    0.371706852034738111E+10   -0.984422430086044642E+02
    0.653157018028109104E+00    0.803078608766334412E+00    0.362036966265814352E+10   -0.984400133393995560E+02
    0.623180441103812099E+00    0.711193095306239087E+00    0.370071350445887041E+10   -0.984253659741959268E+02
    0.623180441103812099E+00    0.711193095306239087E+00    0.370071350445887041E+10   -0.984253659741959268E+02
    0.640808332442437956E+00    0.703721895622217986E+00    0.361299164080611181E+10   -0.984182203221513561E+02
    0.612854190633771667E+00    0.631949585335139119E+00    0.369619088469501114E+10   -0.984176397488838290E+02
    0.612854190633771667E+00    0.631949585335139119E+00    0.369619088469501114E+10   -0.984176397488838290E+02
    0.614365169434982539E+00    0.713376708566928031E+00    0.372757386063228559E+10   -0.984059939384879385E+02
    0.614643009149198782E+00    0.693609721132833812E+00    0.371225716371476269E+10   -0.983842191890731499E+02
    0.614643009149198782E+00    0.693609721132833812E+00    0.371225716371476269E+10   -0.983842191890731499E+02
    0.647162564931225148E+00    0.722231496979935272E+00    0.360461499455561781E+10   -0.983830043387836497E+02
    0.647162564931225148E+00    0.722231496979935272E+00    0.360461499455561781E+10   -0.983830043387836497E+02
    0.633403841121695010E+00    0.735816478014008624E+00    0.365004041311174536E+10   -0.983773422283717451E+02
    0.633403841121695010E+00    0.735816478014008624E+00    0.365004041311174536E+10   -0.983773422283717451E+02
    0.666015902931064718E+00    0.723922494714699383E+00    0.358539839994833708E+10   -0.983662385243615063E+02
    0.637587061293793944E+00    0.702011059368270907E+00    0.367899745090377378E+10   -0.983595817766982634E+02
    0.661011794154496068E+00    0.670188108618710032E+00    0.357010468224073839E+10   -0.983535668782116232E+02
    0.655935631525801921E+00    0.703754216117687292E+00    0.361637338754467058E+10   -0.983502579819538170E+02
    0.673036724793588004E+00    0.860594421323483516E+00    0.358891041004860544E+10   -0.983472403094064731E+02
    0.661634358184850502E+00    0.680746208851363832E+00    0.357390425416384125E+10   -0.983461520547772494E+02
    0.633115327778291714E+00    0.697929193829638805E+00    0.364726574898439121E+10   -0.983405604620394200E+02
    0.633115327778291714E+00    0.697929193829638805E+00    0.364726574898439121E+10   -0.983405604620394200E+02
    0.633307423686881532E+00    0.720390491907433983E+00    0.364214974018364143E+10   -0.983377794978393496E+02
    0.639171709941930732E+00    0.695692235834838968E+00    0.364689738097822714E+10   -0.983109419758857257E+02
    0.633082433750206786E+00    0.680439977297629284E+00    0.365186459618621778E+10   -0.983055732722963285E+02
    0.654484692150951619E+00    0.647289144442869002E+00    0.360498958769203186E+10   -0.983035244234077368E+02
    0.592771704705226332E+00    0.593671408892610941E+00    0.376564025191323757E+10   -0.983034505839887061E+02
    0.592771704705226332E+00    0.593671408892610941E+00    0.376564025191323757E+10   -0.983034505839887061E+02
    0.596865685650056821E+00    0.660674871069007352E+00    0.376632358422043610E+10   -0.982979341099061941E+02
    0.645721833570421566E+00    0.691146326426355984E+00    0.362730818713347816E+10   -0.982948555910113839E+02
    0.667169370202913559E+00    0.677625478568220529E+00    0.357634581647599840E+10   -0.982700807423752707E+02
    0.667169370202913559E+00    0.677625478568220529E+00    0.357634581647599840E+10   -0.982700807423752707E+02
    0.615157683495052732E+00    0.645051515726207114E+00    0.368678477658804035E+10   -0.982612714434220322E+02
    0.615157683495052732E+00    0.645051515726207114E+00    0.368678477658804035E+10   -0.982612714434220322E+02
    0.621657202680060972E+00    0.742489922921906853E+00    0.369358223301135683E+10   -0.982586877504977849E+02
    0.662923194282564854E+00    0.742060317395434765E+00    0.358563355710960579E+10   -0.982517812212503259E+02
    0.645260254441968328E+00    0.685678805380023348E+00    0.360511623298997831E+10   -0.982472892105733138E+02
    0.608353274404699995E+00    0.635207324074169577E+00    0.370269186999424219E+10   -0.982405326475830805E+02
    0.666439918937043130E+00    0.686558807125274839E+00    0.358079493836510611E+10   -0.982400676965864363E+02
    0.617061104030524943E+00    0.701439846013267143E+00    0.371917142933340406E+10   -0.982345740518985338E+02
    0.668368963953984818E+00    0.686170486059641149E+00    0.355503765412002611E+10   -0.982319048927336667E+02
    0.668368963953984818E+00    0.686170486059641149E+00    0.355503765412002611E+10   -0.982319048927336667E+02
    0.648565182171961241E+00    0.725347181870102276E+00    0.361591321815163469E+10   -0.982011922446779408E+02
    0.648565182171961241E+00    0.725347181870102276E+00    0.361591321815163469E+10   -0.982011922446779408E+02
    0.612524470930849718E+00    0.696257881106834731E+00    0.370513213756456947E+10   -0.981999472318417617E+02
    0.646469473216432111E+00    0.662545957234542016E+00    0.361928406537133455E+10   -0.981978900020210119E+02
    0.632758384031547605E+00    0.705027159251548241E+00    0.364230777138503838E+10   -0.981873627291872140E+02
    0.652397784270887904E+00    0.782749319129285581E+00    0.360564527944803143E+10   -0.981848678141621178E+02
    0.641343418045514646E+00    0.748886202970773240E+00    0.364321979600050879E+10   -0.981751352983321510E+02
    0.641343418045514646E+00    0.748886202970773240E+00    0.364321979600050879E+10   -0.981751352983321510E+02
    0.626893441631593551E+00    0.684754649496984058E+00    0.368052949789624071E+10   -0.981744732001632485E+02
    0.626893441631593551E+00    0.684754649496984058E+00    0.368052949789624071E+10   -0.981744732001632485E+02
    0.606031815057103462E+00    0.662227561910270879E+00    0.371066861753643990E+10   -0.981702588126580480E+02
    0.606031815057103462E+00    0.662227561910270879E+00    0.371066861753643990E+10   -0.981702588126580480E+02
    0.644706417458292713E+00    0.718605669823265458E+00    0.362330376609144878E+10   -0.981590934002849735E+02
    0.644706417458292713E+00    0.718605669823265458E+00    0.362330376609144878E+10   -0.981590934002849735E+02
    0.629809024320956645E+00    0.697012775213654123E+00    0.366396043764282179E+10   -0.981585586403098489E+02
    0.654519963004478678E+00    0.797743704246760998E+00    0.361889532127261209E+10   -0.981545761719548864E+02
    0.637702023694764919E+00    0.704841914047610985E+00    0.364814271898260593E+10   -0.981425588349540021E+02
    0.634015149656815824E+00    0.679034429373681192E+00    0.366486881430045652E+10   -0.981303197537584566E+02
    0.659066661090438655E+00    0.655959603683216486E+00    0.359475683897278309E+10   -0.981225454421225436E+02
    0.607511076599790423E+00    0.648983239003118939E+00    0.370579808650308371E+10   -0.981125109111785321E+02
    0.632819263413854083E+00    0.726084711240812197E+00    0.365068265837408161E+10   -0.981046458426730510E+02
    0.615725574882056592E+00    0.763174042980118372E+00    0.370003899193195009E+10   -0.980982380258052018E+02
    0.615725574882056592E+00    0.763174042980118372E+00    0.370003899193195009E+10   -0.980982380258052018E+02
    0.623926537970043160E+00    0.683093000282429585E+00    0.367847577394467926E+10   -0.980894541026287357E+02
    0.656966970367012237E+00    0.642755362223997651E+00    0.358909184613781023E+10   -0.980880651608956100E+02
    0.648301379420838431E+00    0.681139456603052196E+00    0.361555768141268539E+10   -0.980866796133860390E+02
    0.679364215746330546E+00    0.734171752881664474E+00    0.355345070269385386E+10   -0.980598859733636914E+02
    0.633302024471052660E+00    0.723788254775303841E+00    0.367151129814790297E+10   -0.980575564499641246E+02
    0.661333926030802099E+00    0.709422752225780329E+00    0.357023579640745640E+10   -0.980569613091950316E+02
    0.661333926030802099E+00    0.709422752225780329E+00    0.357023579640745640E+10   -0.980569613091950316E+02
    0.666704151250980703E+00    0.711784339701154067E+00    0.358056822028725243E+10   -0.980562843977674703E+02
    0.666704151250980703E+00    0.711784339701154067E+00    0.358056822028725243E+10   -0.980562843977674703E+02
    0.620034762577407417E+00    0.684899432954122034E+00    0.369484825839527225E+10   -0.980526883337017239E+02
    0.678032818012405891E+00    0.752764929972936869E+00    0.355993155815270042E+10   -0.980524000530487285E+02
    0.652318486156500343E+00    0.697636627695430889E+00    0.359558543574953270E+10   -0.980473754009742038E+02
    0.641047404340742366E+00    0.767667771538040000E+00    0.364669366968245983E+10   -0.980408861235871143E+02
    0.641047404340742366E+00    0.767667771538040000E+00    0.364669366968245983E+10   -0.980408861235871143E+02
    0.670977241005891401E+00    0.686934131697183759E+00    0.355336619722186661E+10   -0.980392618773088600E+02
    0.648743254411812020E+00    0.773951175353923659E+00    0.363019831113013029E+10   -0.980365912661999630E+02
    0.647910325889116900E+00    0.770983960069655083E+00    0.361126564619260693E+10   -0.980299524053007900E+02
    0.655713049658556257E+00    0.696783943565510100E+00    0.358858164237167692E+10   -0.980299436875564538E+02
    0.640626700077991496E+00    0.726514258050146466E+00    0.363569125350353670E+10   -0.980287830127997495E+02
    0.640626700077991496E+00    0.726514258050146466E+00    0.363569125350353670E+10   -0.980287830127997495E+02
    0.655909381454438556E+00    0.699498412480700438E+00    0.361651013418604660E+10   -0.980227853554427639E+02
    0.587442904616742423E+00    0.625548439412268564E+00    0.376784309704700994E+10   -0.980219709145584517E+02
    0.659568074434189966E+00    0.723839373206825343E+00    0.360497533441834211E+10   -0.980210099922772713E+02
    0.637395453065526585E+00    0.676339355627767702E+00    0.365027384075298786E+10   -0.980186469332364396E+02
    0.594865819807129714E+00    0.637197739464872015E+00    0.375903198347048473E+10   -0.980178193379969116E+02
    0.642016365824669144E+00    0.759489556424446377E+00    0.364801857940886116E+10   -0.980107817116114006E+02
    0.611029199920737343E+00    0.630784555090697197E+00    0.370733327205071640E+10   -0.980008188606778958E+02
    0.611029199920737343E+00    0.630784555090697197E+00    0.370733327205071640E+10   -0.980008188606778958E+02
    0.636771792078609233E+00    0.656151606656020903E+00    0.363572216255484009E+10   -0.979990757918038184E+02
    0.627096032476595955E+00    0.765977340104642579E+00    0.366484372618353033E+10   -0.979981853574552417E+02
    0.611617219800695833E+00    0.641511217616665519E+00    0.369604880131391382E+10   -0.979896248965677756E+02
    0.611617219800695833E+00    0.641511217616665519E+00    0.369604880131391382E+10   -0.979896248965677756E+02
    0.650523064143862073E+00    0.630340977629831656E+00    0.359825749530494690E+10   -0.979879688487792748E+02
    0.608602615290293358E+00    0.691272428522619720E+00    0.370263304355219316E+10   -0.979863466077638208E+02
    0.624856198731576939E+00    0.683297887174505902E+00    0.366103400150773668E+10   -0.979848514712291774E+02
    0.641428710778762956E+00    0.749561617790286405E+00    0.364720745663212729E+10   -0.979776168810029446E+02
    0.650876294999587879E+00    0.765607332542961316E+00    0.361444207151650667E+10   -0.979649680819466084E+02
    0.664062241733616498E+00    0.700210761004793625E+00    0.357016129871055841E+10   -0.979637724257708555E+02
    0.638380959061733089E+00    0.664358039129680833E+00    0.363494662529016209E+10   -0.979552937573424174E+02
    0.648599097996674256E+00    0.784016948312387996E+00    0.362568505010862064E+10   -0.979508324924993872E+02
    0.637883673144875041E+00    0.672808840795038776E+00    0.362597118912112188E+10   -0.979481448898282707E+02
    0.613781718466202664E+00    0.719250936144785413E+00    0.372038199223568249E+10   -0.979378729707690781E+02
    0.646840077053256080E+00    0.772719248280541393E+00    0.362385386053162432E+10   -0.979353402049311228E+02
    0.662736271308245306E+00    0.752666457131640598E+00    0.359037741874237442E+10   -0.979305502490846749E+02
    0.655881177899343304E+00    0.689660402653906601E+00    0.361383725752335644E+10   -0.979266177367781410E+02
    0.663278494649176764E+00    0.699776417092580871E+00    0.357676535139358902E+10   -0.979104996884262277E+02
    0.668629046248389147E+00    0.686937208821554179E+00    0.359738030753152132E+10   -0.979095357186141655E+02
    0.656520904887360812E+00    0.650206890474107624E+00    0.360387518522474575E+10   -0.979088104097107816E+02
    0.647308053053207710E+00    0.779888486161668837E+00    0.363982710692389488E+10   -0.978902319434990602E+02
    0.618690593849203552E+00    0.666656450622124197E+00    0.368543078489052868E+10   -0.978854819291242677E+02
    0.636967633039318137E+00    0.705484764327866998E+00    0.366592751428903580E+10   -0.978789648220732715E+02
    0.619842456696444444E+00    0.654747247045415648E+00    0.368547225864468241E+10   -0.978782299677691157E+02
    0.612117650277331227E+00    0.650518759331461638E+00    0.368066398279321194E+10   -0.978743004134051802E+02
    0.656266822721053300E+00    0.663971379045058541E+00    0.358518486231470728E+10   -0.978650509701021178E+02
    0.658017160105318633E+00    0.736503521421552065E+00    0.360383427588568306E+10   -0.978604639700676842E+02
    0.643316851642292908E+00    0.676274346580376218E+00    0.364597816902960491E+10   -0.978536757345737982E+02
    0.628630158920163495E+00    0.655520150865815054E+00    0.367897828809518719E+10   -0.978520532351310379E+02
    0.605045953125322722E+00    0.718598647438613014E+00    0.373833726428116846E+10   -0.978320279940866300E+02
    0.660017002687257714E+00    0.713169786364947100E+00    0.357929788751329756E+10   -0.978309408081239553E+02
    0.641399199576894397E+00    0.694498658746310227E+00    0.364719371712494326E+10   -0.978219481180688604E+02
    0.597542826548368433E+00    0.628790076312636614E+00    0.374688512936896467E+10   -0.978194644601390735E+02
    0.638742000805592514E+00    0.711109517381684597E+00    0.366017227291159010E+10   -0.978045892585221566E+02
    0.614003537809205358E+00    0.700875070883546059E+00    0.372068948788204622E+10   -0.977839718158440121E+02
    0.631623656939815148E+00    0.699873341954532435E+00    0.366622064363051128E+10   -0.977815566223647465E+02
    0.662753468456881323E+00    0.712272215560798116E+00    0.359921989465000582E+10   -0.977778743456424309E+02
    0.675225669828906749E+00    0.689187244103353081E+00    0.356891694879149771E+10   -0.977736671232963914E+02
    0.623079010108032016E+00    0.770247173327005541E+00    0.368008853761293888E+10   -0.977713518875052188E+02
    0.659861756644372854E+00    0.694582773085187455E+00    0.358073406903636122E+10   -0.977695735809264903E+02
    0.659393667556539609E+00    0.709611227302826109E+00    0.359139640896656942E+10   -0.977666616311040002E+02
    0.668991078598705768E+00    0.743872905276610652E+00    0.358497521223791838E+10   -0.977649575110303743E+02
    0.627820702210976744E+00    0.680594644005340754E+00    0.367687105422029972E+10   -0.977551358911385506E+02
    0.641206941774778771E+00    0.702496787771840658E+00    0.364772927889479160E+10   -0.977520766448870688E+02
    0.679500627887419162E+00    0.717287685895641403E+00    0.354556136600825214E+10   -0.977456440452194215E+02
    0.622909324805393072E+00    0.637500245113585606E+00    0.368788967614083529E+10   -0.977395887192435850E+02
    0.649440018956288667E+00    0.682723347797601576E+00    0.360246645332070112E+10   -0.977314044835875535E+02
    0.675833958730214568E+00    0.788822514256580121E+00    0.356228705168079376E+10   -0.977251020767964462E+02
    0.645945992478976216E+00    0.685760926318170760E+00    0.361075471354020739E+10   -0.977244987647492849E+02
    0.640988097252128020E+00    0.707442367026654750E+00    0.364191676380209589E+10   -0.977132704562159233E+02
    0.661833683296563891E+00    0.823628879037235251E+00    0.359237435284993601E+10   -0.977098486725605682E+02
    0.633578658401626305E+00    0.686051084253646692E+00    0.363576989245288849E+10   -0.977094737597863201E+02
    0.635561661210748530E+00    0.604842916551181276E+00    0.363643797477884769E+10   -0.976993102070281623E+02
    0.629189701521420952E+00    0.683745153877566736E+00    0.366218279065439463E+10   -0.976877038248526191E+02
    0.667250202288293903E+00    0.720816317416240082E+00    0.357690265093384838E+10   -0.976808423294225747E+02
    0.648393258766142289E+00    0.720070314567120562E+00    0.363744139823252535E+10   -0.976796013654041531E+02
    0.637406974643388580E+00    0.774931419110341579E+00    0.364882161124797583E+10   -0.976775165293908003E+02
    0.658156186035328883E+00    0.689721563821221295E+00    0.358099020871334839E+10   -0.976773337511946664E+02
    0.633795466025387944E+00    0.657243785021135452E+00    0.363720718533254910E+10   -0.976718402332450069E+02
    0.658189427160372209E+00    0.801952393043105616E+00    0.359828947302831745E+10   -0.976632023439825900E+02
    0.604932927578084478E+00    0.646885219905353637E+00    0.373107076441775179E+10   -0.976588843152553068E+02
    0.642890734282688281E+00    0.767342759019660647E+00    0.363275957505627823E+10   -0.976522132690672180E+02
    0.656998744890010311E+00    0.688524130755375552E+00    0.360024544152830887E+10   -0.976521352289587128E+02
    0.648932853911164620E+00    0.629016181694698417E+00    0.360100048177907038E+10   -0.976480453398059467E+02
    0.666362111323249406E+00    0.738855014720019909E+00    0.357970996019739199E+10   -0.975127750279805809E+02
    0.665305846486703101E+00    0.732062032662291529E+00    0.358173813481735373E+10   -0.975831840281583283E+02
    0.641486172646258623E+00    0.722604402840826054E+00    0.364393421920487118E+10   -0.973156997708601779E+02
    0.638457809184722058E+00    0.713763171391901707E+00    0.365331808129423952E+10   -0.973483621126372896E+02
    0.645926520486188149E+00    0.732238988126734824E+00    0.363019466145180416E+10   -0.975382836906210571E+02
    0.643848807700494796E+00    0.708944743897570007E+00    0.364270187746932316E+10   -0.973851619516165101E+02
    0.642611938566981511E+00    0.707030584183407029E+00    0.364587217592588949E+10   -0.974178326416706284E+02
    0.637198666662987967E+00    0.701730720487907078E+00    0.363303216371577501E+10   -0.975402549615062071E+02
    0.643376144646122583E+00    0.712832092954435836E+00    0.362378341757760954E+10   -0.975186037500476743E+02
    0.631632511908797656E+00    0.697627178213263477E+00    0.367481363967105770E+10   -0.974375177733424067E+02
    0.627079074773444156E+00    0.702061869248886694E+00    0.366485995745507479E+10   -0.972032650669661962E+02
    0.629186608831233229E+00    0.684824472919093097E+00    0.368061101425551891E+10   -0.976340064426119341E+02
    0.627185335675263134E+00    0.695641985067913637E+00    0.368016017235791159E+10   -0.975217013330402551E+02
    0.631866406879729614E+00    0.713066621831426772E+00    0.366615837062607288E+10   -0.972475281495777750E+02
    0.631866406879729614E+00    0.713066621831426772E+00    0.366615837062607288E+10   -0.972475281495777750E+02
    0.629026334365427320E+00    0.686143389413963689E+00    0.366714273873944378E+10   -0.974974257075822948E+02
    0.627769217830067672E+00    0.682516560054454047E+00    0.366513186677035618E+10   -0.973067046431950047E+02
    0.627387759451288773E+00    0.679366929212550374E+00    0.366173134900299692E+10   -0.971103750917768025E+02
    0.625330103845798235E+00    0.680667665332606475E+00    0.366169198783136368E+10   -0.972733170471827293E+02
    0.631399540342558629E+00    0.681710987794510004E+00    0.367220065709089375E+10   -0.973365424876324141E+02
    0.628575880462641012E+00    0.693834567228874377E+00    0.367448844412623596E+10   -0.974409954936909344E+02
    0.629065453542168251E+00    0.689719935277196328E+00    0.366662279609205103E+10   -0.971129659739446964E+02
    0.656812031995282597E+00    0.715356351096023246E+00    0.361540795149183941E+10   -0.975237488538689234E+02
    0.657360109041297269E+00    0.726114499651981049E+00    0.360978046076866913E+10   -0.973429788260633302E+02
    0.655257351656750364E+00    0.704491908808668299E+00    0.360159065057046032E+10   -0.976102847671188982E+02
    0.655509056461269002E+00    0.701717731702334646E+00    0.360366312549646664E+10   -0.973539231498822062E+02
    0.657898762736910170E+00    0.672760377484298289E+00    0.359613902360868168E+10   -0.975081053861550231E+02
    0.658685918201534215E+00    0.663547417147132279E+00    0.359010235575717545E+10   -0.974167699392117612E+02
    0.660482221919524548E+00    0.687485688125690331E+00    0.359240449163934517E+10   -0.974709996337122675E+02
    0.659279608568195896E+00    0.679386365024662098E+00    0.360519041057269907E+10   -0.976415397584352576E+02
    0.659407393647042928E+00    0.689328366308018303E+00    0.360726757721602488E+10   -0.974457640700711067E+02
    0.645114468636009963E+00    0.748246706970139286E+00    0.362936523662724781E+10   -0.975962503598765636E+02
    0.640402101618808395E+00    0.759006637135115625E+00    0.364258896660103416E+10   -0.973481914179685219E+02
    0.648932642620574152E+00    0.768899975724064433E+00    0.362971709098834801E+10   -0.975304422658572037E+02
    0.644592774082269893E+00    0.780953263659856844E+00    0.363937035156388712E+10   -0.973630185314158894E+02
    0.650358042087821109E+00    0.769096210721613716E+00    0.361846050334367037E+10   -0.976069586871891772E+02
    0.644676969908931641E+00    0.767040851940093305E+00    0.363214783749176788E+10   -0.974387972316221607E+02
    0.651187247571295980E+00    0.772612481215205094E+00    0.362321546919701958E+10   -0.975418871063777146E+02
    0.650196794968137537E+00    0.684598978924835677E+00    0.361425457271596098E+10   -0.974780187903660078E+02
    0.645944352137649336E+00    0.678122647837282599E+00    0.361938169935240459E+10   -0.974965038776875446E+02
    0.638104579330883381E+00    0.662533815700712125E+00    0.363532747813740492E+10   -0.972430485741968766E+02
    0.646325930632735912E+00    0.690473966919340043E+00    0.361814694273517084E+10   -0.973198049824728173E+02
    0.622267423223457627E+00    0.647713546088217740E+00    0.367748948030023384E+10   -0.973990541844530640E+02
    0.625536056107140470E+00    0.652487794140441224E+00    0.368399338288364267E+10   -0.976376704558080633E+02
    0.625055888729158182E+00    0.647319270515891887E+00    0.368404655915641165E+10   -0.975753781042919712E+02
    0.626369940486557253E+00    0.652329258703666426E+00    0.368627530210232830E+10   -0.975910993652547347E+02
    0.625107484034150063E+00    0.645929928190948743E+00    0.367028251794507933E+10   -0.971595844137114852E+02
    0.625107484034150063E+00    0.645929928190948743E+00    0.367028251794507933E+10   -0.971595844137114852E+02
    0.633593366425533322E+00    0.676217464753756659E+00    0.365614638812068415E+10   -0.974697876935523624E+02
    0.630410110936719392E+00    0.668369866438711213E+00    0.365942118421097803E+10   -0.974222076328159972E+02
    0.643663541548605167E+00    0.682781080967465925E+00    0.363080445919777966E+10   -0.972245447869389352E+02
    0.622813513814867048E+00    0.654563436805521093E+00    0.368671812407988358E+10   -0.971925113060667059E+02
    0.648338417716318172E+00    0.657280943516537874E+00    0.360909559495091534E+10   -0.974335765326264038E+02
    0.644474223279766778E+00    0.654101358289695511E+00    0.361542359748671579E+10   -0.973347172718631413E+02
    0.641515453949510261E+00    0.646898592118214211E+00    0.362036181839778471E+10   -0.972120882605396162E+02
    0.658090374903728459E+00    0.647260791892904308E+00    0.359035027563901901E+10   -0.974422656241643779E+02
    0.654899460491902841E+00    0.650485997106763136E+00    0.359087429807334471E+10   -0.975383087795319170E+02
    0.649870972268980163E+00    0.634446388950998141E+00    0.360518259295626259E+10   -0.973911151092399621E+02
    0.645174345834784724E+00    0.628922574744109397E+00    0.360909078205739498E+10   -0.976464757690498857E+02
    0.668862730167337549E+00    0.714153270190291067E+00    0.357214469053242302E+10   -0.975722518474554334E+02
    0.666762191286030315E+00    0.682713312712747822E+00    0.356992504581069851E+10   -0.976378755683176109E+02
    0.672452341647577612E+00    0.683183304907297284E+00    0.358538687471054125E+10   -0.975015598351526194E+02
    0.667268117792734539E+00    0.681188378189904853E+00    0.359475666298568439E+10   -0.974526950232425548E+02
    0.621275698695380907E+00    0.678889081466504507E+00    0.369548423301580811E+10   -0.974417622355769879E+02
    0.616826429304574542E+00    0.658576607275094261E+00    0.369458870423721504E+10   -0.974183655997596532E+02
    0.617649810852854531E+00    0.670822821362918376E+00    0.368267637762279558E+10   -0.974098374392179664E+02
    0.617284484570574055E+00    0.659347786814755921E+00    0.369118591254156303E+10   -0.975169226986403146E+02
    0.619567941138627232E+00    0.649519006731164694E+00    0.370714317291603613E+10   -0.976049135882041696E+02
    0.620852074817460187E+00    0.651451188074281262E+00    0.370648980220543432E+10   -0.976257133878005732E+02
    0.622957430843688709E+00    0.655295548825382212E+00    0.369230722075912046E+10   -0.976169569331129310E+02
    0.610238032123170959E+00    0.677451861472723849E+00    0.369116903379006147E+10   -0.975087092302095328E+02
    0.609792314017076231E+00    0.672977950523472757E+00    0.369636313282272530E+10   -0.972597583647690982E+02
    0.612990320775216535E+00    0.671842654850820509E+00    0.371266067855877829E+10   -0.974592410311005040E+02
    0.611555007523609029E+00    0.657902820993740534E+00    0.371445184876434994E+10   -0.972631518975782399E+02
    0.613482485252765830E+00    0.666595787385874772E+00    0.371200274926394987E+10   -0.972766111175022985E+02
    0.611470200714686940E+00    0.649221035871580199E+00    0.370608975218545771E+10   -0.970623170542360185E+02
    0.611470200714686940E+00    0.649221035871580199E+00    0.370608975218545771E+10   -0.970623170542360185E+02
    0.596090939510120044E+00    0.628012902396065442E+00    0.374716639461917925E+10   -0.973213366372520881E+02
    0.616670158548714986E+00    0.776298969178139231E+00    0.368458335517002916E+10   -0.974775033204547015E+02
    0.625162594819221207E+00    0.771043989532909535E+00    0.367890404308444166E+10   -0.974543978634968937E+02
    0.622397164616626086E+00    0.631708905329048775E+00    0.368070635273090029E+10   -0.971830846236821912E+02
    0.625307836100555625E+00    0.620565670485241583E+00    0.367688188721951866E+10   -0.971641723161670114E+02
    0.614307477649835953E+00    0.633959539454178156E+00    0.369522758362370634E+10   -0.973333197094636375E+02
    0.612753615778287020E+00    0.638200534347850734E+00    0.369706540373891973E+10   -0.972822494596074421E+02
    0.614640782964593346E+00    0.614845911130343481E+00    0.369783345817481947E+10   -0.972809517568830842E+02
    0.626056642545440578E+00    0.626201578209379051E+00    0.368395011251265478E+10   -0.974882415425741868E+02
    0.626928409459770353E+00    0.634171000356841930E+00    0.367774366865238047E+10   -0.972156037999566252E+02
    0.631284583577550240E+00    0.631759211600222415E+00    0.367531559324906397E+10   -0.973709171883801616E+02
    0.629886660386706487E+00    0.618374055114603749E+00    0.367603475096968651E+10   -0.974697307669201365E+02
    0.636492719002755725E+00    0.611002013250201870E+00    0.364969680229204130E+10   -0.969532005339980856E+02
    0.631986201820281313E+00    0.630916376230256759E+00    0.366905268745752239E+10   -0.975905912009341421E+02
    0.629885326553529468E+00    0.609451423381253576E+00    0.364847394182466650E+10   -0.975658273436330887E+02
    0.629340766656132478E+00    0.614018760535472552E+00    0.365224178562300920E+10   -0.971715062137749896E+02
    0.629340766656132478E+00    0.614018760535472552E+00    0.365224178562300920E+10   -0.971715062137749896E+02
    0.634466895755947169E+00    0.613865368370722919E+00    0.365556005433862400E+10   -0.972085504727715062E+02
    0.633111865952536323E+00    0.626742099758839544E+00    0.366257386888855219E+10   -0.976440116448268753E+02
