    0.263275542776911620E+00    0.639913200613166921E+00    0.517177927066322231E+10   -0.172896368365899406E+03
    0.258937815034760155E+00    0.576079963197058120E+00    0.515872316282630825E+10   -0.172595313476437781E+03
    0.223776369594044178E+00    0.600943352092205174E+00    0.563304112534219360E+10   -0.171730239647710306E+03
    0.236455898349737237E+00    0.672449009336435921E+00    0.545175112542159176E+10   -0.171712597133188098E+03
    0.266352642597579015E+00    0.722509653594586965E+00    0.513214690504928112E+10   -0.171219854316751650E+03
    0.217378058294294796E+00    0.576235664544169524E+00    0.571085493226059723E+10   -0.171174805425561431E+03
    0.285732495528300490E+00    0.649865568143020766E+00    0.502145200726149178E+10   -0.171164359105590847E+03
    0.313304690300544086E+00    0.726104417389198176E+00    0.474262672159662533E+10   -0.171131963732599900E+03
    0.211542081033577134E+00    0.620070682573683030E+00    0.576458327126004314E+10   -0.171087920117193903E+03
    0.253224049738733747E+00    0.646777010613458714E+00    0.527563160560649967E+10   -0.170888554509016984E+03
    0.271145458854551269E+00    0.683873772784114209E+00    0.506148408296822357E+10   -0.170705131199646416E+03
    0.263734612621776499E+00    0.648911230129698424E+00    0.512376644642814541E+10   -0.170630511300959370E+03
    0.237949923589412748E+00    0.660415226154118074E+00    0.545351549036181164E+10   -0.170497214261395129E+03
    0.211764407444807901E+00    0.627797282997949679E+00    0.577176611432195091E+10   -0.170484808749829540E+03
    0.285763244800832261E+00    0.681355119648667795E+00    0.497553879473664188E+10   -0.170425024099776522E+03
    0.240551213762530691E+00    0.613169968264717369E+00    0.535833337685214138E+10   -0.170408911742955269E+03
    0.265810893271579529E+00    0.612776331144148756E+00    0.515349801092340565E+10   -0.170333765000591768E+03
    0.230431836129856460E+00    0.609895992111653129E+00    0.545711513885084820E+10   -0.170285375349614412E+03
    0.305608836539999096E+00    0.701116497618903267E+00    0.482552204785416126E+10   -0.170283999192156074E+03
    0.253569554696853994E+00    0.601159645731170755E+00    0.523042808816766739E+10   -0.170259462991663241E+03
    0.271341938849185615E+00    0.623457477526539350E+00    0.503689529384083652E+10   -0.170183721148827544E+03
    0.291070613847959125E+00    0.683832167025130389E+00    0.493905851505624104E+10   -0.170176175443968475E+03
    0.233380585831044429E+00    0.680655577766744457E+00    0.551936343204948139E+10   -0.169941049057006126E+03
    0.272496982780469410E+00    0.667487635874582708E+00    0.503540885234962940E+10   -0.169909430765275545E+03
    0.250338598346157237E+00    0.641647206583606078E+00    0.526940809332628250E+10   -0.169817128150510086E+03
    0.248029441593913658E+00    0.626155397115820023E+00    0.531228666775324535E+10   -0.169753067166262156E+03
    0.263821298670174897E+00    0.611407685757958674E+00    0.514213271864763165E+10   -0.169733544834508336E+03
    0.267677420259743559E+00    0.672622160582749373E+00    0.514716204772422981E+10   -0.169707301560742422E+03
    0.248945881279922288E+00    0.567953547991530527E+00    0.524011988827315044E+10   -0.169644631394963369E+03
    0.272511406147566360E+00    0.604971082428866325E+00    0.505979831202191830E+10   -0.169592650272546763E+03
    0.292443622802765646E+00    0.717369548833383774E+00    0.492505772069233418E+10   -0.169531043456580022E+03
    0.243294491725615347E+00    0.619178912414323435E+00    0.531413700531540298E+10   -0.169509959459939239E+03
    0.277449929301975762E+00    0.618071552204728647E+00    0.500263533624951458E+10   -0.169488281746977805E+03
    0.249090934418713661E+00    0.633988434483070407E+00    0.529689178356985760E+10   -0.169455654019773590E+03
    0.282449299017259625E+00    0.637719362149056224E+00    0.497735382353519344E+10   -0.169444586514392483E+03
    0.269958108263672947E+00    0.641515532402683775E+00    0.512007927244670677E+10   -0.169421878356584926E+03
    0.260078059559570474E+00    0.652784682619811818E+00    0.519450631790992165E+10   -0.169419549110329484E+03
    0.276186395183242006E+00    0.664176144486525288E+00    0.500826684274322987E+10   -0.169304915864907173E+03
    0.283822108028172759E+00    0.664193338679821110E+00    0.497683001721997452E+10   -0.169265501390090037E+03
    0.256912042233074511E+00    0.616943628779342390E+00    0.524846181989135647E+10   -0.169212944822085319E+03
    0.250117252915879662E+00    0.611653991365521676E+00    0.527611801842703342E+10   -0.169140795837502310E+03
    0.228183156666188269E+00    0.627948964130913723E+00    0.558647203612748241E+10   -0.169111475498895459E+03
    0.241382118983009930E+00    0.654036278368577584E+00    0.542528909755527782E+10   -0.169034676544559858E+03
    0.291654596671867550E+00    0.683348440120015610E+00    0.495789717016391754E+10   -0.169024606281292222E+03
    0.231753225451026890E+00    0.633358639632682241E+00    0.551565908277491856E+10   -0.168998924463418348E+03
    0.249601071054778412E+00    0.683498254068620525E+00    0.533712516428682995E+10   -0.168990021683355280E+03
    0.239832313399783559E+00    0.627510987634249062E+00    0.538921750374131775E+10   -0.168927999394306426E+03
    0.239165398958751163E+00    0.666823692974569227E+00    0.540584618752422905E+10   -0.168923521436376802E+03
    0.221018641107044611E+00    0.619110053715260733E+00    0.564521257522402954E+10   -0.168920057972417396E+03
    0.282297655825083482E+00    0.605496652738377605E+00    0.496620720608620834E+10   -0.168916818759034129E+03
    0.240680432788128895E+00    0.606391017517985631E+00    0.535653004989158249E+10   -0.168899372051571618E+03
    0.257326412241440150E+00    0.593028653151257856E+00    0.521442983852118301E+10   -0.168897174742871101E+03
    0.249787512923720700E+00    0.588071462402698586E+00    0.533839142157564068E+10   -0.168849776814252976E+03
    0.258299282100376337E+00    0.591308562100348212E+00    0.519030913173127270E+10   -0.168815320580869979E+03
    0.245023736910944145E+00    0.593837189466494664E+00    0.537851794068449974E+10   -0.168806132522806706E+03
    0.234408466489349043E+00    0.594856844705395460E+00    0.541973690788869286E+10   -0.168802858018548022E+03
    0.313970917472914168E+00    0.660261638356562486E+00    0.475517631126208878E+10   -0.168802045286590385E+03
    0.241665886441673528E+00    0.672474774004982123E+00    0.541160397005753231E+10   -0.168800116679189870E+03
    0.260287755382569264E+00    0.713612948264666258E+00    0.517522841195756245E+10   -0.168788970465584185E+03
    0.222727380870281211E+00    0.627850867498327858E+00    0.562015884936001587E+10   -0.168772356528184474E+03
    0.250924524974606100E+00    0.595224908822038046E+00    0.528671414294594669E+10   -0.168700080350534051E+03
    0.244626562053676888E+00    0.590440847853152206E+00    0.539361872076428127E+10   -0.168690127634421628E+03
    0.236286586835678047E+00    0.701332773752126215E+00    0.547623581615601826E+10   -0.168669341467310943E+03
    0.258146429391706900E+00    0.600943802019695994E+00    0.521114041092553425E+10   -0.168642276997122082E+03
    0.232321041405822326E+00    0.650788093614069751E+00    0.551743151281166363E+10   -0.168627946361330942E+03
    0.255935369161916226E+00    0.668044928586422060E+00    0.518137139395388317E+10   -0.168588403558841037E+03
    0.251754714688108450E+00    0.600621655621765171E+00    0.528308010807980442E+10   -0.168585440473865077E+03
    0.240959437201659521E+00    0.684747228693735721E+00    0.536363895155744553E+10   -0.168554547466104935E+03
    0.285893504123415743E+00    0.719565791255201148E+00    0.497068703542217827E+10   -0.168549468512986266E+03
    0.302993842564719729E+00    0.730980713238798430E+00    0.483502551563644695E+10   -0.168483904466820860E+03
    0.253635034446561936E+00    0.730391912342845728E+00    0.525028506248274517E+10   -0.168481082449662154E+03
    0.242016577747049266E+00    0.631565248774364818E+00    0.541649845099676418E+10   -0.168477465280639279E+03
    0.226337977495046694E+00    0.613348912020356352E+00    0.558408626373768330E+10   -0.168462414244543538E+03
    0.234193600122444834E+00    0.657813678910452282E+00    0.548007796896208000E+10   -0.168455985939430633E+03
    0.257124376193852699E+00    0.653159486026641645E+00    0.518341840490888119E+10   -0.168440580727472252E+03
    0.257124376193852699E+00    0.653159486026641645E+00    0.518341840490888119E+10   -0.168440580727472252E+03
    0.276662279871469630E+00    0.612773866742436724E+00    0.500844714261138630E+10   -0.168439225245857244E+03
    0.270610145781993550E+00    0.641367520066415508E+00    0.505873961044914150E+10   -0.168436086988115534E+03
    0.251669586587760896E+00    0.657694881168914947E+00    0.528907230137960148E+10   -0.168419606066405038E+03
    0.243902197615045835E+00    0.605253435378795501E+00    0.537132917499201298E+10   -0.168395892109372227E+03
    0.242554605054248140E+00    0.700589252511319316E+00    0.538953167548903942E+10   -0.168359268347454872E+03
    0.233732879321301101E+00    0.667554443826865906E+00    0.551392263054179764E+10   -0.168358010852921382E+03
    0.233732879321301101E+00    0.667554443826865906E+00    0.551392263054179764E+10   -0.168358010852921382E+03
    0.301768758187724195E+00    0.728101017399907846E+00    0.482271675085962582E+10   -0.168307095248798873E+03
    0.235187842605006081E+00    0.652069171833764116E+00    0.545268664175886345E+10   -0.168301624729096602E+03
    0.249782684153587564E+00    0.601600954496330331E+00    0.535467264737333679E+10   -0.168288071100255252E+03
    0.241659367206841336E+00    0.598979032869628725E+00    0.539017605417813873E+10   -0.168250992179648080E+03
    0.231465975890419118E+00    0.593205424429450900E+00    0.547001344320026112E+10   -0.168237226965163813E+03
    0.303856966900372172E+00    0.718282851180386928E+00    0.482885923361370468E+10   -0.168213454072823055E+03
    0.246250566174096019E+00    0.653341404751150989E+00    0.536683986563609219E+10   -0.168203012213952434E+03
    0.246250566174096019E+00    0.653341404751150989E+00    0.536683986563609219E+10   -0.168203012213952434E+03
    0.274667105280050616E+00    0.638555414543295896E+00    0.505674915224026680E+10   -0.168195858806424383E+03
    0.240423876970842276E+00    0.687598290729932060E+00    0.538395309167341900E+10   -0.168194682681261980E+03
    0.237896098519326693E+00    0.596627491437487834E+00    0.539098904412343121E+10   -0.168186907638099171E+03
    0.247902602468316968E+00    0.644979124857872677E+00    0.533345650739796543E+10   -0.168181442921496966E+03
    0.247902602468316968E+00    0.644979124857872677E+00    0.533345650739796543E+10   -0.168181442921496966E+03
    0.278339730713498823E+00    0.684471312305062085E+00    0.502239736725557518E+10   -0.168159198798278538E+03
    0.278339730713498823E+00    0.684471312305062085E+00    0.502239736725557518E+10   -0.168159198798278538E+03
    0.274843902529021689E+00    0.665840976054576927E+00    0.502465469482188320E+10   -0.168146740788483470E+03
    0.233501154240722653E+00    0.663408126466336512E+00    0.549180082719728756E+10   -0.168127647808945767E+03
    0.283885106211605454E+00    0.660969898638635200E+00    0.496472778403681946E+10   -0.168118094344696942E+03
    0.283885106211605454E+00    0.660969898638635200E+00    0.496472778403681946E+10   -0.168118094344696942E+03
    0.247748134282266885E+00    0.666516708713553285E+00    0.535800583269382000E+10   -0.168050229654028556E+03
    0.270244980153610592E+00    0.629050854314986196E+00    0.507596354170256710E+10   -0.168049183704904578E+03
    0.270244980153610592E+00    0.629050854314986196E+00    0.507596354170256710E+10   -0.168049183704904578E+03
    0.247429770676891092E+00    0.588886357822346440E+00    0.528574179331177807E+10   -0.168020723947525909E+03
    0.253262374895127762E+00    0.683130478576048361E+00    0.526548977409023285E+10   -0.167979029331846164E+03
    0.278856100987187827E+00    0.626052133013955014E+00    0.500651934661464500E+10   -0.167971707714982756E+03
    0.278856100987187827E+00    0.626052133013955014E+00    0.500651934661464500E+10   -0.167971707714982756E+03
    0.277993201051890848E+00    0.633148904632335530E+00    0.500238879050978756E+10   -0.167965080771713417E+03
    0.277993201051890848E+00    0.633148904632335530E+00    0.500238879050978756E+10   -0.167965080771713417E+03
    0.239132263749316731E+00    0.666558538717456628E+00    0.538416795665680122E+10   -0.167958168968528781E+03
    0.273150808917099974E+00    0.627708042925654297E+00    0.506043435052085495E+10   -0.167953403288297807E+03
    0.259532349401235041E+00    0.634754409738532033E+00    0.517380299539663315E+10   -0.167952126171639009E+03
    0.265527194578930814E+00    0.608230581922894586E+00    0.514259037150409031E+10   -0.167939647781573115E+03
    0.277178624185055011E+00    0.659696568862228716E+00    0.503815468205549812E+10   -0.167900465091394778E+03
    0.277178624185055011E+00    0.659696568862228716E+00    0.503815468205549812E+10   -0.167900465091394778E+03
    0.290080389003598671E+00    0.717715317359958860E+00    0.492649068138562679E+10   -0.167895005293116668E+03
    0.275813379364419742E+00    0.603721360816384944E+00    0.503590663674376583E+10   -0.167892597021332023E+03
    0.241316671687448525E+00    0.620016749230652309E+00    0.535043776117848110E+10   -0.167874171210585047E+03
    0.241316671687448525E+00    0.620016749230652309E+00    0.535043776117848110E+10   -0.167874171210585047E+03
    0.245934911004883905E+00    0.710573683796127398E+00    0.533564775856392193E+10   -0.167870543915200187E+03
    0.242961151516233986E+00    0.680363059464983877E+00    0.533548953186984634E+10   -0.167856135399126572E+03
    0.240964012769305125E+00    0.587257341291769208E+00    0.541013855128004932E+10   -0.167851702160580771E+03
    0.238338789970143683E+00    0.604189842875296534E+00    0.536829872782194710E+10   -0.167851690417837688E+03
    0.238338789970143683E+00    0.604189842875296534E+00    0.536829872782194710E+10   -0.167851690417837688E+03
    0.237320196485971302E+00    0.675387433081752420E+00    0.542293483602042007E+10   -0.167851295291889954E+03
    0.238098209911216940E+00    0.630417926967874465E+00    0.541724538413957500E+10   -0.167846962633682693E+03
    0.275344519712155844E+00    0.639301185462846533E+00    0.502468447547459221E+10   -0.167845222753346349E+03
    0.274198570401876451E+00    0.619353474689949834E+00    0.502894923077958488E+10   -0.167837146587712937E+03
    0.238688781137968320E+00    0.647924977431449278E+00    0.540550579675313759E+10   -0.167809077843035254E+03
    0.254332064905377020E+00    0.625726029351067581E+00    0.529603262102608681E+10   -0.167794837472881824E+03
    0.254332064905377020E+00    0.625726029351067581E+00    0.529603262102608681E+10   -0.167794837472881824E+03
    0.250552885258060520E+00    0.636209588129727166E+00    0.528405489196047592E+10   -0.167781785169309217E+03
    0.250552885258060520E+00    0.636209588129727166E+00    0.528405489196047592E+10   -0.167781785169309217E+03
    0.253172152759517100E+00    0.669018786301272428E+00    0.525761569006925964E+10   -0.167744623706716823E+03
    0.246177520187808696E+00    0.666877579240626517E+00    0.536596646822279549E+10   -0.167718246001423182E+03
    0.246177520187808696E+00    0.666877579240626517E+00    0.536596646822279549E+10   -0.167718246001423182E+03
    0.250785775426871749E+00    0.609724089736179309E+00    0.527752379377100468E+10   -0.167716851254445942E+03
    0.280487093585115588E+00    0.603149519983464444E+00    0.497739304092746925E+10   -0.167706060367161029E+03
    0.287793455166939216E+00    0.724787649058139749E+00    0.496700426331915951E+10   -0.167700248420730702E+03
    0.287793455166939216E+00    0.724787649058139749E+00    0.496700426331915951E+10   -0.167700248420730702E+03
    0.287084314981588706E+00    0.723121273160707290E+00    0.498219498203532410E+10   -0.167693914857438244E+03
    0.267575454693284753E+00    0.617010199510506396E+00    0.514126883501795101E+10   -0.167680796869802180E+03
    0.267575454693284753E+00    0.617010199510506396E+00    0.514126883501795101E+10   -0.167680796869802180E+03
    0.230576425276650787E+00    0.625458753420737423E+00    0.549903052349456596E+10   -0.167668575054892187E+03
    0.230576425276650787E+00    0.625458753420737423E+00    0.549903052349456596E+10   -0.167668575054892187E+03
    0.241722098452371914E+00    0.598670625421311442E+00    0.539024496284465122E+10   -0.167668076996307150E+03
    0.304013916298338460E+00    0.708598785874007930E+00    0.483301694360497475E+10   -0.167667005040937113E+03
    0.246633493766340972E+00    0.610736905894594173E+00    0.534892764206639862E+10   -0.167646028540066197E+03
    0.248570974898638997E+00    0.548871795447674060E+00    0.528145876497972107E+10   -0.167637401815174712E+03
    0.255277300083253167E+00    0.657689186301533724E+00    0.524138702679292297E+10   -0.167634622565943147E+03
    0.255277300083253167E+00    0.657689186301533724E+00    0.524138702679292297E+10   -0.167634622565943147E+03
    0.252385921682518777E+00    0.622491787437351007E+00    0.532607401371198463E+10   -0.167599244215498459E+03
    0.269598904098339309E+00    0.695610939092276226E+00    0.510626467742211151E+10   -0.167595923107647621E+03
    0.269598904098339309E+00    0.695610939092276226E+00    0.510626467742211151E+10   -0.167595923107647621E+03
    0.237401962879423667E+00    0.628300979382927949E+00    0.544518986907022572E+10   -0.167595176836432870E+03
    0.237401962879423667E+00    0.628300979382927949E+00    0.544518986907022572E+10   -0.167595176836432870E+03
    0.251231443740620508E+00    0.594497389067388582E+00    0.529857740614899254E+10   -0.167577990137500706E+03
    0.262343517707082252E+00    0.611379699891505979E+00    0.515625600934350109E+10   -0.167577847303416519E+03
    0.242763619732089597E+00    0.635074749797137628E+00    0.541244249264228344E+10   -0.167545254966324450E+03
    0.242763619732089597E+00    0.635074749797137628E+00    0.541244249264228344E+10   -0.167545254966324450E+03
    0.243455448955258391E+00    0.621955129570464393E+00    0.534091367805510998E+10   -0.167537301903175006E+03
    0.243455448955258391E+00    0.621955129570464393E+00    0.534091367805510998E+10   -0.167537301903175006E+03
    0.247724082303990900E+00    0.660918788795010315E+00    0.532880112557927322E+10   -0.167531346616854421E+03
    0.247724082303990900E+00    0.660918788795010315E+00    0.532880112557927322E+10   -0.167531346616854421E+03
    0.299032218942600680E+00    0.736133850550269031E+00    0.487515764217250156E+10   -0.167521564346143407E+03
    0.241743299153316882E+00    0.665634702095678321E+00    0.536156985451008129E+10   -0.167520802069532408E+03
    0.240813368092390401E+00    0.697147380324880217E+00    0.539637896405634594E+10   -0.167515559061940337E+03
    0.240813368092390401E+00    0.697147380324880217E+00    0.539637896405634594E+10   -0.167515559061940337E+03
    0.247263338198304761E+00    0.596688973327639260E+00    0.528682883612854671E+10   -0.167504738076659663E+03
    0.247263338198304761E+00    0.596688973327639260E+00    0.528682883612854671E+10   -0.167504738076659663E+03
    0.269672105957609876E+00    0.640722623290926663E+00    0.509266158075222397E+10   -0.167494030435556851E+03
    0.269672105957609876E+00    0.640722623290926663E+00    0.509266158075222397E+10   -0.167494030435556851E+03
    0.280037204898396841E+00    0.693694679940289660E+00    0.501711199263514805E+10   -0.167478079508756366E+03
    0.280037204898396841E+00    0.693694679940289660E+00    0.501711199263514805E+10   -0.167478079508756366E+03
    0.271943775845226610E+00    0.629743863076623001E+00    0.506871024014666557E+10   -0.167457445829273126E+03
    0.239972257919568666E+00    0.596106365546102523E+00    0.539101203746622086E+10   -0.167439086469754017E+03
    0.234175253608058132E+00    0.594204262385256143E+00    0.542728513333837223E+10   -0.167426744221328136E+03
    0.242238566130703881E+00    0.625084774972284762E+00    0.536873165688772392E+10   -0.167399910151379544E+03
    0.242238566130703881E+00    0.625084774972284762E+00    0.536873165688772392E+10   -0.167399910151379544E+03
    0.246509961575540004E+00    0.614034308271826035E+00    0.535932971587080669E+10   -0.167391255213138578E+03
    0.246509961575540004E+00    0.614034308271826035E+00    0.535932971587080669E+10   -0.167391255213138578E+03
    0.239332434687324902E+00    0.634111881901693764E+00    0.538409988649843025E+10   -0.167379388858988591E+03
    0.237113261654828822E+00    0.613248505904753216E+00    0.540719850341326523E+10   -0.167370446345783137E+03
    0.237113261654828822E+00    0.613248505904753216E+00    0.540719850341326523E+10   -0.167370446345783137E+03
    0.247963013882472272E+00    0.596271154621597077E+00    0.532168962443659210E+10   -0.167337281580879051E+03
    0.242809454057086926E+00    0.599261988310269444E+00    0.535789936682379723E+10   -0.167336477693236787E+03
    0.251842747717434978E+00    0.615473970792770331E+00    0.527414360976687717E+10   -0.167327401218115028E+03
    0.251842747717434978E+00    0.615473970792770331E+00    0.527414360976687717E+10   -0.167327401218115028E+03
    0.258616291388062802E+00    0.658220494398564782E+00    0.518554344106491089E+10   -0.167318085895599665E+03
    0.231934946020755928E+00    0.632541409683295086E+00    0.549226011870326233E+10   -0.167310779991666351E+03
    0.265796648472875541E+00    0.696310124192208946E+00    0.511856965310139084E+10   -0.167310328075778131E+03
    0.265796648472875541E+00    0.696310124192208946E+00    0.511856965310139084E+10   -0.167310328075778131E+03
    0.246425867672261323E+00    0.705963955569279378E+00    0.532219161504170036E+10   -0.167310032072206440E+03
    0.273312940148524974E+00    0.679304447434894598E+00    0.504462612810971451E+10   -0.167308395229216160E+03
    0.273312940148524974E+00    0.679304447434894598E+00    0.504462612810971451E+10   -0.167308395229216160E+03
    0.246269244268268184E+00    0.635000552233471183E+00    0.535897133670617390E+10   -0.167289908795956791E+03
    0.246269244268268184E+00    0.635000552233471183E+00    0.535897133670617390E+10   -0.167289908795956791E+03
    0.273629416576935180E+00    0.661760395259909373E+00    0.505070371157642460E+10   -0.167281836171455666E+03
    0.273629416576935180E+00    0.661760395259909373E+00    0.505070371157642460E+10   -0.167281836171455666E+03
    0.242257931810949845E+00    0.587611454972806868E+00    0.538393640134512806E+10   -0.167281650810246077E+03
    0.242257931810949845E+00    0.587611454972806868E+00    0.538393640134512806E+10   -0.167281650810246077E+03
    0.241641569425215030E+00    0.628207148242070801E+00    0.535053529180962181E+10   -0.167275877671275964E+03
    0.242951775382722557E+00    0.636838619805628170E+00    0.540259320888910866E+10   -0.167273495154688874E+03
    0.246975907028439745E+00    0.665443754540174126E+00    0.529593820310790634E+10   -0.167248183796918852E+03
    0.272124326114430937E+00    0.606220204289645181E+00    0.507267290374850273E+10   -0.167247237676223733E+03
    0.288373346136962472E+00    0.729271874982700297E+00    0.494090472956686306E+10   -0.167246037665998387E+03
    0.247454510223599156E+00    0.627485860133212725E+00    0.535478826429152679E+10   -0.167238348310806657E+03
    0.245266952576608910E+00    0.688310109129462333E+00    0.532534506134405899E+10   -0.167225782649919807E+03
    0.276953012953903566E+00    0.684027834407746838E+00    0.504567621229479885E+10   -0.167224381119128338E+03
    0.240614472974673588E+00    0.647687184195898880E+00    0.541208066115781403E+10   -0.167191436927156246E+03
    0.255960209335029998E+00    0.651468701947013784E+00    0.521887534387317276E+10   -0.167186651723614659E+03
    0.237537864781968366E+00    0.602830290684043035E+00    0.540786411313391876E+10   -0.167186481307771089E+03
    0.237537864781968366E+00    0.602830290684043035E+00    0.540786411313391876E+10   -0.167186481307771089E+03
    0.255455556175845533E+00    0.598142716997973167E+00    0.525347515849868679E+10   -0.167184529984089380E+03
    0.242790108717054642E+00    0.602719624038428492E+00    0.538003432956213379E+10   -0.167182618912928604E+03
    0.257599364233793815E+00    0.603249421854936685E+00    0.522614382595199394E+10   -0.167175634735299184E+03
    0.257599364233793815E+00    0.603249421854936685E+00    0.522614382595199394E+10   -0.167175634735299184E+03
    0.259675529711551556E+00    0.590760321025094015E+00    0.520085962116729259E+10   -0.167165963968884796E+03
    0.315522950295079596E+00    0.660260907003703323E+00    0.473848259953741264E+10   -0.167136886332247570E+03
    0.249564451938129372E+00    0.707106706234849725E+00    0.530411288012917614E+10   -0.167136202865918250E+03
    0.271900854163119154E+00    0.604951071588917699E+00    0.507218272061965847E+10   -0.167133679084596366E+03
    0.251888452119061190E+00    0.583902314925836663E+00    0.525228317510568047E+10   -0.167116564821754878E+03
    0.251888452119061190E+00    0.583902314925836663E+00    0.525228317510568047E+10   -0.167116564821754878E+03
    0.247088175704044455E+00    0.548430557541815134E+00    0.533953116103961849E+10   -0.167106818758987401E+03
    0.242000485625359307E+00    0.712694055551889250E+00    0.538507353680434132E+10   -0.167106122736244032E+03
    0.237728513484023518E+00    0.633743942010179140E+00    0.543680198517181969E+10   -0.167098321733275611E+03
    0.246593251013890347E+00    0.614574477413572851E+00    0.532541052661498165E+10   -0.167094208311335706E+03
    0.248698124876765181E+00    0.681156879877935495E+00    0.527796795701584911E+10   -0.167089881959690160E+03
    0.293612067568877644E+00    0.723957723979642864E+00    0.491381108538319111E+10   -0.167089204148475915E+03
    0.293612067568877644E+00    0.723957723979642864E+00    0.491381108538319111E+10   -0.167089204148475915E+03
    0.271482079155410561E+00    0.643046650607733028E+00    0.508435583126775837E+10   -0.167075112979317225E+03
    0.241186149182314236E+00    0.611265629706254643E+00    0.538708752443251610E+10   -0.167071849115744556E+03
    0.243723770712740928E+00    0.628177975002163436E+00    0.532716829549981117E+10   -0.167056271352733006E+03
    0.272683826870643853E+00    0.627127880410798255E+00    0.505208962517382717E+10   -0.167047584134620422E+03
    0.272683826870643853E+00    0.627127880410798255E+00    0.505208962517382717E+10   -0.167047584134620422E+03
    0.247852198913045274E+00    0.678419361583745939E+00    0.529673193683756828E+10   -0.167041521697588990E+03
    0.240276438833457950E+00    0.612411582407677457E+00    0.540059605023313618E+10   -0.167035953621231727E+03
    0.240276438833457950E+00    0.612411582407677457E+00    0.540059605023313618E+10   -0.167035953621231727E+03
    0.262477179874800626E+00    0.687047109943721424E+00    0.515916741426376820E+10   -0.167031627043978801E+03
    0.249888671663043627E+00    0.622236017577836975E+00    0.530514584197560883E+10   -0.167024232213656148E+03
    0.246264710017383592E+00    0.649646392853423293E+00    0.536565549628254795E+10   -0.167008131299604969E+03
    0.243223634904283170E+00    0.681674258486387075E+00    0.535389173547293091E+10   -0.167004930105371557E+03
    0.243223634904283170E+00    0.681674258486387075E+00    0.535389173547293091E+10   -0.167004930105371557E+03
    0.246705298929355443E+00    0.598018873668969775E+00    0.536043053137525463E+10   -0.166997222977226954E+03
    0.246705298929355443E+00    0.598018873668969775E+00    0.536043053137525463E+10   -0.166997222977226954E+03
    0.262831667944655956E+00    0.660478771455586866E+00    0.516568854224664021E+10   -0.166983433033366225E+03
    0.246346338322900982E+00    0.713065336791387949E+00    0.533251637796735859E+10   -0.166978891010893790E+03
    0.248598954961730234E+00    0.625220561376163886E+00    0.534040872026081753E+10   -0.166974744722146880E+03
    0.244494226188775310E+00    0.627246732345639657E+00    0.536368402025330544E+10   -0.166972170814486560E+03
    0.252798686262891592E+00    0.583220351518562552E+00    0.524805909839231968E+10   -0.166970293363805951E+03
    0.242828108578010182E+00    0.620065950563720492E+00    0.537077342781549931E+10   -0.166967104292934209E+03
    0.245870876305303243E+00    0.588251556700139844E+00    0.531363896862222290E+10   -0.166952796299882920E+03
    0.245870876305303243E+00    0.588251556700139844E+00    0.531363896862222290E+10   -0.166952796299882920E+03
    0.246539582582087524E+00    0.650668835712300719E+00    0.533672745963446522E+10   -0.166947094488151492E+03
    0.286061684762302038E+00    0.692635878532506410E+00    0.500069052999238873E+10   -0.166945011808548770E+03
    0.249463511413282657E+00    0.599572863555779989E+00    0.528351414062740898E+10   -0.166940116428723570E+03
    0.257598236895761779E+00    0.640473818061062516E+00    0.519038131210083008E+10   -0.166936837083886218E+03
    0.251563098489967774E+00    0.690467628793802746E+00    0.526598693224298954E+10   -0.166935289473592377E+03
    0.251563098489967774E+00    0.690467628793802746E+00    0.526598693224298954E+10   -0.166935289473592377E+03
    0.269640804532150002E+00    0.702725276584692082E+00    0.510062555625451660E+10   -0.166924294470157292E+03
    0.246946320057344904E+00    0.597395283547648148E+00    0.532560931092541599E+10   -0.166920047901436362E+03
    0.250146308967213293E+00    0.704836532781758507E+00    0.529131271870974445E+10   -0.166905111089796890E+03
    0.245008472357789886E+00    0.648546962938302940E+00    0.534652582043421078E+10   -0.166882983271766022E+03
    0.245008472357789886E+00    0.648546962938302940E+00    0.534652582043421078E+10   -0.166882983271766022E+03
    0.249070809678072880E+00    0.612304820294085062E+00    0.532395497488991928E+10   -0.166881935590170997E+03
    0.252368990903602985E+00    0.691944849524032790E+00    0.526595591830871010E+10   -0.166879909150386595E+03
    0.252368990903602985E+00    0.691944849524032790E+00    0.526595591830871010E+10   -0.166879909150386595E+03
    0.242913961296091885E+00    0.645741861907008996E+00    0.540090968527840328E+10   -0.166871587393811126E+03
    0.254419220431614135E+00    0.584744266894780651E+00    0.524080467018521118E+10   -0.166856840154375760E+03
    0.241059696073359031E+00    0.611149899528165008E+00    0.538724890053086948E+10   -0.166856661730532437E+03
    0.252873411727339070E+00    0.602159331298038225E+00    0.524785976637837887E+10   -0.166842166220987508E+03
    0.252873411727339070E+00    0.602159331298038225E+00    0.524785976637837887E+10   -0.166842166220987508E+03
    0.240846604695269417E+00    0.609769795273372495E+00    0.537557031251546764E+10   -0.166827534852085137E+03
    0.252801671252203153E+00    0.579040025320464835E+00    0.523446060119570637E+10   -0.166818131170925398E+03
    0.252801671252203153E+00    0.579040025320464835E+00    0.523446060119570637E+10   -0.166818131170925398E+03
    0.253273004394456935E+00    0.587607945837014256E+00    0.526022105929299545E+10   -0.166815400653336752E+03
    0.252869787182747829E+00    0.593501091838826156E+00    0.524297631172774506E+10   -0.166813478704401064E+03
    0.252869787182747829E+00    0.593501091838826156E+00    0.524297631172774506E+10   -0.166813478704401064E+03
    0.257352035451672234E+00    0.704260182733055018E+00    0.521622558624005890E+10   -0.166803913520477295E+03
    0.251991915616392059E+00    0.682136235803898927E+00    0.526982052018698597E+10   -0.166800057360561027E+03
    0.245293887469516692E+00    0.543962796374234614E+00    0.532711406391924381E+10   -0.166797176102192566E+03
    0.249323954918088675E+00    0.588348836384501084E+00    0.527520011137318039E+10   -0.166794126977565242E+03
    0.250862272650179852E+00    0.607068554070179900E+00    0.529680474209476852E+10   -0.166772781898354538E+03
    0.261723516921653854E+00    0.628021317336679985E+00    0.516893970526971054E+10   -0.166746400843091209E+03
    0.245771472359677945E+00    0.650514104205521804E+00    0.533873335876996517E+10   -0.166745192497546725E+03
    0.278252593012245031E+00    0.667374716565570125E+00    0.503584745697154808E+10   -0.166733407713823055E+03
    0.287493357485485879E+00    0.684638773046724936E+00    0.497767814118413830E+10   -0.166732523655700959E+03
    0.238368398458693564E+00    0.603788788432735757E+00    0.540588589226342583E+10   -0.166731634801979084E+03
    0.276197396891320279E+00    0.670299389208890872E+00    0.503575831422727680E+10   -0.166728317211545971E+03
    0.274347512933850401E+00    0.680244135066484290E+00    0.506436935291976643E+10   -0.166726237834289464E+03
    0.252399102600985137E+00    0.683555346243018391E+00    0.525690482178219986E+10   -0.166722621269751471E+03
    0.245053674681593003E+00    0.622834732854576245E+00    0.536110846285481834E+10   -0.166720738282410366E+03
    0.248371019284695960E+00    0.610497105966288700E+00    0.532598973963512802E+10   -0.166707000823580188E+03
    0.244877283141560931E+00    0.555629858162715706E+00    0.535989164729430485E+10   -0.166704435343053262E+03
    0.282833137933938217E+00    0.682783607427314365E+00    0.497909982344388390E+10   -0.166703310450405411E+03
    0.268134407428398447E+00    0.680181817732378846E+00    0.512276980117866039E+10   -0.166696860072698598E+03
    0.252825480749568066E+00    0.588680477094182919E+00    0.524919523230627251E+10   -0.166694674283686794E+03
    0.264755501719698805E+00    0.683985429975049186E+00    0.514696906015426636E+10   -0.166693351451307223E+03
    0.268934204016442302E+00    0.634122848995083643E+00    0.512937821625099564E+10   -0.166690594224083839E+03
    0.260648672392416014E+00    0.655133057621050341E+00    0.518357691405119896E+10   -0.166674935167208275E+03
    0.251867847940061840E+00    0.676268281622402156E+00    0.526899668458175755E+10   -0.166673634813668798E+03
    0.268125723258489546E+00    0.632342060633011016E+00    0.512079412609159565E+10   -0.166667610362311478E+03
    0.242280688646345221E+00    0.606529487357361674E+00    0.538337671739636326E+10   -0.166667340383020530E+03
    0.248530990976216448E+00    0.597389186515744797E+00    0.531354769312192440E+10   -0.166666968093981893E+03
    0.258578530792864969E+00    0.632890598142219929E+00    0.520205933689650059E+10   -0.166651009449718515E+03
    0.250563627161457858E+00    0.569533454736106393E+00    0.530556743087359905E+10   -0.166645066745807497E+03
    0.239890145923644105E+00    0.616268137468200194E+00    0.539811800260695457E+10   -0.166644940545252723E+03
    0.238957130568739684E+00    0.604088091253615289E+00    0.540259871471582890E+10   -0.166642214622582827E+03
    0.245356063964540849E+00    0.629035882778660849E+00    0.534581718171124840E+10   -0.166628750093553492E+03
    0.246712075385382479E+00    0.610180149595558774E+00    0.532666961947741222E+10   -0.166627577325256254E+03
    0.258505208907285067E+00    0.611914652290712624E+00    0.521175956897717190E+10   -0.166625624832626556E+03
    0.247246140586015739E+00    0.616849912625326624E+00    0.532069357976145077E+10   -0.166624059008591360E+03
    0.245579058283688034E+00    0.632738556824318010E+00    0.534801423466701698E+10   -0.166616949208314111E+03
    0.258477911308705621E+00    0.587094381916088537E+00    0.518703672920535278E+10   -0.166605091103138250E+03
    0.272311647381178190E+00    0.600639392685293316E+00    0.507114740487881374E+10   -0.166601267336641456E+03
    0.287641547971422495E+00    0.699083257434264027E+00    0.501062921608623600E+10   -0.166599728296540093E+03
    0.238207694848691365E+00    0.609338847175722620E+00    0.540978614573248196E+10   -0.166592440957529448E+03
    0.265970981445887433E+00    0.679562625374980911E+00    0.513361701006181622E+10   -0.166591676283926915E+03
    0.261256064961167711E+00    0.654379635184081820E+00    0.518030330672055626E+10   -0.166589250332361644E+03
    0.262449689752316251E+00    0.631131255451071738E+00    0.516331578940019226E+10   -0.166586298237924950E+03
    0.243489421701542474E+00    0.561424585445278623E+00    0.534624740411050415E+10   -0.166579666813547334E+03
    0.270100057827990181E+00    0.661604857341668406E+00    0.510542895513034534E+10   -0.166564415118484192E+03
    0.310827766921328519E+00    0.684471234411468288E+00    0.478845292520404530E+10   -0.166561527638458102E+03
    0.256118854083366099E+00    0.599363539587686844E+00    0.525646222648858547E+10   -0.166558573429372359E+03
    0.273071014690643987E+00    0.594054980451927506E+00    0.506109117667170334E+10   -0.166557015684921851E+03
    0.250577995057256642E+00    0.593475312512536490E+00    0.529102534160726166E+10   -0.166555363968371239E+03
    0.242242686409790964E+00    0.593698218773692332E+00    0.538448998867228317E+10   -0.166552547566040715E+03
    0.263100832978085231E+00    0.667168392122778897E+00    0.515376958412300587E+10   -0.166551064420095969E+03
    0.245370722688468879E+00    0.602069637674077285E+00    0.534414398342854309E+10   -0.166546311970011629E+03
    0.257063963075596869E+00    0.636299287720742512E+00    0.521591515030990601E+10   -0.166541892261749751E+03
    0.259093432936232826E+00    0.660980462237542810E+00    0.518410488702457428E+10   -0.166535712815112902E+03
    0.264103185370514693E+00    0.684300433030260891E+00    0.515195791360917568E+10   -0.166531581732212715E+03
    0.272511235452498113E+00    0.675387602602604886E+00    0.506624787673874187E+10   -0.166529631892029784E+03
    0.259837608507217321E+00    0.597569964670654485E+00    0.520008008933463478E+10   -0.166526647693976031E+03
    0.254705359728388370E+00    0.704692078583423864E+00    0.524709062595238495E+10   -0.166522871888781310E+03
    0.250845512142423455E+00    0.583689126728732077E+00    0.528605499844614124E+10   -0.166519258141271678E+03
    0.272142489230139450E+00    0.672744347682613153E+00    0.507948485131375313E+10   -0.166518138793337357E+03
    0.249810170802873988E+00    0.580225104141296910E+00    0.529968671227452946E+10   -0.166517325414126674E+03
    0.274656388744654811E+00    0.625299153088260340E+00    0.507308989097485828E+10   -0.166516250422479914E+03
    0.271926836533989802E+00    0.626140412639816901E+00    0.508964331471460629E+10   -0.166489101470335243E+03
    0.239340966194483362E+00    0.603912445596952452E+00    0.542026399456599522E+10   -0.166484424326761086E+03
    0.256960265344952643E+00    0.661179409522947736E+00    0.520329318318374729E+10   -0.166482820722531443E+03
    0.266947416897536649E+00    0.636899330707613842E+00    0.513262584899766254E+10   -0.166471600961300481E+03
    0.280206990192286176E+00    0.674473656903888497E+00    0.499336204805764198E+10   -0.166469167964139899E+03
    0.298971522861649797E+00    0.700175039816286926E+00    0.486473628536961937E+10   -0.166466274099392763E+03
    0.274269372390163746E+00    0.608601503363427554E+00    0.506619564026213074E+10   -0.166465414537656869E+03
    0.248469572036939201E+00    0.619161314140297847E+00    0.531994292737998199E+10   -0.166463273832928394E+03
    0.243455816530114166E+00    0.605520138978034694E+00    0.535859834604749870E+10   -0.166461743860456892E+03
    0.250569518067322805E+00    0.717100306793856390E+00    0.528890623511979389E+10   -0.166460460034573913E+03
    0.273729101753874715E+00    0.608958007398261003E+00    0.505739500347250080E+10   -0.166459402989015445E+03
    0.243009715610318588E+00    0.649539629388231177E+00    0.538295006397330475E+10   -0.166455990365809157E+03
    0.272877945524727938E+00    0.662970345782774473E+00    0.507854999970498180E+10   -0.166455893972336582E+03
    0.276656188137832659E+00    0.658433840253614733E+00    0.505011760677726746E+10   -0.166455740461284392E+03
    0.255137629695811385E+00    0.586339267772263639E+00    0.524991733054782009E+10   -0.166449166616523797E+03
    0.243220416864314837E+00    0.612876003380719681E+00    0.538570592778469181E+10   -0.166443492374780305E+03
    0.253979437282651987E+00    0.582095487439138637E+00    0.525636233374060345E+10   -0.166438625439249051E+03
    0.260390397337794399E+00    0.607028366348895787E+00    0.519750088002974701E+10   -0.166425259545837235E+03
    0.244619922600131490E+00    0.630771364350559693E+00    0.535048618775885296E+10   -0.166417275358438530E+03
    0.247114582902255131E+00    0.687010782813544552E+00    0.531244958308874035E+10   -0.166400309961885057E+03
    0.276195851882615528E+00    0.704342578223975835E+00    0.504730806107926464E+10   -0.166397465118884270E+03
    0.260813956398245395E+00    0.653712763961646459E+00    0.517786650597037792E+10   -0.166395200744203862E+03
    0.260538044682608605E+00    0.650929169078136027E+00    0.518721325686660194E+10   -0.166393069810736222E+03
    0.257015197569383680E+00    0.593634332913275387E+00    0.524824957314853477E+10   -0.166391409817893702E+03
    0.273781571495918197E+00    0.660291521541811477E+00    0.507742280724288654E+10   -0.166389677002659312E+03
    0.250058392003105978E+00    0.624285312253709535E+00    0.530134134254992676E+10   -0.166384754551036281E+03
    0.265260830863661867E+00    0.667812903077958708E+00    0.514913729994292736E+10   -0.166377330586628887E+03
    0.255386407999797060E+00    0.593394745152490799E+00    0.524060311072548866E+10   -0.166375898835343150E+03
    0.256656655200087069E+00    0.588564685640049490E+00    0.521601151023420238E+10   -0.166367409344958077E+03
    0.262780078000689088E+00    0.642228708547794014E+00    0.516280629035127354E+10   -0.166361537389410955E+03
    0.249308883243115009E+00    0.708265413722790171E+00    0.531050862360095119E+10   -0.166359309482497252E+03
    0.258819311601794555E+00    0.609533075298715588E+00    0.520903043562807465E+10   -0.166357806399901051E+03
    0.262489756302737687E+00    0.674237046697429676E+00    0.516198089324501991E+10   -0.166357594880997937E+03
    0.285599482390276938E+00    0.699279029550542219E+00    0.497184415569414806E+10   -0.166346786163427907E+03
    0.254659603297125003E+00    0.601301309455442023E+00    0.525669650263669968E+10   -0.166342299204939479E+03
    0.262694785758897209E+00    0.621916780363068966E+00    0.517890899327908134E+10   -0.166341841869283201E+03
    0.271316825630207981E+00    0.691763858882838534E+00    0.508921941829239559E+10   -0.166314882016842603E+03
    0.246586346460354655E+00    0.591376382540126144E+00    0.532933067567418480E+10   -0.166313900195404017E+03
    0.274321562149832554E+00    0.599262469621660188E+00    0.505822875053208256E+10   -0.166311144071784753E+03
    0.242752825252862403E+00    0.610277261281328975E+00    0.536770908841943645E+10   -0.166300072997066366E+03
    0.258689576520203690E+00    0.583153949859934073E+00    0.519173569320668030E+10   -0.166296232081963865E+03
    0.276210739569650088E+00    0.658976417123751546E+00    0.506047482962876415E+10   -0.166284536937343319E+03
    0.264123307982747191E+00    0.665636443280979151E+00    0.515122083253722191E+10   -0.166272997688137394E+03
    0.263560641413277175E+00    0.692560789271862376E+00    0.514794167634946060E+10   -0.166266501918578626E+03
    0.283529217217449003E+00    0.687269269964536633E+00    0.498112031015097332E+10   -0.166255549898703009E+03
    0.272765712812417516E+00    0.618835648316952813E+00    0.507567981763715935E+10   -0.166237203150784097E+03
    0.273544543870216705E+00    0.633920058464585878E+00    0.508116360468272305E+10   -0.165428406168609769E+03
    0.273265809048330088E+00    0.612543169216380079E+00    0.507447176924203396E+10   -0.165119244240327930E+03
    0.273265809048330088E+00    0.612543169216380079E+00    0.507447176924203396E+10   -0.165119244240327930E+03
    0.271737841354815490E+00    0.606355031663118993E+00    0.509130556621366978E+10   -0.165272057291873836E+03
    0.271737841354815490E+00    0.606355031663118993E+00    0.509130556621366978E+10   -0.165272057291873836E+03
    0.274757943175830743E+00    0.616759827164283791E+00    0.506598206676717281E+10   -0.165663965358197231E+03
    0.275010108589350710E+00    0.606050635030667806E+00    0.506199953412530041E+10   -0.165409123860819477E+03
    0.272825712780105645E+00    0.620291174662641609E+00    0.508788580610846233E+10   -0.165903036973210135E+03
    0.273560276986324680E+00    0.622446253336150335E+00    0.507731740835657310E+10   -0.165321357894976927E+03
    0.271466199090978577E+00    0.623854621605142157E+00    0.510389085335709667E+10   -0.165376207409249361E+03
    0.271466199090978577E+00    0.623854621605142157E+00    0.510389085335709667E+10   -0.165376207409249361E+03
    0.271639202336309948E+00    0.613758681735031786E+00    0.509050685614542198E+10   -0.165846219283302560E+03
    0.273508989758146359E+00    0.619082318329230219E+00    0.507422662778061867E+10   -0.165820413042602240E+03
    0.271159993239972474E+00    0.627867175538996847E+00    0.509852877058241272E+10   -0.165445922668272345E+03
    0.263125291222986168E+00    0.644071964468807323E+00    0.516560288107479572E+10   -0.165774357773131271E+03
    0.262943607089965503E+00    0.636690639907023126E+00    0.516429623618446255E+10   -0.165554328329908913E+03
    0.265620595505339507E+00    0.636388436856677231E+00    0.515361135300225735E+10   -0.165894989297126358E+03
    0.271895349385197216E+00    0.665918993505201229E+00    0.508302379480291748E+10   -0.165812174010475815E+03
    0.269476926369739800E+00    0.660165927089336080E+00    0.510553962827667618E+10   -0.165794839828413416E+03
    0.273079592662151205E+00    0.661204385060493394E+00    0.506859656735608959E+10   -0.166195495329111310E+03
    0.272626669167639613E+00    0.656901552043285264E+00    0.508293071327381611E+10   -0.165924173829354061E+03
    0.271530045987359803E+00    0.654497489451422609E+00    0.509444694173531342E+10   -0.165546333034718486E+03
    0.274459503864357079E+00    0.659427012418296599E+00    0.506483482792606163E+10   -0.165821756984813817E+03
    0.267743041242230972E+00    0.656029699830963153E+00    0.512172221390674591E+10   -0.166018154602947988E+03
    0.275923089749631978E+00    0.660747739662996381E+00    0.504030370614307690E+10   -0.166122199694661703E+03
    0.279499330868438867E+00    0.662518731590775900E+00    0.502278967692590332E+10   -0.165820663310298926E+03
    0.277980220354514584E+00    0.664837904400286561E+00    0.502551461233884430E+10   -0.166127401706104479E+03
    0.267420947310343549E+00    0.658925450390807299E+00    0.512926290922617149E+10   -0.165656814529884713E+03
    0.267420947310343549E+00    0.658925450390807299E+00    0.512926290922617149E+10   -0.165656814529884713E+03
    0.274512775741792558E+00    0.679627095774275602E+00    0.506969556973107052E+10   -0.165677501360348145E+03
    0.270646800016800138E+00    0.686884222458468585E+00    0.509400604416547012E+10   -0.165613683344075639E+03
    0.277191418558877023E+00    0.685187275149081287E+00    0.505761750237812901E+10   -0.165909629701731660E+03
    0.278502118518525410E+00    0.682814479303253563E+00    0.505743483183773327E+10   -0.165722181828180112E+03
    0.278166985161670099E+00    0.678057126589116876E+00    0.505427555255120373E+10   -0.165705125272059234E+03
    0.278166985161670099E+00    0.678057126589116876E+00    0.505427555255120373E+10   -0.165705125272059234E+03
    0.278630530952337918E+00    0.685907249884463610E+00    0.505468541986959839E+10   -0.165902701048727380E+03
    0.268144204683331000E+00    0.685426522085554879E+00    0.511269008532900810E+10   -0.166221291308385958E+03
    0.269413419692451195E+00    0.692748210427531319E+00    0.510831919674440193E+10   -0.165808080745168439E+03
    0.269352372728138112E+00    0.691104382136117579E+00    0.510316599121453285E+10   -0.166156974874616679E+03
    0.268766461755853003E+00    0.691833834296151196E+00    0.511152075730945301E+10   -0.166180114222319389E+03
    0.265529699492368987E+00    0.670148155778944599E+00    0.514199846691488934E+10   -0.165915434154472507E+03
    0.265052363033123684E+00    0.669997700098530657E+00    0.514578030438276005E+10   -0.166077418972093199E+03
    0.252769795832294641E+00    0.707750333598738735E+00    0.527366868267348289E+10   -0.166205877597599340E+03
    0.253292912269311998E+00    0.707204488319220559E+00    0.526281192689998055E+10   -0.165986538980895176E+03
    0.258601360565049565E+00    0.693537706243654739E+00    0.521550333662460136E+10   -0.166168159956167358E+03
    0.257608810225567919E+00    0.679064515831310445E+00    0.521529214918078423E+10   -0.166197149306916458E+03
    0.261016786505884502E+00    0.676629044718673356E+00    0.519301660995235062E+10   -0.165729148560549675E+03
    0.255401027860822805E+00    0.697665082821499638E+00    0.525104127855768681E+10   -0.165825474732453529E+03
    0.260314112838614498E+00    0.670282572175267433E+00    0.519544884454003811E+10   -0.165860788331701315E+03
    0.307744087615437201E+00    0.701143986527679175E+00    0.480991995451671791E+10   -0.166192239509342642E+03
    0.304681315398452612E+00    0.692911886574732350E+00    0.485170344334326077E+10   -0.165993884363844643E+03
    0.285453361664320615E+00    0.695582181372172315E+00    0.498289131605200100E+10   -0.165318526057332463E+03
    0.285453361664320615E+00    0.695582181372172315E+00    0.498289131605200100E+10   -0.165318526057332463E+03
    0.288233060205761171E+00    0.740627123712268798E+00    0.494960260669461918E+10   -0.166232169676304892E+03
    0.246137174279576987E+00    0.586710501938544127E+00    0.532737202952657795E+10   -0.165987874965312386E+03
    0.250115528801993059E+00    0.615103922588033925E+00    0.530353291454609299E+10   -0.166203768844431238E+03
    0.243511171894296830E+00    0.626136238486186159E+00    0.536156172066948032E+10   -0.166207777451152253E+03
    0.242831933563290581E+00    0.612579953558325840E+00    0.538439473903186893E+10   -0.166175146968724562E+03
    0.247084577353103907E+00    0.622354917983365397E+00    0.533753187669331169E+10   -0.166213117090296578E+03
    0.253881747942701241E+00    0.593089648360486166E+00    0.524931217519390678E+10   -0.166001173305608631E+03
    0.251547702792300432E+00    0.604284763390301904E+00    0.528550794228122330E+10   -0.166225191053751388E+03
    0.253064562042906505E+00    0.597692211424231346E+00    0.526280069151023483E+10   -0.166111888172758796E+03
    0.258566964469212790E+00    0.607567180396017648E+00    0.520967268907472610E+10   -0.165492390650942070E+03
    0.257690579565136857E+00    0.606787364056556200E+00    0.521667635823270512E+10   -0.166140086613775054E+03
    0.257669388464000615E+00    0.584031449001393810E+00    0.520756550971803474E+10   -0.166034294293847552E+03
    0.257134679678914402E+00    0.588836294400152838E+00    0.522333375146758366E+10   -0.165523300086488632E+03
    0.257134679678914402E+00    0.588836294400152838E+00    0.522333375146758366E+10   -0.165523300086488632E+03
    0.258146909244950540E+00    0.598950255099111928E+00    0.520847258337502861E+10   -0.165896201852691547E+03
    0.254467822110271191E+00    0.595468648125862643E+00    0.524394346181716919E+10   -0.166221487143624927E+03
    0.254838472762799251E+00    0.599335668727524862E+00    0.524431840010202980E+10   -0.166146436581657696E+03
    0.253880331624367184E+00    0.597476752938504774E+00    0.525103958840747070E+10   -0.165929012938309512E+03
    0.255538420019928603E+00    0.593743547239737879E+00    0.524355397041771412E+10   -0.165612486885570661E+03
    0.256278912940518855E+00    0.598325962589065341E+00    0.523290921403637505E+10   -0.165872780196172585E+03
    0.256010927743769490E+00    0.595381137606059596E+00    0.523503175908414268E+10   -0.165579926020865173E+03
    0.256211777171152844E+00    0.596691842238058712E+00    0.523891949810521317E+10   -0.165298024967344304E+03
    0.256067469072641551E+00    0.592039207540713264E+00    0.522980575083857441E+10   -0.166237026249259145E+03
    0.255864488822464597E+00    0.598045583499970945E+00    0.524856146426005650E+10   -0.165935735307729715E+03
    0.256749337766410124E+00    0.587510675135497706E+00    0.521289647305000973E+10   -0.166014368704334601E+03
    0.259032279937517540E+00    0.586752981024741160E+00    0.520164635203470325E+10   -0.166177376030604506E+03
    0.253548570255524741E+00    0.603093791238286769E+00    0.525973724846013737E+10   -0.165830993989992123E+03
    0.255575759513819334E+00    0.601922185121727793E+00    0.523200130826338959E+10   -0.165912424973735511E+03
    0.256023246462799559E+00    0.580933423998409637E+00    0.522032753148764133E+10   -0.166194991674597077E+03
    0.255178439466600904E+00    0.588283584576242191E+00    0.525541776618276882E+10   -0.166152050092563400E+03
    0.252330854209813549E+00    0.577799324318675644E+00    0.527762958990979576E+10   -0.166026970461597585E+03
    0.251104359058177962E+00    0.590565277633974262E+00    0.529834240969060230E+10   -0.165642565618500328E+03
    0.253740549409281924E+00    0.586777961534680870E+00    0.526357677241303062E+10   -0.165877250757768167E+03
    0.249887187628573315E+00    0.557815247993204366E+00    0.531349629681815910E+10   -0.165709001860723788E+03
    0.249110163754681535E+00    0.568854883392717170E+00    0.530714095291199493E+10   -0.165885509309642373E+03
    0.250738467735485415E+00    0.564548620081644970E+00    0.530186731888278008E+10   -0.165797661943086780E+03
    0.257783491419105781E+00    0.617735657670234417E+00    0.523230768008819389E+10   -0.165677718694923954E+03
    0.258773811586478719E+00    0.615102400744396149E+00    0.521251249546504116E+10   -0.166118603725853234E+03
    0.264773831545302318E+00    0.612916036748236692E+00    0.515438372554946232E+10   -0.165224356910423580E+03
    0.264773831545302318E+00    0.612916036748236692E+00    0.515438372554946232E+10   -0.165224356910423580E+03
    0.260553371401302025E+00    0.634791551050080116E+00    0.518817296403052902E+10   -0.165933504294788861E+03
    0.257689449733150722E+00    0.626702818773852144E+00    0.523233297847321796E+10   -0.165765409316599289E+03
    0.259830434228321361E+00    0.636166436907894095E+00    0.519153426211519241E+10   -0.166083581625026937E+03
