    0.159084892186189220E+01    0.692200556048765403E+00    0.347846381890589058E+09    0.132334708780283836E+06   -0.630847288582716175E+02
    0.179677142798914713E+01    0.715849956642230723E+00    0.339624804002911389E+09    0.136358127888998890E+06   -0.630532919706788775E+02
    0.147205073857238355E+01    0.710046822016288992E+00    0.360809354704798877E+09    0.140606198375832639E+06   -0.621489253719572048E+02
    0.177590277007129305E+01    0.723930912263939685E+00    0.339494488414629459E+09    0.136419011375393631E+06   -0.618591826739075543E+02
    0.178564084964231462E+01    0.775302546604838216E+00    0.340371382139483452E+09    0.133019170715791959E+06   -0.610416232064846156E+02
    0.145922826581663734E+01    0.665472980709888251E+00    0.352517176396428287E+09    0.140762326864187315E+06   -0.608724392213167391E+02
    0.175475491988292687E+01    0.704340626862100194E+00    0.339692865764905274E+09    0.129736499242668811E+06   -0.608421346294655265E+02
    0.174533264429346713E+01    0.785031117116092858E+00    0.346231886344218969E+09    0.131580850443835603E+06   -0.606151899273960950E+02
    0.165864798605936192E+01    0.728952957984383865E+00    0.338004540667979598E+09    0.143528035685398121E+06   -0.606138280286728204E+02
    0.149883895018472901E+01    0.652289832740140074E+00    0.354359356345315754E+09    0.144953484645618824E+06   -0.605749599150393010E+02
    0.168006073911984122E+01    0.736417691331590074E+00    0.344533623470397294E+09    0.129954793716018074E+06   -0.601376292016125547E+02
    0.168638143323335044E+01    0.696548339819850870E+00    0.345059844362247407E+09    0.139911992477291875E+06   -0.600271447880921087E+02
    0.154535922972621909E+01    0.684205426609869161E+00    0.347076842235259056E+09    0.134394533343635849E+06   -0.597990337184456635E+02
    0.156079510755777462E+01    0.699599061956679869E+00    0.348895121909666777E+09    0.143869223325387924E+06   -0.597705194279692478E+02
    0.172923270365410375E+01    0.787494705507423731E+00    0.338225111027070284E+09    0.136489978316357010E+06   -0.597429012531935086E+02
    0.178363954634167565E+01    0.714310339117576909E+00    0.341678074225470483E+09    0.130755644873641373E+06   -0.597274681340032316E+02
    0.166266924824698559E+01    0.732963619187084525E+00    0.342046249327636480E+09    0.146458688412410440E+06   -0.597094285689887840E+02
    0.173350928593837872E+01    0.720737486280448092E+00    0.345960327827944100E+09    0.133044448938201851E+06   -0.596805325301436724E+02
    0.158493260059243379E+01    0.726036956290140978E+00    0.347331455308513284E+09    0.139324517993913149E+06   -0.596778255757839133E+02
    0.148858749943556523E+01    0.716182243670747010E+00    0.354580485972163558E+09    0.139559277112386510E+06   -0.596714353809345042E+02
    0.165273944200657041E+01    0.735479954069445441E+00    0.345072110978752732E+09    0.132383754249054036E+06   -0.595308680935642940E+02
    0.156077537394754873E+01    0.731923215058362331E+00    0.353466187362565339E+09    0.138268147406199656E+06   -0.595151466981986275E+02
    0.150446006277976552E+01    0.775777029280092290E+00    0.355430719484838665E+09    0.141517861620540527E+06   -0.594575333256675833E+02
    0.169198432035649193E+01    0.690235375793704975E+00    0.339896875438222349E+09    0.138268562640084449E+06   -0.594369425529468742E+02
    0.162566622202608579E+01    0.672294840396863158E+00    0.346100856671002507E+09    0.131505216991312453E+06   -0.594305320121007270E+02
    0.170896271086623686E+01    0.709882287506582443E+00    0.344726065547431052E+09    0.131980023201749515E+06   -0.594211502769817628E+02
    0.164886299539320480E+01    0.783790260118179205E+00    0.346645062448442400E+09    0.139332017892929696E+06   -0.593217496172849508E+02
    0.169758811147184097E+01    0.732164610312197706E+00    0.340319981777160347E+09    0.139773391122079222E+06   -0.592578902103346579E+02
    0.169450845104823355E+01    0.760110438941100419E+00    0.344503724016259432E+09    0.132071220169355249E+06   -0.592383011648437758E+02
    0.154106086279707966E+01    0.711144763436432736E+00    0.346253064450192750E+09    0.146804567799307319E+06   -0.592342911177242968E+02
    0.151474016307027104E+01    0.736209774819944762E+00    0.349998628068387806E+09    0.140099691635159863E+06   -0.591924525474401122E+02
    0.172137739088435726E+01    0.684388031389426388E+00    0.343887106405489385E+09    0.135926242837025347E+06   -0.591766566681667072E+02
    0.165596334549295876E+01    0.694424400859780189E+00    0.344385926842450500E+09    0.130699812809656258E+06   -0.591752003562321889E+02
    0.160955261184845866E+01    0.725665802586626274E+00    0.346964083740060925E+09    0.143573006065280148E+06   -0.591437824639170628E+02
    0.158925032476180750E+01    0.742735127470909973E+00    0.344863351267149091E+09    0.141028475061803765E+06   -0.591030206606915769E+02
    0.156621559850183933E+01    0.774860091430800146E+00    0.353990437705135643E+09    0.140293050983757217E+06   -0.590740183039091562E+02
    0.164627767238195188E+01    0.781964758241399327E+00    0.343563889667155504E+09    0.142211988625472673E+06   -0.590542738374955434E+02
    0.156358546183294878E+01    0.781927153830152211E+00    0.352696638311321199E+09    0.143588695321356907E+06   -0.590361396638948435E+02
    0.155978556056706053E+01    0.696513810344646878E+00    0.345480061207655787E+09    0.146994506539098482E+06   -0.590312466285123065E+02
    0.151103637896104237E+01    0.746863574085524284E+00    0.344860835138089776E+09    0.147142601157109049E+06   -0.589320999020030243E+02
    0.165224855325628939E+01    0.703690484451926501E+00    0.339724777499532640E+09    0.139039498231161007E+06   -0.589065841805646002E+02
    0.156537156623485041E+01    0.783109631359356850E+00    0.346296015379148602E+09    0.144144698112822400E+06   -0.588707614024709969E+02
    0.169816557702674786E+01    0.763238905175109394E+00    0.340927137599570692E+09    0.131462334375422302E+06   -0.588383096435057382E+02
    0.153106537620693617E+01    0.803077878438389181E+00    0.351529394786523998E+09    0.145762381472382782E+06   -0.587792824029764773E+02
    0.151206042243292038E+01    0.764667898010977343E+00    0.355935318367134094E+09    0.143741929568029649E+06   -0.587765325624624566E+02
    0.156238243626151241E+01    0.743875268548424007E+00    0.353393142248945415E+09    0.143252691791936493E+06   -0.587193478033524627E+02
    0.159241161529517106E+01    0.785965639295079566E+00    0.344067254197678804E+09    0.147018012447039422E+06   -0.587173097957790233E+02
    0.168155640241275428E+01    0.786404352848769417E+00    0.343962119916181803E+09    0.137484444172411400E+06   -0.586826844664465952E+02
    0.167036388799687874E+01    0.746538629392528019E+00    0.348858104730359912E+09    0.132222256980088510E+06   -0.586571939797289943E+02
    0.169149721453629542E+01    0.690062633316870233E+00    0.345072965238840342E+09    0.131661296801964054E+06   -0.586443368844148836E+02
    0.174810423824333006E+01    0.710082584864078825E+00    0.337081640957962990E+09    0.135332515388218802E+06   -0.586148811757983736E+02
    0.167512308574760760E+01    0.762599047770395888E+00    0.340847142916088939E+09    0.133759781933674938E+06   -0.585997470539947045E+02
    0.164892023806891896E+01    0.758875256346040583E+00    0.344650957140810192E+09    0.136370227738353278E+06   -0.585820005764784000E+02
    0.160655175691675844E+01    0.692913899408568845E+00    0.342951134284430087E+09    0.141940526786541770E+06   -0.585770673914288409E+02
    0.173121232749813303E+01    0.744331804383989049E+00    0.344341822229945481E+09    0.137634373836939427E+06   -0.585745248605745132E+02
    0.163097298808680558E+01    0.705614139201058421E+00    0.343195134366839468E+09    0.137547541496015154E+06   -0.585369882835068154E+02
    0.167119490890333222E+01    0.749555541047365548E+00    0.348182205330430090E+09    0.135777685897471441E+06   -0.585200510495002106E+02
    0.151390181444885741E+01    0.749766188519577437E+00    0.353800277082529485E+09    0.142095054434101563E+06   -0.584891763278995285E+02
    0.161846023246048509E+01    0.724443613598116265E+00    0.353856962382696867E+09    0.137506230821636302E+06   -0.584879587109727694E+02
    0.154197500839091894E+01    0.673433494472924110E+00    0.349123070491320372E+09    0.143127400765178143E+06   -0.584674252954989129E+02
    0.157419864570727430E+01    0.789376402696662094E+00    0.348374313771967113E+09    0.141198023077170248E+06   -0.584436285474085793E+02
    0.165675074592744909E+01    0.658319224803742387E+00    0.342916890601185799E+09    0.136423890520202025E+06   -0.584434622633628607E+02
    0.154044604303763921E+01    0.747477227988317949E+00    0.348793494591731846E+09    0.139973943157044909E+06   -0.584084745509104692E+02
    0.152724537687515105E+01    0.746946935203408380E+00    0.350533040190929115E+09    0.135579739045226423E+06   -0.584057768416571577E+02
    0.158238771445572413E+01    0.682294938792607830E+00    0.349232356292263448E+09    0.136132568060021993E+06   -0.583943560231782683E+02
    0.168262147263039763E+01    0.744958212645559836E+00    0.345124282375270307E+09    0.134017730691521749E+06   -0.583875177142179567E+02
    0.164165058303283895E+01    0.729972016647443933E+00    0.351943652423301756E+09    0.137798024311929446E+06   -0.583468444272451165E+02
    0.166410891021624852E+01    0.725591006765780921E+00    0.350445510218169630E+09    0.140337352683540870E+06   -0.582849986511220948E+02
    0.152057065641051747E+01    0.728869986778851509E+00    0.350761009953251958E+09    0.136825253743371519E+06   -0.581636521400874145E+02
    0.153315358122539158E+01    0.769390708301146642E+00    0.348373873167066813E+09    0.146979999684151378E+06   -0.581606796425687236E+02
    0.157540464875520447E+01    0.780835463921671469E+00    0.349675775985990167E+09    0.139546679687527328E+06   -0.581165348229972736E+02
    0.170260679306919727E+01    0.675808644334718434E+00    0.342629297116565883E+09    0.138779833843739267E+06   -0.581133565797455631E+02
    0.154859567715720803E+01    0.762104581986268848E+00    0.349554619858467758E+09    0.139429244489397825E+06   -0.580962455451331010E+02
    0.161249756934825061E+01    0.718227542516484796E+00    0.345806054630679846E+09    0.135830689763617527E+06   -0.580921981464416604E+02
    0.152785988566644226E+01    0.742457043793112614E+00    0.351112264518668771E+09    0.141754428603324428E+06   -0.580506846635827003E+02
    0.168936707573052880E+01    0.756104876706735318E+00    0.346324610204288304E+09    0.132875493710444745E+06   -0.580463523978205203E+02
    0.155603079846669057E+01    0.757435294531981995E+00    0.347700700496579349E+09    0.139755483228053170E+06   -0.580400717275576170E+02
    0.163178770223867242E+01    0.733254919029728836E+00    0.349417772345822275E+09    0.135160697096702963E+06   -0.580319847217222389E+02
    0.166558099939489379E+01    0.705904237141279367E+00    0.341950529802008331E+09    0.134709181673334155E+06   -0.579930415209168757E+02
    0.170604049866673280E+01    0.714947145829501807E+00    0.338516415141856968E+09    0.135787929629880702E+06   -0.579830215958114934E+02
    0.166540386760975800E+01    0.772941813372774345E+00    0.343602682531020999E+09    0.141814778711020947E+06   -0.578856538877009399E+02
    0.170668718906185379E+01    0.791006977931524524E+00    0.338541041486634791E+09    0.138551288205087156E+06   -0.578672755852605718E+02
    0.169778201939903561E+01    0.703021236450871445E+00    0.342795416611987174E+09    0.137837275931644865E+06   -0.578504201170861450E+02
    0.172897887768292691E+01    0.747437614486203827E+00    0.343109396317432940E+09    0.135239447164882498E+06   -0.578406891525570401E+02
    0.166757339618528699E+01    0.707432262350213392E+00    0.346145795827617168E+09    0.137721939328450622E+06   -0.578017109231495141E+02
    0.166888260408518563E+01    0.792364045940286310E+00    0.344586527803784907E+09    0.143058524475283106E+06   -0.577826869662059579E+02
    0.160860858798512285E+01    0.759745725972583497E+00    0.347357706596018732E+09    0.139539143450090545E+06   -0.577822757443154984E+02
    0.152325481725204792E+01    0.717874402990544613E+00    0.344845336019217372E+09    0.145391913308902906E+06   -0.577759683266350166E+02
    0.154772085043583685E+01    0.783420924811084607E+00    0.348447432989281833E+09    0.145315469420081470E+06   -0.577572808146132601E+02
    0.155816242106977842E+01    0.769898804469622888E+00    0.351709271042271495E+09    0.142621030314773059E+06   -0.577467664652036916E+02
    0.170420503484165708E+01    0.695745089832814578E+00    0.340927234699162126E+09    0.132526603615380882E+06   -0.577422245853607876E+02
    0.167664025127381766E+01    0.724892967252868559E+00    0.347383147288917959E+09    0.134071729390341323E+06   -0.577367344708421655E+02
    0.174407736401538149E+01    0.719693696134440231E+00    0.342522893279663801E+09    0.134731796401496948E+06   -0.577362955885536522E+02
    0.174407736401538149E+01    0.719693696134440231E+00    0.342522893279663801E+09    0.134731796401496948E+06   -0.577362955885536522E+02
    0.167356153473540137E+01    0.766439939177409268E+00    0.345387046392762840E+09    0.141319713194041862E+06   -0.577358506657611343E+02
    0.169342493953285333E+01    0.758366012527874389E+00    0.343525732944795430E+09    0.132797385867114557E+06   -0.577336585768873505E+02
    0.158017872041978413E+01    0.727333767357576377E+00    0.349021409625952601E+09    0.137692228423749679E+06   -0.577336419914400665E+02
    0.161301679147566057E+01    0.788557888453725653E+00    0.350012743312211215E+09    0.142195788686375425E+06   -0.576925800421842325E+02
    0.172732556287895123E+01    0.733386948204643119E+00    0.342124642350984395E+09    0.139755813031125203E+06   -0.576867637144655987E+02
    0.168907235836253533E+01    0.724043759392231312E+00    0.338609516889030397E+09    0.138819312342820835E+06   -0.576599839068771090E+02
    0.171249474979498006E+01    0.739675346245346699E+00    0.345331454389088809E+09    0.141867859450227872E+06   -0.576595843919751587E+02
    0.163393246270149151E+01    0.788095744844802493E+00    0.344566937891500831E+09    0.144293017727950442E+06   -0.576584186722451548E+02
    0.177711794275986024E+01    0.783916706358871007E+00    0.338727232845521629E+09    0.134086691541580542E+06   -0.576555608158076041E+02
    0.164824458616102065E+01    0.689075492766131337E+00    0.348524826121815145E+09    0.133537551277267135E+06   -0.576428455722023259E+02
    0.164218513433500046E+01    0.677406492586753561E+00    0.341499280535199106E+09    0.138238030254278856E+06   -0.575766100885523571E+02
    0.164040486162468069E+01    0.768451795001382276E+00    0.345589520383663058E+09    0.139716454052183952E+06   -0.575504491249659011E+02
    0.153873506374379132E+01    0.720694321368314128E+00    0.347788267753314972E+09    0.145275533733279386E+06   -0.575361338524669819E+02
    0.160740904538385965E+01    0.773494756661620375E+00    0.350499673875293732E+09    0.137985118460619618E+06   -0.575250318302582784E+02
    0.171475528127335641E+01    0.754733965576878774E+00    0.338759121738427937E+09    0.135040860674220457E+06   -0.574999127250263058E+02
    0.161492493666779335E+01    0.720786377295949521E+00    0.348699079216277838E+09    0.135362203569032921E+06   -0.574955951038966120E+02
    0.153910277708811960E+01    0.731745509459954313E+00    0.347536649162845612E+09    0.145195698288902844E+06   -0.574694719885346217E+02
    0.161223823035756864E+01    0.747918293366459874E+00    0.345823694552540362E+09    0.140952648529213766E+06   -0.574635825862564928E+02
    0.161869024274457196E+01    0.755814132092868629E+00    0.347284809492161632E+09    0.144161631898164720E+06   -0.574535005935526044E+02
    0.164936835095077461E+01    0.720110655318868531E+00    0.344228150967527151E+09    0.135723470312228776E+06   -0.574316232347469224E+02
    0.163568985721532112E+01    0.781364895326589703E+00    0.343650380723977864E+09    0.141848414298839227E+06   -0.574124509283501396E+02
    0.169153779179953223E+01    0.752717053664532898E+00    0.342156335796115398E+09    0.142283293704763841E+06   -0.573974810244440832E+02
    0.169153779179953223E+01    0.752717053664532898E+00    0.342156335796115398E+09    0.142283293704763841E+06   -0.573974810244440832E+02
    0.164437723089917687E+01    0.753187171283530965E+00    0.344719197388086498E+09    0.135278394021513086E+06   -0.573834129618027902E+02
    0.167214491245485442E+01    0.712147670219030360E+00    0.346646845305729687E+09    0.134276476683747955E+06   -0.573794194202720718E+02
    0.168604755874296353E+01    0.660876584970728320E+00    0.341484667612365186E+09    0.134139103030269471E+06   -0.573323653232797383E+02
    0.170461242780688993E+01    0.746363754437327387E+00    0.346463788159561872E+09    0.136456641182902327E+06   -0.572908210828685611E+02
    0.168955710355043864E+01    0.782000844264979733E+00    0.347613599111951828E+09    0.134896954981944262E+06   -0.572906735398933264E+02
    0.167238081348502488E+01    0.784956420043024572E+00    0.346499651635283351E+09    0.135304447596743586E+06   -0.572855657782108239E+02
    0.169288101074381947E+01    0.714252347362825279E+00    0.343595261629578710E+09    0.137720573654426989E+06   -0.572578398083846238E+02
    0.153499032247030121E+01    0.698543291763521701E+00    0.350783667615085125E+09    0.142067427605631732E+06   -0.572105140142551818E+02
    0.167906812071198952E+01    0.758997055962459477E+00    0.343274614616881132E+09    0.139127517301718966E+06   -0.571840806608370045E+02
    0.159734005718770167E+01    0.674224830102225781E+00    0.346678996742380023E+09    0.134373840205863642E+06   -0.571810566282122252E+02
    0.159734005718770167E+01    0.674224830102225781E+00    0.346678996742380023E+09    0.134373840205863642E+06   -0.571810566282122252E+02
    0.163089935998512003E+01    0.789274114811804761E+00    0.343067756036668837E+09    0.137305699558157969E+06   -0.571674436275794733E+02
    0.163089935998512003E+01    0.789274114811804761E+00    0.343067756036668837E+09    0.137305699558157969E+06   -0.571674436275794733E+02
    0.164664048865397827E+01    0.717489660189396972E+00    0.346719692190407872E+09    0.136935503115166444E+06   -0.571559277440661333E+02
    0.162025680657419091E+01    0.743059199951533689E+00    0.347671124623126745E+09    0.134402504373833042E+06   -0.571549915409550096E+02
    0.170841514382028437E+01    0.767854447923584704E+00    0.342875674689635158E+09    0.138822992669467203E+06   -0.571543156637178669E+02
    0.170841514382028437E+01    0.767854447923584704E+00    0.342875674689635158E+09    0.138822992669467203E+06   -0.571543156637178669E+02
    0.176366338158727909E+01    0.763662904315233426E+00    0.338561237303097606E+09    0.135401346688588092E+06   -0.571231405644648760E+02
    0.167251612428241403E+01    0.706751180999327655E+00    0.343593294009885132E+09    0.138644938182991376E+06   -0.571226483401506044E+02
    0.167251612428241403E+01    0.706751180999327655E+00    0.343593294009885132E+09    0.138644938182991376E+06   -0.571226483401506044E+02
    0.165364403547101357E+01    0.737745609200983310E+00    0.345931695664557815E+09    0.133275858808407647E+06   -0.571142298275913234E+02
    0.168369855036289739E+01    0.768944394898527506E+00    0.341609356759081721E+09    0.145016596961261792E+06   -0.571117087496312479E+02
    0.168269779081415694E+01    0.667035519584582293E+00    0.341185359600739181E+09    0.135907459108653013E+06   -0.571070895306654691E+02
    0.167473677667043797E+01    0.721963133973393401E+00    0.348401632069731534E+09    0.137097266536447569E+06   -0.571069691091958589E+02
    0.171359539694791585E+01    0.731146623654113537E+00    0.342033278249847174E+09    0.137795917187661951E+06   -0.570816582806874209E+02
    0.162434210336108165E+01    0.780730720160981218E+00    0.350474733928515494E+09    0.136781582322514208E+06   -0.570682576128454357E+02
    0.164728983221593062E+01    0.762920923157702546E+00    0.346956985345129848E+09    0.135461417325256421E+06   -0.570595986135509747E+02
    0.163566874292116626E+01    0.727189163352676804E+00    0.345319221408473015E+09    0.137045342827750428E+06   -0.570501747806187893E+02
    0.169545181109407017E+01    0.755606479901880235E+00    0.342977670631362617E+09    0.140527012539940246E+06   -0.570340987632820600E+02
    0.161056844012630651E+01    0.706915188065172284E+00    0.345573144874260783E+09    0.133962129140502046E+06   -0.570306372622015729E+02
    0.167861016623789361E+01    0.709749796144804712E+00    0.343483542541118920E+09    0.139334102772187092E+06   -0.570181205686382384E+02
    0.167861016623789361E+01    0.709749796144804712E+00    0.343483542541118920E+09    0.139334102772187092E+06   -0.570181205686382384E+02
    0.166220453560086390E+01    0.748435396912217499E+00    0.345841566498855352E+09    0.137374196800969105E+06   -0.570152270929655245E+02
    0.166220453560086390E+01    0.748435396912217499E+00    0.345841566498855352E+09    0.137374196800969105E+06   -0.570152270929655245E+02
    0.159477114343227599E+01    0.728061836593195899E+00    0.346620230258160591E+09    0.140444595962952502E+06   -0.570085873911593524E+02
    0.159477114343227599E+01    0.728061836593195899E+00    0.346620230258160591E+09    0.140444595962952502E+06   -0.570085873911593524E+02
    0.166573569862495741E+01    0.742917934160851168E+00    0.347573897915972114E+09    0.137521103231921996E+06   -0.569545482509004657E+02
    0.167777577031474157E+01    0.778258060145300856E+00    0.345184242861438692E+09    0.134614340367473778E+06   -0.569167385391859710E+02
    0.173412722041972267E+01    0.746299946526524760E+00    0.338398144131127119E+09    0.140394059639286395E+06   -0.569103766981152575E+02
    0.172850431032342122E+01    0.773865477364610754E+00    0.339407288638107061E+09    0.138572538003401598E+06   -0.568948903176908800E+02
    0.172850431032342122E+01    0.773865477364610754E+00    0.339407288638107061E+09    0.138572538003401598E+06   -0.568948903176908800E+02
    0.158976700149440298E+01    0.731521775602455904E+00    0.348188717775338709E+09    0.141849764915203443E+06   -0.568847246914142346E+02
    0.167534655599770477E+01    0.734760472107442997E+00    0.342326188927943051E+09    0.136636732348051592E+06   -0.568835295844755677E+02
    0.168413791468497931E+01    0.717994412717589903E+00    0.343124840762034118E+09    0.135808349777152383E+06   -0.568765833057820274E+02
    0.158454953096960516E+01    0.770286947241213049E+00    0.344013050648838460E+09    0.145293321012835659E+06   -0.568684925041851628E+02
    0.158454953096960516E+01    0.770286947241213049E+00    0.344013050648838460E+09    0.145293321012835659E+06   -0.568684925041851628E+02
    0.165224346437744707E+01    0.754026258645499325E+00    0.346149210214684665E+09    0.134417811580161331E+06   -0.568636174820251128E+02
    0.163471927702276143E+01    0.746709289038669954E+00    0.349615140744171560E+09    0.135870751003217883E+06   -0.568579437468684432E+02
    0.164641445307134537E+01    0.764860805957659373E+00    0.342813759739396870E+09    0.138313268624279910E+06   -0.568484053371578497E+02
    0.164641445307134537E+01    0.764860805957659373E+00    0.342813759739396870E+09    0.138313268624279910E+06   -0.568484053371578497E+02
    0.162127501658339535E+01    0.728907609182748661E+00    0.347912398778870463E+09    0.138610266820388846E+06   -0.568365568323312615E+02
    0.162127501658339535E+01    0.728907609182748661E+00    0.347912398778870463E+09    0.138610266820388846E+06   -0.568365568323312615E+02
    0.170279330778439286E+01    0.725833256077090372E+00    0.341381379647459924E+09    0.134636715332117659E+06   -0.568339191864535707E+02
    0.163051920596035638E+01    0.719436705759781692E+00    0.343204285422960758E+09    0.138977693354595453E+06   -0.568274590744446542E+02
    0.160339708345001486E+01    0.725619196630777008E+00    0.347140049333906889E+09    0.134833121051616909E+06   -0.568239998425081367E+02
    0.170386424440039552E+01    0.729508086758161589E+00    0.340321575795528352E+09    0.137281619413377135E+06   -0.568092780183000770E+02
    0.170390169039913775E+01    0.752442862726103723E+00    0.343113827961922467E+09    0.138519739445339044E+06   -0.568062454366442040E+02
    0.169828510147105916E+01    0.754121663744751647E+00    0.342996298185168028E+09    0.137246896710612724E+06   -0.567878057035857893E+02
    0.169828510147105916E+01    0.754121663744751647E+00    0.342996298185168028E+09    0.137246896710612724E+06   -0.567878057035857893E+02
    0.157741742236569649E+01    0.784448622567982312E+00    0.347797362632103622E+09    0.145117405727296573E+06   -0.567780403519326029E+02
    0.167582457963575227E+01    0.744528401965615316E+00    0.343941510538298070E+09    0.139678891790340072E+06   -0.567696453429665127E+02
    0.156795240034952932E+01    0.721922399339248066E+00    0.351032269087710917E+09    0.141772964393884788E+06   -0.567487985270986997E+02
    0.164399525303777927E+01    0.764623740304754662E+00    0.340919266957386315E+09    0.142561394462301658E+06   -0.567309764266522194E+02
    0.164399525303777927E+01    0.764623740304754662E+00    0.340919266957386315E+09    0.142561394462301658E+06   -0.567309764266522194E+02
    0.170046631600118681E+01    0.759111659388650661E+00    0.341497725877200127E+09    0.137867094642380165E+06   -0.567294501115465835E+02
    0.166512308347086435E+01    0.742434169206336314E+00    0.340925907066146970E+09    0.139722587193283049E+06   -0.567277962978942583E+02
    0.166512308347086435E+01    0.742434169206336314E+00    0.340925907066146970E+09    0.139722587193283049E+06   -0.567277962978942583E+02
    0.162099534840620740E+01    0.739692702041898631E+00    0.345397114001290679E+09    0.136932093550231628E+06   -0.567261223278549380E+02
    0.162099534840620740E+01    0.739692702041898631E+00    0.345397114001290679E+09    0.136932093550231628E+06   -0.567261223278549380E+02
    0.168323756882677600E+01    0.660651380868776616E+00    0.341155901595958054E+09    0.138047861120761518E+06   -0.567213167735258139E+02
    0.162382536625563101E+01    0.756915164138352914E+00    0.349227941791001379E+09    0.138748819583798497E+06   -0.567133663583602114E+02
    0.162183114427947861E+01    0.777243944102896656E+00    0.343592680450841725E+09    0.136797817008319340E+06   -0.567065080584039407E+02
    0.172172623424184978E+01    0.742602278391748971E+00    0.340197534966250181E+09    0.135111333124250901E+06   -0.567042027488645957E+02
    0.150454573824289439E+01    0.731579101333520221E+00    0.351613202240708828E+09    0.140769484507890127E+06   -0.566926001174767293E+02
    0.164712006632007024E+01    0.773962901960976613E+00    0.345457961081384659E+09    0.137832979879815975E+06   -0.566911090599483884E+02
    0.165362933559069258E+01    0.769770461186113586E+00    0.344875539813640118E+09    0.136547786954429350E+06   -0.566889331000346104E+02
    0.159915090799313786E+01    0.750789032518085264E+00    0.345166646729559124E+09    0.140738583667782746E+06   -0.566843477589312386E+02
    0.159915090799313786E+01    0.750789032518085264E+00    0.345166646729559124E+09    0.140738583667782746E+06   -0.566843477589312386E+02
    0.160191306867851857E+01    0.770325708940408305E+00    0.347956498433483422E+09    0.141609237865334173E+06   -0.566781132446285270E+02
    0.152753062183106025E+01    0.694539313850570661E+00    0.349449846455287397E+09    0.141546464069117908E+06   -0.566535954786458760E+02
    0.164855220195646490E+01    0.741630119142920208E+00    0.344603517784676075E+09    0.138665880919789284E+06   -0.566436201571839391E+02
    0.166845482305271253E+01    0.769830629770221986E+00    0.342962107056264162E+09    0.136774547306712484E+06   -0.566356147404595731E+02
    0.158249897821585894E+01    0.727764203353440831E+00    0.350013967233467638E+09    0.141752512904985750E+06   -0.566234171930683488E+02
    0.158249897821585894E+01    0.727764203353440831E+00    0.350013967233467638E+09    0.141752512904985750E+06   -0.566234171930683488E+02
    0.162684581711175458E+01    0.694588704000888679E+00    0.346016403051161408E+09    0.140268429809135268E+06   -0.566134312897817296E+02
    0.167991410827239473E+01    0.718008715206345904E+00    0.342968593589449942E+09    0.140794416599960707E+06   -0.566087534318213841E+02
    0.161828272828260844E+01    0.699561698340126714E+00    0.342625432813003242E+09    0.138281618248469022E+06   -0.566078225207452235E+02
    0.160925791651734551E+01    0.752807253608883009E+00    0.347439627865309596E+09    0.137712142859179527E+06   -0.565927465613110243E+02
    0.168618054932265826E+01    0.738441271618499595E+00    0.343993000764800370E+09    0.140151992542192398E+06   -0.565918002883409770E+02
    0.159965459540250476E+01    0.780568091476379955E+00    0.350272528098398685E+09    0.140629038374060037E+06   -0.565834069934088504E+02
    0.159965459540250476E+01    0.780568091476379955E+00    0.350272528098398685E+09    0.140629038374060037E+06   -0.565834069934088504E+02
    0.161614293454089197E+01    0.688331430874053574E+00    0.345064371963542044E+09    0.139825142640661739E+06   -0.565788044005266286E+02
    0.168580793257706452E+01    0.781294998032889154E+00    0.347298570761747777E+09    0.140322410584345489E+06   -0.565552048267183807E+02
    0.168580793257706452E+01    0.781294998032889154E+00    0.347298570761747777E+09    0.140322410584345489E+06   -0.565552048267183807E+02
    0.158399124578603656E+01    0.754372886536899490E+00    0.350563878232140899E+09    0.141360992424216849E+06   -0.565336689632680205E+02
    0.166021759584460638E+01    0.742147298330740668E+00    0.345213668672903061E+09    0.141981619292340707E+06   -0.565196790481406026E+02
    0.166021759584460638E+01    0.742147298330740668E+00    0.345213668672903061E+09    0.141981619292340707E+06   -0.565196790481406026E+02
    0.162896155835092338E+01    0.770695084405438990E+00    0.341757622040576518E+09    0.139472708979158517E+06   -0.565155024102776622E+02
    0.164287416002293551E+01    0.726479221610436099E+00    0.345826491592009366E+09    0.135107049558139232E+06   -0.565132427259965908E+02
    0.160330616905523793E+01    0.773627226331027540E+00    0.348969449031378925E+09    0.136740532399472169E+06   -0.565125167964765467E+02
    0.161116113563260477E+01    0.710419563414175226E+00    0.342387892557730317E+09    0.138685934982490493E+06   -0.564844755779660943E+02
    0.161116113563260477E+01    0.710419563414175226E+00    0.342387892557730317E+09    0.138685934982490493E+06   -0.564844755779660943E+02
    0.160471022846982248E+01    0.695920385822249798E+00    0.345684691183632016E+09    0.136445065433924290E+06   -0.564626743500279673E+02
    0.160471022846982248E+01    0.695920385822249798E+00    0.345684691183632016E+09    0.136445065433924290E+06   -0.564626743500279673E+02
    0.161248351359727193E+01    0.751834679387136884E+00    0.346637666200450063E+09    0.137326279566072859E+06   -0.564603441206096832E+02
    0.166451922680841324E+01    0.799623066850875475E+00    0.343273858084867239E+09    0.136331275074638834E+06   -0.564565956112075611E+02
    0.159780884069339790E+01    0.677345679877827234E+00    0.346448923829250097E+09    0.139067610683214647E+06   -0.564343407409718480E+02
    0.159780884069339790E+01    0.677345679877827234E+00    0.346448923829250097E+09    0.139067610683214647E+06   -0.564343407409718480E+02
    0.166452736884913111E+01    0.708578127167042826E+00    0.345834819827882230E+09    0.137448542105752567E+06   -0.564147251648070238E+02
    0.153374064689638101E+01    0.678356275624304228E+00    0.349951652632308543E+09    0.141736010382228851E+06   -0.563936259183817299E+02
    0.162128872583239980E+01    0.686927769694372081E+00    0.349879010280875683E+09    0.140363846408081678E+06   -0.563913740671044366E+02
    0.158139829744167937E+01    0.733297769021616475E+00    0.347292496518474519E+09    0.139426413292212761E+06   -0.563861125393675877E+02
    0.166526882971450307E+01    0.747818678740671761E+00    0.341819723106652975E+09    0.140806052811704314E+06   -0.563788015831955178E+02
    0.166526882971450307E+01    0.747818678740671761E+00    0.341819723106652975E+09    0.140806052811704314E+06   -0.563788015831955178E+02
    0.158514395954565157E+01    0.740290235700926669E+00    0.347589103261852324E+09    0.141075467812353134E+06   -0.563753223633486726E+02
    0.168001935131654534E+01    0.708022481199572784E+00    0.344737347563495338E+09    0.135982592678700457E+06   -0.563653037654393287E+02
    0.149755893395120543E+01    0.718862174799911546E+00    0.351185215208280504E+09    0.141241090986837080E+06   -0.563355772313136498E+02
    0.149755893395120543E+01    0.718862174799911546E+00    0.351185215208280504E+09    0.141241090986837080E+06   -0.563355772313136498E+02
    0.166032335644266316E+01    0.720619635172443651E+00    0.343893170439869106E+09    0.141969339307935647E+06   -0.563232883413329262E+02
    0.162525450917307479E+01    0.733767654922183876E+00    0.344917064826666534E+09    0.138217592513672367E+06   -0.563207901861137756E+02
    0.161207933616095733E+01    0.723843031219276067E+00    0.351428662463382781E+09    0.142171617453583720E+06   -0.563075210561452622E+02
    0.158804417270621534E+01    0.692946884939225072E+00    0.344324711529384255E+09    0.135689527967702161E+06   -0.563042481534982215E+02
    0.158804417270621534E+01    0.692946884939225072E+00    0.344324711529384255E+09    0.135689527967702161E+06   -0.563042481534982215E+02
    0.160999978686747469E+01    0.732585448791783111E+00    0.345977052827391803E+09    0.136719891811679408E+06   -0.563011042881109844E+02
    0.160468270504728716E+01    0.739657098874747287E+00    0.346868282454041719E+09    0.141208997824460501E+06   -0.562882035107656478E+02
    0.165318272782835152E+01    0.763338304091858433E+00    0.343101072063604951E+09    0.140694832266351004E+06   -0.562746663120896784E+02
    0.171258777074671764E+01    0.746559086346094247E+00    0.343610916325253069E+09    0.134859239870839054E+06   -0.562698792966771606E+02
    0.160654271779818569E+01    0.734123512309087900E+00    0.346639293504745483E+09    0.137366797156262386E+06   -0.562660073494770643E+02
    0.157886497664172731E+01    0.711124413672438394E+00    0.347724250810256779E+09    0.139071638755749649E+06   -0.562586910904413102E+02
    0.164735734063455896E+01    0.756955765328408248E+00    0.342368840983962476E+09    0.140292991096220154E+06   -0.562540031178010906E+02
    0.160455473689715000E+01    0.766362147666348914E+00    0.346154382216814935E+09    0.140294266831981658E+06   -0.562533564476037213E+02
    0.164086480463390405E+01    0.743888651564532655E+00    0.348462663845365644E+09    0.138056968437666248E+06   -0.562505365376831037E+02
    0.161320873652706553E+01    0.766929404854767238E+00    0.348068301138308525E+09    0.143890469478842191E+06   -0.562499066886886112E+02
    0.161320873652706553E+01    0.766929404854767238E+00    0.348068301138308525E+09    0.143890469478842191E+06   -0.562499066886886112E+02
    0.163024992490976883E+01    0.746843929880019797E+00    0.349700378799559772E+09    0.136504915220752097E+06   -0.562403690764812794E+02
    0.156243710436692429E+01    0.745538240433418320E+00    0.347411792489854991E+09    0.142350878600428114E+06   -0.562337961364958971E+02
    0.166828948032388835E+01    0.727126894552964309E+00    0.344130002701816916E+09    0.139761766043756157E+06   -0.562301938958804470E+02
    0.172111026697368641E+01    0.721240651534131860E+00    0.343989445772633135E+09    0.135226987618337240E+06   -0.562285527068401407E+02
    0.158777967632975603E+01    0.720907859862623734E+00    0.348445782324484110E+09    0.138747125956070668E+06   -0.562228930145879104E+02
    0.161782954329175022E+01    0.730154216583258631E+00    0.342371244615975440E+09    0.137643262254587840E+06   -0.562077772367540405E+02
    0.159244681261066479E+01    0.699554705200603255E+00    0.347470009320992231E+09    0.137845973624649690E+06   -0.562007248024277075E+02
    0.168376049114982229E+01    0.774489695653484134E+00    0.345779858015522718E+09    0.141534724792003806E+06   -0.561957694958927618E+02
    0.164088918416119656E+01    0.734379279236850202E+00    0.348575178689400256E+09    0.137417780302622734E+06   -0.561850578170794250E+02
    0.165047561788618968E+01    0.715808905685336949E+00    0.348013477176088870E+09    0.137861619645168597E+06   -0.561798852809622389E+02
    0.165527058839511665E+01    0.743958529648486078E+00    0.343693298974183917E+09    0.142547151929371583E+06   -0.561724616035617430E+02
    0.162457760519188454E+01    0.711803933692899626E+00    0.348276909770872772E+09    0.141517352615753131E+06   -0.561623916297124310E+02
    0.159956371689701449E+01    0.721635208141394813E+00    0.347230884211179793E+09    0.141315218334303790E+06   -0.561415290805432221E+02
    0.161152334512375717E+01    0.733711029199105802E+00    0.350658135370953083E+09    0.139198688941114378E+06   -0.561409241551702252E+02
    0.162424561787982591E+01    0.720180910217687931E+00    0.347163976604624748E+09    0.141785827038136078E+06   -0.561392845795262545E+02
    0.163540064102792360E+01    0.787692011592907360E+00    0.345197308363672376E+09    0.137001228319296381E+06   -0.561357318894567499E+02
    0.163153561119262203E+01    0.768021514497672086E+00    0.346362333472107649E+09    0.143376146072291856E+06   -0.561220328354379276E+02
    0.164324130348438824E+01    0.722834784319105417E+00    0.341258284835584283E+09    0.140785723981425428E+06   -0.561152938973752526E+02
    0.164324130348438824E+01    0.722834784319105417E+00    0.341258284835584283E+09    0.140785723981425428E+06   -0.561152938973752526E+02
    0.157475924356067143E+01    0.754647932422477741E+00    0.349578552526717365E+09    0.142046971277104836E+06   -0.561099590127341870E+02
    0.168856451178218725E+01    0.725295940650530824E+00    0.345756661745996535E+09    0.140257072208697791E+06   -0.561055786629389956E+02
    0.172689888786432744E+01    0.738984602651626243E+00    0.339433238448793054E+09    0.137901793501188833E+06   -0.560950994673917620E+02
    0.160438988408929606E+01    0.707776635909703522E+00    0.345859143055033624E+09    0.140708604104229307E+06   -0.560790115186110967E+02
    0.169266155029896881E+01    0.741982796055158378E+00    0.342534777416533887E+09    0.139651003051175736E+06   -0.560703979613333772E+02
    0.169266155029896881E+01    0.741982796055158378E+00    0.342534777416533887E+09    0.139651003051175736E+06   -0.560703979613333772E+02
    0.160113534323051399E+01    0.700629597043352259E+00    0.349261824259797752E+09    0.136174666821170948E+06   -0.560687925288593831E+02
    0.169446793575507293E+01    0.731741939304031863E+00    0.342665896523797810E+09    0.135924940007434168E+06   -0.560429343541578646E+02
    0.159559925424176563E+01    0.751508715115234427E+00    0.344783894186353326E+09    0.140116345903088048E+06   -0.560392849467179630E+02
    0.161408377797151825E+01    0.699033940465422443E+00    0.343365012525524795E+09    0.135669310872567003E+06   -0.560358592132517046E+02
    0.162746929750527669E+01    0.713098389190136128E+00    0.346401185615807891E+09    0.137779133042524918E+06   -0.560319600881733137E+02
    0.156950304222731019E+01    0.746737821691645820E+00    0.347648460948813319E+09    0.142579109792773146E+06   -0.560214243574827222E+02
    0.163938438969748868E+01    0.723455902036658660E+00    0.345361610591281652E+09    0.140951568737968657E+06   -0.560151623013407232E+02
    0.161701265969048791E+01    0.715383413265437085E+00    0.346121683765218139E+09    0.137839555076649995E+06   -0.560078759921009777E+02
    0.161701265969048791E+01    0.715383413265437085E+00    0.346121683765218139E+09    0.137839555076649995E+06   -0.560078759921009777E+02
    0.161747055642947979E+01    0.728726836131630584E+00    0.349722799312890470E+09    0.139018967029718857E+06   -0.559936879744606770E+02
    0.164190118721488365E+01    0.784170070596010405E+00    0.348582549206528723E+09    0.141360836731761810E+06   -0.559882297071355168E+02
    0.158115886880859535E+01    0.742514927699830629E+00    0.351832912958932161E+09    0.140858748978725984E+06   -0.559724530600201504E+02
    0.159740341679392328E+01    0.759616706303081646E+00    0.344650357300817251E+09    0.141955057789758604E+06   -0.559578380560652704E+02
    0.159740341679392328E+01    0.759616706303081646E+00    0.344650357300817251E+09    0.141955057789758604E+06   -0.559578380560652704E+02
    0.166965214898590908E+01    0.737963904289841821E+00    0.342063877560756743E+09    0.136726639212322654E+06   -0.559553749012961106E+02
    0.166965214898590908E+01    0.737963904289841821E+00    0.342063877560756743E+09    0.136726639212322654E+06   -0.559553749012961106E+02
    0.160134688060012409E+01    0.729330472513108230E+00    0.347598339937573075E+09    0.137689625011489115E+06   -0.559463291369549296E+02
    0.158661322568016994E+01    0.748890097472798999E+00    0.347395363031999230E+09    0.141910442362930160E+06   -0.559461427392373238E+02
    0.158661322568016994E+01    0.748890097472798999E+00    0.347395363031999230E+09    0.141910442362930160E+06   -0.559461427392373238E+02
    0.166952088640497687E+01    0.736313573778292874E+00    0.343867141074870229E+09    0.140178076501369651E+06   -0.559423751990941440E+02
    0.166952088640497687E+01    0.736313573778292874E+00    0.343867141074870229E+09    0.140178076501369651E+06   -0.559423751990941440E+02
    0.158937518261711364E+01    0.729080111588975122E+00    0.348404718205295920E+09    0.137803536813223065E+06   -0.559386889013477742E+02
    0.157035450898649320E+01    0.723123989463818617E+00    0.346223374473677039E+09    0.138685991253873799E+06   -0.559378026442840124E+02
    0.156540856268278850E+01    0.772068699627246335E+00    0.345711294634119093E+09    0.142226622197265999E+06   -0.559366863949051378E+02
    0.164304649170771477E+01    0.765428861328643961E+00    0.342956312228094637E+09    0.140315025963764871E+06   -0.559302848311738288E+02
    0.167970723536061017E+01    0.710632772820851688E+00    0.342309992565042198E+09    0.139542338633911859E+06   -0.559301981851613874E+02
    0.159206703939002336E+01    0.721861549990138851E+00    0.351748014940890133E+09    0.141980835630360059E+06   -0.559295903942828261E+02
    0.162801431158787291E+01    0.752170012979837654E+00    0.345704349143095791E+09    0.139824185149290512E+06   -0.559199753299255917E+02
    0.162801431158787291E+01    0.752170012979837654E+00    0.345704349143095791E+09    0.139824185149290512E+06   -0.559199753299255917E+02
    0.161653910726573380E+01    0.713045359544843382E+00    0.343841706628569007E+09    0.138455866962791188E+06   -0.559118205933336441E+02
    0.165298969530087603E+01    0.740820671425559407E+00    0.343706205351666212E+09    0.141296632825569221E+06   -0.559011016559753244E+02
    0.169228028882224057E+01    0.713391376278457390E+00    0.343901371410680771E+09    0.138283072267663258E+06   -0.558916090087939921E+02
    0.162363511184464526E+01    0.751844447074923039E+00    0.348090724048509181E+09    0.138562527175500669E+06   -0.558863162568211607E+02
    0.164910790572517674E+01    0.742969124259835745E+00    0.342424692359678864E+09    0.138170736192809069E+06   -0.558730765595576742E+02
    0.161676562928350576E+01    0.732885459000830686E+00    0.347719894204199553E+09    0.137306551502927177E+06   -0.558720527864092205E+02
    0.153777584588428673E+01    0.736537980346632093E+00    0.348896646096349001E+09    0.141046948593717010E+06   -0.558651209440191394E+02
    0.167284240291987429E+01    0.751618847040048887E+00    0.342477465605328202E+09    0.140418462863323482E+06   -0.558330225639561917E+02
    0.162184956476532727E+01    0.740945380029483847E+00    0.346164892975904286E+09    0.140352331293337251E+06   -0.558303252049771643E+02
    0.162184956476532727E+01    0.740945380029483847E+00    0.346164892975904286E+09    0.140352331293337251E+06   -0.558303252049771643E+02
    0.160318506567173635E+01    0.745278159640911930E+00    0.349197496742602766E+09    0.141202822858923348E+06   -0.558262011833649368E+02
    0.167801239657447043E+01    0.780571789471819599E+00    0.344072315634952903E+09    0.137273552488977002E+06   -0.558127744017319287E+02
    0.163255574943212167E+01    0.773405908614872573E+00    0.346800631618154287E+09    0.142840985032869270E+06   -0.558116116137573499E+02
    0.164755500789236686E+01    0.716598129691854879E+00    0.350842732065209985E+09    0.138832771943477390E+06   -0.558090141558759854E+02
    0.161680969128307872E+01    0.738831088873283193E+00    0.347548239108660758E+09    0.140346472959928302E+06   -0.558070426631030969E+02
    0.159830178509674492E+01    0.724405613632294276E+00    0.343394658718291998E+09    0.137708466254008817E+06   -0.558008535501539527E+02
    0.165849949905273331E+01    0.767908497920856803E+00    0.348701604719076395E+09    0.139736729514584760E+06   -0.557946288838767543E+02
    0.159163921771924199E+01    0.719807406751718393E+00    0.347807912115072608E+09    0.140308440468463639E+06   -0.557939068801137594E+02
    0.162598850156297958E+01    0.744258055558585152E+00    0.343644918786979795E+09    0.137824519609197130E+06   -0.557893062375613056E+02
    0.159213154317508576E+01    0.739703934202791125E+00    0.349057128151804745E+09    0.141561358985581639E+06   -0.557834879985263612E+02
    0.162833883986357453E+01    0.728096571729207387E+00    0.344274891164267302E+09    0.138242872905145487E+06   -0.557833157081871320E+02
    0.165273158478809945E+01    0.756511521717790014E+00    0.343881545670971155E+09    0.136715236565751169E+06   -0.557767195155698303E+02
    0.160649712058857408E+01    0.743986113022025553E+00    0.343931293994905412E+09    0.140143917311526719E+06   -0.557718253219006925E+02
    0.159611105371816109E+01    0.731569836123599160E+00    0.347737443209927380E+09    0.140605233885966765E+06   -0.557617989922888597E+02
    0.162376068562997267E+01    0.691083480885205326E+00    0.347289042830043793E+09    0.138966410097894899E+06   -0.557581182762425271E+02
    0.167773093352860059E+01    0.779817712497340221E+00    0.343384079238698721E+09    0.138243695500052243E+06   -0.557576948795270368E+02
    0.159896566973679577E+01    0.713466219550540348E+00    0.345635028417081654E+09    0.137890480070659425E+06   -0.557526256393834103E+02
    0.159059699787960329E+01    0.742075726309498584E+00    0.347104142995232105E+09    0.141102433511075389E+06   -0.557436777732475548E+02
    0.160638034643577021E+01    0.692361291889057817E+00    0.346437398750863910E+09    0.138769410260815028E+06   -0.557423267541741581E+02
    0.167459580114074891E+01    0.728888390555948895E+00    0.345202000133509755E+09    0.140231087877816753E+06   -0.557317009969801447E+02
    0.156963506089489324E+01    0.742558746930469304E+00    0.347557759076729953E+09    0.140713597908353986E+06   -0.557289895972420624E+02
    0.161344500752681541E+01    0.783709983830336743E+00    0.349612147062081933E+09    0.142062519290616503E+06   -0.557235741371674749E+02
    0.158556533484955642E+01    0.782898125803092260E+00    0.349731319159243882E+09    0.142405033443830471E+06   -0.557094431335343145E+02
    0.160285117237855435E+01    0.695497837603506142E+00    0.349151806418087661E+09    0.136939642688107502E+06   -0.557062409815668360E+02
    0.157004325444150838E+01    0.739784153870246097E+00    0.348644489050513327E+09    0.139972460464215663E+06   -0.557056811490413892E+02
    0.162172544761524051E+01    0.735295534353292091E+00    0.343580182183462024E+09    0.137775627729817497E+06   -0.557050272045280437E+02
    0.155845960401155681E+01    0.721169050771930387E+00    0.347319226436049640E+09    0.141455091451343935E+06   -0.557036720235330804E+02
    0.165101768720995912E+01    0.763324890931813549E+00    0.347790607659914672E+09    0.138684789895446214E+06   -0.557036453536976381E+02
    0.162165913395949612E+01    0.777168082899154733E+00    0.345929997680770516E+09    0.140212863902291458E+06   -0.556974874054741278E+02
    0.156189535562981741E+01    0.729482745884689088E+00    0.349413044133774936E+09    0.140944509222952562E+06   -0.556960373387727543E+02
    0.168362858564249440E+01    0.736368838192571484E+00    0.341121968316317558E+09    0.136375583386359824E+06   -0.556910875223346693E+02
    0.158631285454101323E+01    0.743526622806660153E+00    0.347843847789914966E+09    0.136747462625724351E+06   -0.556867366268879422E+02
    0.156336285930660734E+01    0.755159758013640214E+00    0.345584478611214697E+09    0.141840195173123415E+06   -0.556801428931132989E+02
    0.159520810675412195E+01    0.739337319229721679E+00    0.349019894215794742E+09    0.138654304198256374E+06   -0.556761872239510041E+02
    0.159836471726303198E+01    0.736731024691724912E+00    0.342507017294696689E+09    0.137504025256025081E+06   -0.556684177398685307E+02
    0.164235590680336041E+01    0.766875191494789554E+00    0.346918506440498054E+09    0.139995386294553929E+06   -0.556679339100037893E+02
    0.166273132199758633E+01    0.768437146783698566E+00    0.347450256109582484E+09    0.139109022439217544E+06   -0.556659979796713884E+02
    0.162962977546502330E+01    0.734290979121239307E+00    0.344552706780979931E+09    0.137640621845233516E+06   -0.556657588665269785E+02
    0.162307602374328064E+01    0.698971989715998276E+00    0.348077454730174899E+09    0.136662620382538997E+06   -0.556632856585376103E+02
    0.157518687673696789E+01    0.770299654124550592E+00    0.346041308417640924E+09    0.141891108270505880E+06   -0.556621522615320501E+02
    0.164834008385953590E+01    0.733222188075041803E+00    0.342003857798446178E+09    0.140797247759291524E+06   -0.556602219656475086E+02
    0.154636113189431246E+01    0.731468720684879337E+00    0.347670414849399626E+09    0.140419261555458652E+06   -0.556531718752256666E+02
    0.161878730106224955E+01    0.703454743466391808E+00    0.347184447347169280E+09    0.137254022725515679E+06   -0.552565574385147329E+02
    0.162683811488480257E+01    0.705422164630683302E+00    0.347933955287845433E+09    0.137613021766013757E+06   -0.553710806929315282E+02
    0.164136137314420005E+01    0.726091677753684106E+00    0.348528403232539713E+09    0.137938631669839204E+06   -0.554199681025760640E+02
    0.160648429465049758E+01    0.729578707521153724E+00    0.348264518449375153E+09    0.138017240239799285E+06   -0.555188943714689316E+02
    0.162409274371255874E+01    0.740146531505962546E+00    0.348245805635638535E+09    0.137952180267143936E+06   -0.556276030080756030E+02
    0.164014154463082829E+01    0.727383636739856065E+00    0.347488097726520896E+09    0.137805421039758337E+06   -0.555559469462557018E+02
    0.160987795794151745E+01    0.705534675509545295E+00    0.347008087867848039E+09    0.138222979726702994E+06   -0.553669027721800404E+02
    0.159771755142606953E+01    0.705272293972036834E+00    0.346354618337654889E+09    0.138495613506523310E+06   -0.552347207705793863E+02
    0.161457705855885258E+01    0.729198664949082254E+00    0.345580642198425651E+09    0.139138730017259135E+06   -0.549531929160161141E+02
    0.162095018101157073E+01    0.703640659833839610E+00    0.346394572049275815E+09    0.138871735909397219E+06   -0.552856999799269744E+02
    0.163063668121577532E+01    0.702217188849143970E+00    0.344915180993709803E+09    0.139084980729131436E+06   -0.556115827264410143E+02
    0.161492712443903863E+01    0.751822759807378560E+00    0.346594662442593992E+09    0.139350439057379845E+06   -0.551104835261376138E+02
    0.161492712443903863E+01    0.751822759807378560E+00    0.346594662442593992E+09    0.139350439057379845E+06   -0.551104835261376138E+02
    0.160946882353124465E+01    0.753703353941843179E+00    0.345843348952373147E+09    0.139710255397838686E+06   -0.550863053380655003E+02
    0.160946882353124465E+01    0.753703353941843179E+00    0.345843348952373147E+09    0.139710255397838686E+06   -0.550863053380655003E+02
    0.163426061126581179E+01    0.734782154385252184E+00    0.345562634013334036E+09    0.139776913588849216E+06   -0.552684952802472225E+02
    0.162992564550865859E+01    0.740123660492173485E+00    0.346130465745960653E+09    0.139123303460060881E+06   -0.555827854177754261E+02
    0.159729799773721326E+01    0.687109498270399577E+00    0.345769168897096574E+09    0.136384641933565552E+06   -0.553099318108070861E+02
    0.160274975171148415E+01    0.700296657805007161E+00    0.345524101271920443E+09    0.136132149609140644E+06   -0.554904634979002367E+02
    0.160045163984250394E+01    0.709119229842034571E+00    0.344173114455625415E+09    0.137594973187698168E+06   -0.550964847786677581E+02
    0.161556314391036571E+01    0.697818641079900104E+00    0.346051026992673159E+09    0.137227097818125767E+06   -0.553715278544884555E+02
    0.159244167681192028E+01    0.697739394828170933E+00    0.343981212122675419E+09    0.136993385672296747E+06   -0.553852731466996246E+02
    0.158040583943519231E+01    0.696293652282200970E+00    0.347284955427600682E+09    0.138380421902068192E+06   -0.552253926265854034E+02
    0.159403098699406764E+01    0.701918566568993540E+00    0.346313806218105793E+09    0.136880158917207271E+06   -0.552580245360368707E+02
    0.157525673564024293E+01    0.728118023852305285E+00    0.345481676765474141E+09    0.137975466105041327E+06   -0.553308640951881543E+02
    0.160066545157876594E+01    0.741408566874361075E+00    0.345840537622853756E+09    0.138600139693022968E+06   -0.549493784000254664E+02
    0.162607760269166146E+01    0.723531021438659661E+00    0.345889384430591822E+09    0.137854154880310496E+06   -0.551561876562988544E+02
    0.161615107625441690E+01    0.737755047799166785E+00    0.346485664633811772E+09    0.136797740649554326E+06   -0.555383983937756653E+02
    0.162100285690817270E+01    0.728718928310767122E+00    0.345102145417659938E+09    0.137981615229983581E+06   -0.554618700803403541E+02
    0.162173599659994627E+01    0.728148155220281090E+00    0.346413743983536243E+09    0.137343438517333969E+06   -0.555838514532577719E+02
    0.160732580309645146E+01    0.748906183438442952E+00    0.344738961155934632E+09    0.139309645371871215E+06   -0.551801992506438381E+02
    0.160348203582347071E+01    0.763194877079861111E+00    0.345143939685608625E+09    0.139213757953578111E+06   -0.552052482553169170E+02
    0.159920628470046156E+01    0.749927400477165662E+00    0.344764352801399291E+09    0.139226761495503335E+06   -0.551763799784136637E+02
    0.160121529555075193E+01    0.760620967734467079E+00    0.344930059522018075E+09    0.139345411596845253E+06   -0.552839634800515753E+02
    0.160933076240683315E+01    0.777384654636703587E+00    0.344898564121186078E+09    0.139746791954198212E+06   -0.554490709795026504E+02
    0.166048063617416286E+01    0.751516044283106144E+00    0.345163834085075438E+09    0.137983056094349828E+06   -0.554932789720283779E+02
    0.164907626465132395E+01    0.743415315486484651E+00    0.344862837571308315E+09    0.137873588142286259E+06   -0.554505037733656252E+02
    0.160563520443285146E+01    0.729934613213871319E+00    0.342936503312468469E+09    0.137177333848484501E+06   -0.551779311225022298E+02
    0.160563520443285146E+01    0.729934613213871319E+00    0.342936503312468469E+09    0.137177333848484501E+06   -0.551779311225022298E+02
    0.167240137527845811E+01    0.723463667286104783E+00    0.345557370673148572E+09    0.136864990721862821E+06   -0.554835807198013526E+02
    0.164696914950165918E+01    0.741910782039712391E+00    0.343953361707189202E+09    0.138508512331832171E+06   -0.551333812612843630E+02
    0.162071239253009924E+01    0.723212241971677550E+00    0.343062346440087080E+09    0.138440728961446788E+06   -0.552419823803530363E+02
    0.164444876707337917E+01    0.728591192878990324E+00    0.344276044697861791E+09    0.139393730581731856E+06   -0.551033713217327943E+02
    0.164444876707337917E+01    0.728591192878990324E+00    0.344276044697861791E+09    0.139393730581731856E+06   -0.551033713217327943E+02
    0.163515654121292542E+01    0.706843688608541409E+00    0.343254295103051066E+09    0.138073591052344884E+06   -0.548966307094502071E+02
    0.163515654121292542E+01    0.706843688608541409E+00    0.343254295103051066E+09    0.138073591052344884E+06   -0.548966307094502071E+02
    0.165761419259375220E+01    0.718540324448035062E+00    0.344418416466700435E+09    0.139628630174009188E+06   -0.553384341654916341E+02
    0.163127523886069770E+01    0.717514820847702239E+00    0.344169608876884758E+09    0.137861323592011380E+06   -0.553292825702336799E+02
    0.163127523886069770E+01    0.717514820847702239E+00    0.344169608876884758E+09    0.137861323592011380E+06   -0.553292825702336799E+02
    0.162746156469724790E+01    0.734913903861234008E+00    0.344506581826536238E+09    0.137939470461028104E+06   -0.554336833197595524E+02
    0.164461963665097022E+01    0.761675146846898521E+00    0.344432971638796151E+09    0.137701006469729240E+06   -0.551605455726535041E+02
    0.164461963665097022E+01    0.761675146846898521E+00    0.344432971638796151E+09    0.137701006469729240E+06   -0.551605455726535041E+02
    0.163615577784887600E+01    0.765853146690937514E+00    0.343961213835503042E+09    0.137060908185975160E+06   -0.555144927908211514E+02
    0.164373702871261096E+01    0.768050928034914815E+00    0.344678309913559735E+09    0.137619022399646696E+06   -0.556239588675759862E+02
    0.164776265441744418E+01    0.782269238721857274E+00    0.343203987820757568E+09    0.137837926368494896E+06   -0.553104662375026166E+02
    0.163576531246348345E+01    0.759096154431391668E+00    0.343285334412585616E+09    0.138116363801968750E+06   -0.552030869499180881E+02
    0.165903300054038283E+01    0.757763532819695662E+00    0.344533250480282128E+09    0.136556338084126532E+06   -0.555471005280390457E+02
    0.167073359210960937E+01    0.786867571857940096E+00    0.344436089267704964E+09    0.136985701517979207E+06   -0.552877912382008816E+02
    0.169402887441313710E+01    0.744058174778962300E+00    0.342184152905021071E+09    0.138051231969789136E+06   -0.554487204910966014E+02
    0.168414782709626998E+01    0.728687805466771366E+00    0.344468594890080929E+09    0.139827226684406865E+06   -0.551273010803943748E+02
    0.165895505009506317E+01    0.721503854418083623E+00    0.342503959533025801E+09    0.138867059968253103E+06   -0.552256945364155598E+02
    0.165895505009506317E+01    0.721503854418083623E+00    0.342503959533025801E+09    0.138867059968253103E+06   -0.552256945364155598E+02
    0.165814236155017780E+01    0.722946968403977319E+00    0.341412035906595826E+09    0.138692406771987473E+06   -0.556135583709314929E+02
    0.166925695555605880E+01    0.716967752715595541E+00    0.341789031089435160E+09    0.138936691805282055E+06   -0.554507573786994428E+02
    0.166797155603332059E+01    0.714413629755589419E+00    0.343055682020116568E+09    0.138729337983959384E+06   -0.552596069817156490E+02
    0.165114616101547851E+01    0.712475622315323243E+00    0.342695911705002069E+09    0.138013343256083695E+06   -0.555487870339762182E+02
    0.161598876964590676E+01    0.757963974688443454E+00    0.348062704902032137E+09    0.140244008285086835E+06   -0.554288448012826933E+02
    0.162904537016759821E+01    0.765919465978183389E+00    0.346545242687394440E+09    0.140349377495575347E+06   -0.554586573494787416E+02
    0.162227304110648696E+01    0.758578259094949026E+00    0.345400703162905455E+09    0.140216653339152050E+06   -0.553712942126061591E+02
    0.160618533627864046E+01    0.757211142414545346E+00    0.346577310399048269E+09    0.139548944654723251E+06   -0.552078666657401840E+02
    0.161537047375523990E+01    0.772615349203458646E+00    0.346745920440268993E+09    0.139204473071738234E+06   -0.556374752187021713E+02
    0.159312219686651391E+01    0.755655033460067571E+00    0.346743135874343753E+09    0.139352791863107879E+06   -0.554499307443344094E+02
    0.162903880606573970E+01    0.751283084608326490E+00    0.348031353779888749E+09    0.139701780700008443E+06   -0.553826889875406323E+02
    0.161873168429017467E+01    0.762214196163685020E+00    0.347597715664236724E+09    0.140893374567746185E+06   -0.553293864831640221E+02
    0.161873168429017467E+01    0.762214196163685020E+00    0.347597715664236724E+09    0.140893374567746185E+06   -0.553293864831640221E+02
    0.161825696826916676E+01    0.765216503908369816E+00    0.347770427388189077E+09    0.138564727739629569E+06   -0.555882460771875984E+02
    0.165660944560396994E+01    0.725515166026762248E+00    0.343046765815765440E+09    0.141477652825154248E+06   -0.551909446548355547E+02
    0.167263271401555436E+01    0.722367098690805065E+00    0.344261430292223573E+09    0.140867064374246838E+06   -0.552644780445788868E+02
    0.165192737064712092E+01    0.718759776257873018E+00    0.344079013642194331E+09    0.141110925731064955E+06   -0.554301943651439828E+02
    0.163032189027639696E+01    0.769396458032224562E+00    0.344913053986216128E+09    0.140456415089677816E+06   -0.553439037133087126E+02
    0.160597761435766584E+01    0.755989049060454388E+00    0.344192305577211320E+09    0.140996477629898029E+06   -0.554909189831695855E+02
    0.166170882393651742E+01    0.777519509234409156E+00    0.343389892279381573E+09    0.139789901258289756E+06   -0.556482606488422817E+02
    0.167098856116784922E+01    0.754957722187996616E+00    0.342365567948636889E+09    0.140781842434818682E+06   -0.553265564530663880E+02
    0.165709226549389732E+01    0.760736142599441223E+00    0.341307601822657168E+09    0.140742790026336792E+06   -0.554914187834625068E+02
    0.161414036040094144E+01    0.784373117601238512E+00    0.347065316489693522E+09    0.139725833807160059E+06   -0.555925068771702584E+02
    0.159809784874990291E+01    0.751198058203538910E+00    0.346449370128271580E+09    0.141754814887918503E+06   -0.555508938085384329E+02
    0.161354132903503933E+01    0.776178466310485593E+00    0.345935447950313389E+09    0.141323120203294558E+06   -0.551835411832399245E+02
    0.162764011705040823E+01    0.769163416421419832E+00    0.346998586149567127E+09    0.142103769093797251E+06   -0.556336187376046780E+02
    0.151223565183631892E+01    0.748116452627906714E+00    0.348591702931409240E+09    0.140127956328570057E+06   -0.552560151030307622E+02
    0.153543568578037770E+01    0.754040975179329553E+00    0.349582854636137843E+09    0.140837587472572341E+06   -0.556402886598973296E+02
    0.155389747021842428E+01    0.725546008222004435E+00    0.350372905596588373E+09    0.140690437138337438E+06   -0.556246060295227238E+02
    0.156095792884348539E+01    0.737351708379793802E+00    0.348892140650801599E+09    0.140731645942557574E+06   -0.555706083743521191E+02
    0.156836532894514868E+01    0.730585168900895976E+00    0.345924022346703053E+09    0.140981414970693993E+06   -0.556430448239171866E+02
    0.155440077015965339E+01    0.718971786533666002E+00    0.348723764180281222E+09    0.140365821230480389E+06   -0.556086911636078582E+02
    0.153858533821391763E+01    0.763584893795218100E+00    0.347882768410105169E+09    0.141255296505249687E+06   -0.555745146745375536E+02
    0.157610817658599367E+01    0.730275127951948821E+00    0.346907292111587703E+09    0.138676939025340776E+06   -0.553818994256866191E+02
    0.157610817658599367E+01    0.730275127951948821E+00    0.346907292111587703E+09    0.138676939025340776E+06   -0.553818994256866191E+02
    0.162580467132667739E+01    0.743471667192549646E+00    0.349761687415460765E+09    0.138640719275652722E+06   -0.555947269176747554E+02
    0.158347612598543086E+01    0.730257076333010957E+00    0.347800266132124424E+09    0.139457138101409015E+06   -0.553713104730722634E+02
    0.158347612598543086E+01    0.730257076333010957E+00    0.347800266132124424E+09    0.139457138101409015E+06   -0.553713104730722634E+02
    0.160028776753917890E+01    0.730416468717576706E+00    0.348974826274077058E+09    0.140701917479982600E+06   -0.553754080481743642E+02
    0.161038019897606599E+01    0.730152601381492516E+00    0.348383999352680624E+09    0.139894996566834277E+06   -0.554467926587506028E+02
    0.158315343844689704E+01    0.720347853296464447E+00    0.348653820813107491E+09    0.139561835960568918E+06   -0.553278841045960519E+02
    0.158315343844689704E+01    0.720347853296464447E+00    0.348653820813107491E+09    0.139561835960568918E+06   -0.553278841045960519E+02
    0.160353738043545069E+01    0.696913468150299309E+00    0.347289729558036506E+09    0.140006839793646417E+06   -0.555417901794633764E+02
    0.159937493678493747E+01    0.685034875863093085E+00    0.345695570135124266E+09    0.140844751474651071E+06   -0.553318455470281094E+02
    0.161583211617740052E+01    0.707145707872961715E+00    0.347207035318341732E+09    0.140024724353843165E+06   -0.556240193244736787E+02
    0.160900924522952415E+01    0.712483809276736491E+00    0.348903191483421206E+09    0.140287122867539380E+06   -0.554371073332488606E+02
