    0.413603528349892280E+00    0.522324760597348003E+00    0.450609175087129021E+10   -0.206882530183961961E+03
    0.452845204706993687E+00    0.557959528735716859E+00    0.425735060636287212E+10   -0.205511711886046157E+03
    0.336793530316884748E+00    0.372275738871813644E+00    0.489312378916304111E+10   -0.205183008795629178E+03
    0.412587646697811172E+00    0.496872219845958085E+00    0.446735751033273029E+10   -0.205076223840324303E+03
    0.369454909123771269E+00    0.491931393156740171E+00    0.473260876428067398E+10   -0.204857758808798451E+03
    0.449890196927179409E+00    0.439279678394818518E+00    0.428856931066812801E+10   -0.204802079316374289E+03
    0.343259808433410085E+00    0.365731152199897380E+00    0.479788999186163902E+10   -0.204766660432885260E+03
    0.370639250602048720E+00    0.376985774774198035E+00    0.462834783679608154E+10   -0.204477384542213997E+03
    0.444135234144877822E+00    0.574141417989306291E+00    0.435434890974431419E+10   -0.204371600767423899E+03
    0.391683516612652771E+00    0.520923597506374847E+00    0.452594957840584850E+10   -0.204249515098137209E+03
    0.462595608587491658E+00    0.584218281991120136E+00    0.423869566985345602E+10   -0.204188558460007329E+03
    0.428540776291012893E+00    0.525836781746340520E+00    0.437377062179218006E+10   -0.203890949753805813E+03
    0.450443086761885381E+00    0.532852526486802702E+00    0.426319845170433760E+10   -0.203846826424085805E+03
    0.377708756323877237E+00    0.480775738430910593E+00    0.462737925372505760E+10   -0.203832366026073487E+03
    0.353210715407130615E+00    0.432939952773331527E+00    0.480892112755582809E+10   -0.203824307258429258E+03
    0.326483800856896322E+00    0.360500497355955574E+00    0.495407507754840565E+10   -0.203790378743979659E+03
    0.379205845854588774E+00    0.412610404911401218E+00    0.469853528847009563E+10   -0.203761712150418788E+03
    0.384523002124928848E+00    0.420482835727826298E+00    0.459164259940501404E+10   -0.203716268782812108E+03
    0.341215729281620805E+00    0.450630465078358355E+00    0.487695965489779949E+10   -0.203605598784259143E+03
    0.377947369752004825E+00    0.537788386903624627E+00    0.471607471099357986E+10   -0.203601399795078464E+03
    0.353991506523347710E+00    0.539463184788022687E+00    0.483070707554003239E+10   -0.203594485106224283E+03
    0.360006978881717288E+00    0.332486830570342562E+00    0.477234461477220631E+10   -0.203574216351651444E+03
    0.433813648731930068E+00    0.515705742829709379E+00    0.436400321007526207E+10   -0.203516877579246511E+03
    0.407494169165866948E+00    0.448155075751637710E+00    0.447963047785459328E+10   -0.203516112435781878E+03
    0.377139618137730614E+00    0.444703639640737336E+00    0.460931058895093727E+10   -0.203443308779265124E+03
    0.376711266326281324E+00    0.415600073023174588E+00    0.465675754713928032E+10   -0.203360648455962803E+03
    0.370734784358956349E+00    0.376531489617633497E+00    0.463814690929922295E+10   -0.203348983711480344E+03
    0.358217753041793985E+00    0.474371782771834560E+00    0.474437947999147415E+10   -0.203310305293028534E+03
    0.420631458655724544E+00    0.496385767338388462E+00    0.441086117276891899E+10   -0.203306603948595182E+03
    0.363626859497667210E+00    0.413740745080950489E+00    0.475412716553381157E+10   -0.203291441270844473E+03
    0.338863179542565285E+00    0.409993934322585574E+00    0.486041811753322411E+10   -0.203282804954525233E+03
    0.350618464646565986E+00    0.451126923328699192E+00    0.479379547200901413E+10   -0.203248889009337745E+03
    0.354949776656936999E+00    0.464950629417980821E+00    0.480404134337349319E+10   -0.203197460773572260E+03
    0.390215116872877910E+00    0.460558720478500661E+00    0.452858964958584023E+10   -0.203192686529442767E+03
    0.403047575011907744E+00    0.547839308410278392E+00    0.447471619377083206E+10   -0.203106309722715253E+03
    0.409250565361246543E+00    0.500493493739817552E+00    0.445611540314189339E+10   -0.203062798662333535E+03
    0.383373835696600107E+00    0.498276327091955906E+00    0.463632780852059937E+10   -0.203046732432354133E+03
    0.349974732904329122E+00    0.456931595062474827E+00    0.484925099473233509E+10   -0.203039952952142244E+03
    0.391209403342159645E+00    0.553598708705617781E+00    0.463685231845793533E+10   -0.202959765237138299E+03
    0.425543874742782990E+00    0.502142332103270306E+00    0.441945970676644897E+10   -0.202866321427769833E+03
    0.395558793165643463E+00    0.427064095151280299E+00    0.453615164464317226E+10   -0.202818804345502684E+03
    0.350860719456561332E+00    0.393381039987259484E+00    0.480919416847723198E+10   -0.202777705707310275E+03
    0.365384827979840454E+00    0.482372795375516361E+00    0.473232741290905476E+10   -0.202771132234673189E+03
    0.331033874194300415E+00    0.439971829908774481E+00    0.491703510069056511E+10   -0.202765286195793038E+03
    0.358662207996193527E+00    0.463471231183067545E+00    0.475310128780339241E+10   -0.202728552007369331E+03
    0.354009467936421962E+00    0.525443294659432070E+00    0.478320212100014877E+10   -0.202724463042597506E+03
    0.394124685747706149E+00    0.444990579620682780E+00    0.452404298680338573E+10   -0.202702917419482105E+03
    0.361108680600081500E+00    0.434781171985738624E+00    0.470160254228992176E+10   -0.202615371888786001E+03
    0.362839084840488990E+00    0.515063754820614506E+00    0.476025556301973915E+10   -0.202578500852515646E+03
    0.418611529383415670E+00    0.530958051323205282E+00    0.442832825713056946E+10   -0.202560286529595942E+03
    0.392662609273770558E+00    0.387095990195350126E+00    0.453827978057032204E+10   -0.202545477282018510E+03
    0.405936010645174872E+00    0.371580954427141563E+00    0.448170633858664703E+10   -0.202540104990722227E+03
    0.382336260719229881E+00    0.374950324740989771E+00    0.463553554235345078E+10   -0.202537355726875290E+03
    0.342341206968753364E+00    0.438513684186538910E+00    0.489166040462005711E+10   -0.202521806710458804E+03
    0.360511498624007831E+00    0.479647627244441210E+00    0.473583547167164898E+10   -0.202477505905957344E+03
    0.366220989140147890E+00    0.438240586159690082E+00    0.474971490170545769E+10   -0.202460137849526575E+03
    0.395181498460828562E+00    0.538841465334485292E+00    0.454321701456173515E+10   -0.202455576688398850E+03
    0.364199064292546171E+00    0.483381083757333130E+00    0.473628592749990845E+10   -0.202413778392251629E+03
    0.342087602244310174E+00    0.443174143487707894E+00    0.489224211067023659E+10   -0.202400489420257713E+03
    0.418318172548103939E+00    0.464950150023753395E+00    0.442090901238475418E+10   -0.202399462553830801E+03
    0.400632291927396522E+00    0.447585119461258785E+00    0.449790509570009232E+10   -0.202395050502503921E+03
    0.363928105547059344E+00    0.406971175233461935E+00    0.469707987087952805E+10   -0.202385158698113315E+03
    0.369725419352839091E+00    0.376049717051490262E+00    0.466841985446260357E+10   -0.202342159469574511E+03
    0.393034594983288521E+00    0.467894072769327707E+00    0.455197621046288395E+10   -0.202338204652314744E+03
    0.414243537763482439E+00    0.407976928450295873E+00    0.445908117569422245E+10   -0.202324350562470727E+03
    0.365042048003010489E+00    0.527004072182622352E+00    0.477388544150737953E+10   -0.202273556176941327E+03
    0.403707160867963266E+00    0.530892027476536299E+00    0.450498718753241920E+10   -0.202268264675848798E+03
    0.341452619483965214E+00    0.473183959899115436E+00    0.486052916623028469E+10   -0.202266986893519146E+03
    0.401879119253875428E+00    0.485098676305229404E+00    0.450716520689997864E+10   -0.202212903186405754E+03
    0.407695335373686463E+00    0.428663742294377315E+00    0.447266897913586235E+10   -0.202172990078098564E+03
    0.397914705207403685E+00    0.500372414614567163E+00    0.453298031660641384E+10   -0.202172304712894913E+03
    0.379185107730784954E+00    0.449712468098631746E+00    0.461759290300020027E+10   -0.202165170499906225E+03
    0.385676939079316272E+00    0.491137254806830015E+00    0.463383744898606491E+10   -0.202150840826284764E+03
    0.413598279133036761E+00    0.556465307539523835E+00    0.444348395916661072E+10   -0.202128966560636513E+03
    0.362134880623855238E+00    0.470055586833769468E+00    0.478585288886763096E+10   -0.202123997057543022E+03
    0.362134880623855238E+00    0.470055586833769468E+00    0.478585288886763096E+10   -0.202123997057543022E+03
    0.400397190371231060E+00    0.412471453511788155E+00    0.448927914319038582E+10   -0.202116722124491673E+03
    0.348078040981209480E+00    0.393338489075343745E+00    0.483289973188580513E+10   -0.202104420361884593E+03
    0.348078040981209480E+00    0.393338489075343745E+00    0.483289973188580513E+10   -0.202104420361884593E+03
    0.389842662147587227E+00    0.565721793153024066E+00    0.461206594808414459E+10   -0.202056662382028065E+03
    0.389842662147587227E+00    0.565721793153024066E+00    0.461206594808414459E+10   -0.202056662382028065E+03
    0.370176237536441521E+00    0.477056046235729170E+00    0.473327247330436325E+10   -0.202036189445003458E+03
    0.427851985095975273E+00    0.551903826916026574E+00    0.442243344059709167E+10   -0.202036015461247814E+03
    0.427851985095975273E+00    0.551903826916026574E+00    0.442243344059709167E+10   -0.202036015461247814E+03
    0.415270950852223319E+00    0.444097275088976673E+00    0.445042281125158310E+10   -0.202017653564934619E+03
    0.424313234165109743E+00    0.462362969213852892E+00    0.442711244526974773E+10   -0.202008667686267017E+03
    0.382656121719980924E+00    0.480450634821654177E+00    0.458805831048400116E+10   -0.201991477706200243E+03
    0.389181545606113011E+00    0.493120211002198161E+00    0.463949949325026894E+10   -0.201987845589414832E+03
    0.421885781578240804E+00    0.473332456245561417E+00    0.443836061242134476E+10   -0.201978016107900800E+03
    0.421885781578240804E+00    0.473332456245561417E+00    0.443836061242134476E+10   -0.201978016107900800E+03
    0.414293783709870689E+00    0.410718480707901179E+00    0.448111374889187622E+10   -0.201959286228289045E+03
    0.414293783709870689E+00    0.410718480707901179E+00    0.448111374889187622E+10   -0.201959286228289045E+03
    0.405408932575918202E+00    0.526492887573972723E+00    0.450466177088402557E+10   -0.201957145191694849E+03
    0.371937664436587379E+00    0.514651104331250053E+00    0.473346620200037098E+10   -0.201953916095891600E+03
    0.424745011505780312E+00    0.466147418850681561E+00    0.444250864220226860E+10   -0.201924712327331548E+03
    0.336231505970830180E+00    0.452514731244832547E+00    0.490025310293397522E+10   -0.201913979530472147E+03
    0.388186298325816248E+00    0.508808080542422658E+00    0.464273129839665222E+10   -0.201883817085196256E+03
    0.365710577242276458E+00    0.364274314637277996E+00    0.472458589901808548E+10   -0.201842875389275207E+03
    0.362331834592250157E+00    0.487444568225461339E+00    0.471496285427451897E+10   -0.201834709176842637E+03
    0.357767746143475618E+00    0.478477606381300546E+00    0.479806475611303806E+10   -0.201778320358332735E+03
    0.357767746143475618E+00    0.478477606381300546E+00    0.479806475611303806E+10   -0.201778320358332735E+03
    0.409338745662114145E+00    0.578090497007879733E+00    0.450883590897627068E+10   -0.201753355425684475E+03
    0.375788583896829065E+00    0.520342562846545675E+00    0.466078171051299381E+10   -0.201717728273865589E+03
    0.402581743288343452E+00    0.599440233698395275E+00    0.454064158037647629E+10   -0.201714489742983972E+03
    0.356351316665997675E+00    0.372036878216373879E+00    0.474255390295870209E+10   -0.201690305310528458E+03
    0.391052794458263298E+00    0.593470200197170783E+00    0.463595366275158691E+10   -0.201660844052475170E+03
    0.391052794458263298E+00    0.593470200197170783E+00    0.463595366275158691E+10   -0.201660844052475170E+03
    0.387822592177170966E+00    0.503084643393236775E+00    0.456984036865101624E+10   -0.201643353752761499E+03
    0.387822592177170966E+00    0.503084643393236775E+00    0.456984036865101624E+10   -0.201643353752761499E+03
    0.382227181849318254E+00    0.387053429602829624E+00    0.458480135124248886E+10   -0.201638530697520139E+03
    0.394511191698437347E+00    0.517828404868708958E+00    0.459021937407144260E+10   -0.201608073572822917E+03
    0.404244026155217706E+00    0.468313915172267059E+00    0.453925278103740597E+10   -0.201591694496432467E+03
    0.404244026155217706E+00    0.468313915172267059E+00    0.453925278103740597E+10   -0.201591694496432467E+03
    0.352866009179102991E+00    0.475103208580186731E+00    0.482470244994462490E+10   -0.201573579967542571E+03
    0.352866009179102991E+00    0.475103208580186731E+00    0.482470244994462490E+10   -0.201573579967542571E+03
    0.401265557998644218E+00    0.560232860341915995E+00    0.453592582946633530E+10   -0.201571336738592152E+03
    0.394551536526392466E+00    0.444675251389908155E+00    0.456700106722657394E+10   -0.201569183197613171E+03
    0.363483938048224708E+00    0.433386177896650793E+00    0.476177946666015911E+10   -0.201565137329038151E+03
    0.370685330348140163E+00    0.459580780638590980E+00    0.466805221714957714E+10   -0.201558284139647412E+03
    0.370685330348140163E+00    0.459580780638590980E+00    0.466805221714957714E+10   -0.201558284139647412E+03
    0.386644040120873833E+00    0.500458565159449975E+00    0.458864279328706360E+10   -0.201557485856324803E+03
    0.361310792198445585E+00    0.475168543078403616E+00    0.477561087920427036E+10   -0.201551429828958135E+03
    0.361310792198445585E+00    0.475168543078403616E+00    0.477561087920427036E+10   -0.201551429828958135E+03
    0.358259372645111485E+00    0.467121896307215678E+00    0.479298870948947525E+10   -0.201548397262958872E+03
    0.358259372645111485E+00    0.467121896307215678E+00    0.479298870948947525E+10   -0.201548397262958872E+03
    0.401056073930902590E+00    0.453515634427754222E+00    0.451829536513491917E+10   -0.201544437339303812E+03
    0.405339059897020293E+00    0.498667136835834413E+00    0.450000104547852516E+10   -0.201541913310839448E+03
    0.394410493552628638E+00    0.502804979151616038E+00    0.456582914170953274E+10   -0.201539930829661841E+03
    0.394410493552628638E+00    0.502804979151616038E+00    0.456582914170953274E+10   -0.201539930829661841E+03
    0.394844769693154130E+00    0.428167895789323794E+00    0.458659198869722271E+10   -0.201536832094350132E+03
    0.394844769693154130E+00    0.428167895789323794E+00    0.458659198869722271E+10   -0.201536832094350132E+03
    0.383083625329040778E+00    0.423639988854617400E+00    0.458833607321586037E+10   -0.201534027565989760E+03
    0.383083625329040778E+00    0.423639988854617400E+00    0.458833607321586037E+10   -0.201534027565989760E+03
    0.410058800133276224E+00    0.548290643988062598E+00    0.448816769759411049E+10   -0.201529996403318933E+03
    0.395453323153581282E+00    0.427802856037949653E+00    0.451273344557050514E+10   -0.201505172797505281E+03
    0.362136274301141314E+00    0.521523708602773084E+00    0.474111708262914181E+10   -0.201500475722410954E+03
    0.362136274301141314E+00    0.521523708602773084E+00    0.474111708262914181E+10   -0.201500475722410954E+03
    0.367233776556183056E+00    0.467063809316350387E+00    0.468284217780278587E+10   -0.201475345063997224E+03
    0.385042168149143660E+00    0.400345242743265217E+00    0.458328286350330544E+10   -0.201454996128650521E+03
    0.382989607565971335E+00    0.535736943279195188E+00    0.465892835062215900E+10   -0.201434061425252850E+03
    0.397562404489552157E+00    0.458768223550940490E+00    0.450891156627697277E+10   -0.201421049757640219E+03
    0.382520610234514002E+00    0.457490040231398609E+00    0.459306706912252426E+10   -0.201420972609200334E+03
    0.382520610234514002E+00    0.457490040231398609E+00    0.459306706912252426E+10   -0.201420972609200334E+03
    0.355602495093392978E+00    0.360785974795749809E+00    0.479507707903476334E+10   -0.201414847440723605E+03
    0.355602495093392978E+00    0.360785974795749809E+00    0.479507707903476334E+10   -0.201414847440723605E+03
    0.372613845720496939E+00    0.393230733632258023E+00    0.468512882851147652E+10   -0.201408118818662672E+03
    0.357046538611857367E+00    0.490341458740219949E+00    0.475037998517604160E+10   -0.201405981130658631E+03
    0.368342396091725699E+00    0.495277611412126006E+00    0.472399795862271786E+10   -0.201362957667827487E+03
    0.368342396091725699E+00    0.495277611412126006E+00    0.472399795862271786E+10   -0.201362957667827487E+03
    0.364836889974148759E+00    0.429154052219660187E+00    0.469654078930446243E+10   -0.201330008941002433E+03
    0.375036931419551078E+00    0.527476699336554944E+00    0.467076706073576736E+10   -0.201325870860748722E+03
    0.356420715340474814E+00    0.401207635922570915E+00    0.475449446043406296E+10   -0.201323602485806987E+03
    0.356420715340474814E+00    0.401207635922570915E+00    0.475449446043406296E+10   -0.201323602485806987E+03
    0.394878684678740377E+00    0.448229215107772916E+00    0.452451318340057564E+10   -0.201291328087746763E+03
    0.358375772793699532E+00    0.421399415247179832E+00    0.474438099895283222E+10   -0.201280186979083368E+03
    0.361150146510386849E+00    0.439247619057386629E+00    0.478351439900134659E+10   -0.201271302458923344E+03
    0.376237620938532080E+00    0.540527349580033345E+00    0.465974932452031708E+10   -0.201268472933941638E+03
    0.380496292833162997E+00    0.528153705561088316E+00    0.465525926687479973E+10   -0.201250051857472982E+03
    0.387704328258334785E+00    0.477289562350433627E+00    0.459369608987243843E+10   -0.201243393811820653E+03
    0.407212878883819962E+00    0.441254384787526988E+00    0.451560066789217091E+10   -0.201241341052569737E+03
    0.407212878883819962E+00    0.441254384787526988E+00    0.451560066789217091E+10   -0.201241341052569737E+03
    0.367821113883274486E+00    0.482581299407993214E+00    0.474356595284379959E+10   -0.201227595221343705E+03
    0.367821113883274486E+00    0.482581299407993214E+00    0.474356595284379959E+10   -0.201227595221343705E+03
    0.363922126665164825E+00    0.409395159269170250E+00    0.475864767107616997E+10   -0.201216551577288811E+03
    0.363922126665164825E+00    0.409395159269170250E+00    0.475864767107616997E+10   -0.201216551577288811E+03
    0.379846003675379906E+00    0.515722047025404251E+00    0.461158460019153214E+10   -0.201214075587512298E+03
    0.379846003675379906E+00    0.515722047025404251E+00    0.461158460019153214E+10   -0.201214075587512298E+03
    0.408393617713713131E+00    0.458715890771630441E+00    0.452531111073603058E+10   -0.201195298734465780E+03
    0.455443133534226607E+00    0.577155348563129778E+00    0.429597360051819229E+10   -0.201188024528019469E+03
    0.393992434332994690E+00    0.437711057419235772E+00    0.453399712360461235E+10   -0.201184424164744371E+03
    0.377265108095280854E+00    0.463868927133310294E+00    0.462159488493702507E+10   -0.201166852420076538E+03
    0.377265108095280854E+00    0.463868927133310294E+00    0.462159488493702507E+10   -0.201166852420076538E+03
    0.365951512753501240E+00    0.485323707649508052E+00    0.470450934713428879E+10   -0.201166103097399969E+03
    0.427612305296054651E+00    0.510305733388952021E+00    0.441600366184443855E+10   -0.201154372041928525E+03
    0.376308237327987183E+00    0.425172364672656400E+00    0.467221888040200806E+10   -0.201131112498325649E+03
    0.406674745924581915E+00    0.541862829311286376E+00    0.449124654283827972E+10   -0.201115216584406994E+03
    0.406674745924581915E+00    0.541862829311286376E+00    0.449124654283827972E+10   -0.201115216584406994E+03
    0.370358018531223132E+00    0.438347704183874143E+00    0.466221022225787449E+10   -0.201109795095670620E+03
    0.358713459809027801E+00    0.398876701342382844E+00    0.478074125422939491E+10   -0.201108910614446614E+03
    0.358713459809027801E+00    0.398876701342382844E+00    0.478074125422939491E+10   -0.201108910614446614E+03
    0.360652397856857820E+00    0.511608666503462928E+00    0.477000445401241875E+10   -0.201106309464274318E+03
    0.379982643014107169E+00    0.417984522973588568E+00    0.461503268467416000E+10   -0.201095221535945996E+03
    0.379982643014107169E+00    0.417984522973588568E+00    0.461503268467416000E+10   -0.201095221535945996E+03
    0.404285366600541873E+00    0.551078796961991912E+00    0.452635276956772804E+10   -0.201095198094895636E+03
    0.404285366600541873E+00    0.551078796961991912E+00    0.452635276956772804E+10   -0.201095198094895636E+03
    0.419949613366507823E+00    0.508446933049649274E+00    0.444187552037195587E+10   -0.201094983106638097E+03
    0.419949613366507823E+00    0.508446933049649274E+00    0.444187552037195587E+10   -0.201094983106638097E+03
    0.374602238073710680E+00    0.496238058401514692E+00    0.465521617056045437E+10   -0.201092071547311662E+03
    0.425819387577537956E+00    0.543485103040129758E+00    0.443749623176277161E+10   -0.201089438711405165E+03
    0.378193228796924630E+00    0.434849869325173444E+00    0.465763209752216148E+10   -0.201088006565345268E+03
    0.378193228796924630E+00    0.434849869325173444E+00    0.465763209752216148E+10   -0.201088006565345268E+03
    0.369375006142785955E+00    0.378436442482485091E+00    0.468966453250599766E+10   -0.201086140974884245E+03
    0.351934732124829619E+00    0.471535191683949861E+00    0.481145658690107250E+10   -0.201077145290190344E+03
    0.392246498481375827E+00    0.466041104597195499E+00    0.453841212145249367E+10   -0.201075791737287091E+03
    0.405799716557785628E+00    0.454974146526808454E+00    0.452102387578245258E+10   -0.201065141838367197E+03
    0.388232731271835052E+00    0.397647014503698770E+00    0.460879009076804256E+10   -0.201047159076673381E+03
    0.388232731271835052E+00    0.397647014503698770E+00    0.460879009076804256E+10   -0.201047159076673381E+03
    0.410937130920667026E+00    0.529603855037752425E+00    0.446311024094868279E+10   -0.201041162325501631E+03
    0.390760090258347348E+00    0.525873310867799759E+00    0.458894081448522186E+10   -0.201038592426242815E+03
    0.402674505502163715E+00    0.468288237980123867E+00    0.451483017531560040E+10   -0.201032703559577101E+03
    0.417908169749722003E+00    0.461319193466900757E+00    0.441889057848152542E+10   -0.201029597408444147E+03
    0.417908169749722003E+00    0.461319193466900757E+00    0.441889057848152542E+10   -0.201029597408444147E+03
    0.365092558629371788E+00    0.505934690405416276E+00    0.473990854275417900E+10   -0.201026624911746524E+03
    0.378980766118875767E+00    0.428604715950829274E+00    0.461696737263164902E+10   -0.201020212073181938E+03
    0.378980766118875767E+00    0.428604715950829274E+00    0.461696737263164902E+10   -0.201020212073181938E+03
    0.372644842435177703E+00    0.398796705900503312E+00    0.468401770544144630E+10   -0.201013537452354427E+03
    0.372516996844672432E+00    0.402621183664678028E+00    0.465932566848917770E+10   -0.200985495090844694E+03
    0.372516996844672432E+00    0.402621183664678028E+00    0.465932566848917770E+10   -0.200985495090844694E+03
    0.371754519907652570E+00    0.456967035701401514E+00    0.470970876686266136E+10   -0.200982851690991822E+03
    0.383642519058385978E+00    0.420056526529354102E+00    0.462765844527683449E+10   -0.200982399817597553E+03
    0.383437967878557384E+00    0.447620287287577412E+00    0.459660213940851784E+10   -0.200978390607038818E+03
    0.421070144017044012E+00    0.506563720534757067E+00    0.442746331658979416E+10   -0.200978016977927268E+03
    0.421070144017044012E+00    0.506563720534757067E+00    0.442746331658979416E+10   -0.200978016977927268E+03
    0.377197059071709695E+00    0.494282073262921173E+00    0.466611061147134972E+10   -0.200971730521871308E+03
    0.377197059071709695E+00    0.494282073262921173E+00    0.466611061147134972E+10   -0.200971730521871308E+03
    0.368360921703073552E+00    0.425705247652405916E+00    0.474778471998567581E+10   -0.200961760547614517E+03
    0.368360921703073552E+00    0.425705247652405916E+00    0.474778471998567581E+10   -0.200961760547614517E+03
    0.371004629839856215E+00    0.448328504924941029E+00    0.470065683974038887E+10   -0.200926563836679975E+03
    0.371004629839856215E+00    0.448328504924941029E+00    0.470065683974038887E+10   -0.200926563836679975E+03
    0.373406759533684407E+00    0.448649422624445293E+00    0.470335487428548336E+10   -0.200917932625884191E+03
    0.370979974738448237E+00    0.363403667820811904E+00    0.468279967076107216E+10   -0.200908863189263968E+03
    0.357419108589299706E+00    0.482560521589977753E+00    0.478630965386106300E+10   -0.200907731196566061E+03
    0.357419108589299706E+00    0.482560521589977753E+00    0.478630965386106300E+10   -0.200907731196566061E+03
    0.367545110858898905E+00    0.434708639272381347E+00    0.467771897061085510E+10   -0.200899560646689082E+03
    0.367545110858898905E+00    0.434708639272381347E+00    0.467771897061085510E+10   -0.200899560646689082E+03
    0.411406396016442799E+00    0.490776197884116527E+00    0.451641392633966064E+10   -0.200897465215276100E+03
    0.411406396016442799E+00    0.490776197884116527E+00    0.451641392633966064E+10   -0.200897465215276100E+03
    0.363824233437502365E+00    0.434846948538101685E+00    0.475045168246165466E+10   -0.200864929881843921E+03
    0.380809554785733584E+00    0.428992016213644689E+00    0.466572746100287247E+10   -0.200861708550603140E+03
    0.380809554785733584E+00    0.428992016213644689E+00    0.466572746100287247E+10   -0.200861708550603140E+03
    0.381602953285041013E+00    0.500006113342569947E+00    0.462809701094500637E+10   -0.200854266694095799E+03
    0.374505214283032184E+00    0.416306367099547714E+00    0.465284719659676170E+10   -0.200843158323871762E+03
    0.374505214283032184E+00    0.416306367099547714E+00    0.465284719659676170E+10   -0.200843158323871762E+03
    0.405333610627942598E+00    0.523280528594337824E+00    0.448740170605230522E+10   -0.200839244008091981E+03
    0.405333610627942598E+00    0.523280528594337824E+00    0.448740170605230522E+10   -0.200839244008091981E+03
    0.375874714190750192E+00    0.503190761914510176E+00    0.467935842802891159E+10   -0.200815745729129389E+03
    0.375874714190750192E+00    0.503190761914510176E+00    0.467935842802891159E+10   -0.200815745729129389E+03
    0.401147985066192925E+00    0.565104165674936709E+00    0.457624499316325665E+10   -0.200800671691121295E+03
    0.353521890553806062E+00    0.385067093018490070E+00    0.479201654660808372E+10   -0.200792680164004537E+03
    0.353521890553806062E+00    0.385067093018490070E+00    0.479201654660808372E+10   -0.200792680164004537E+03
    0.378919637722414215E+00    0.449151414793798054E+00    0.464816996206919289E+10   -0.200781425309418978E+03
    0.371769731080127452E+00    0.364706621064328829E+00    0.466123836046872616E+10   -0.200777917140039108E+03
    0.371769731080127452E+00    0.364706621064328829E+00    0.466123836046872616E+10   -0.200777917140039108E+03
    0.382797456316782136E+00    0.478504933146307820E+00    0.464501598327742767E+10   -0.200772650390740637E+03
    0.382797456316782136E+00    0.478504933146307820E+00    0.464501598327742767E+10   -0.200772650390740637E+03
    0.367606661886955677E+00    0.506826344277104823E+00    0.471474841348509979E+10   -0.200762871468319418E+03
    0.367606661886955677E+00    0.506826344277104823E+00    0.471474841348509979E+10   -0.200762871468319418E+03
    0.374950055856174969E+00    0.439687641370102966E+00    0.463912110229074860E+10   -0.200760101831348521E+03
    0.395037994995620034E+00    0.539649123627201632E+00    0.459450267368155670E+10   -0.200757178553814185E+03
    0.395037994995620034E+00    0.539649123627201632E+00    0.459450267368155670E+10   -0.200757178553814185E+03
    0.387829116363803794E+00    0.512661537573549708E+00    0.459638459937860012E+10   -0.200747855959024236E+03
    0.372288022742051417E+00    0.460351635377389101E+00    0.471995200199879265E+10   -0.200717770788377237E+03
    0.372288022742051417E+00    0.460351635377389101E+00    0.471995200199879265E+10   -0.200717770788377237E+03
    0.401927079739294868E+00    0.417350951563893346E+00    0.449499500118639565E+10   -0.200702646500463345E+03
    0.401927079739294868E+00    0.417350951563893346E+00    0.449499500118639565E+10   -0.200702646500463345E+03
    0.375306662421326542E+00    0.492243358484927285E+00    0.467228318648928547E+10   -0.200701222793018644E+03
    0.389064479575324917E+00    0.455944736581832544E+00    0.458505815507860565E+10   -0.200698118236812832E+03
    0.369709058009975666E+00    0.490233031254184937E+00    0.469091235347697830E+10   -0.200676978311503092E+03
    0.369709058009975666E+00    0.490233031254184937E+00    0.469091235347697830E+10   -0.200676978311503092E+03
    0.372318767184100508E+00    0.450880499815566438E+00    0.466604001424816132E+10   -0.200667207133335921E+03
    0.390656043199474945E+00    0.512145597759419147E+00    0.457800578994111443E+10   -0.200661478841724602E+03
    0.390656043199474945E+00    0.512145597759419147E+00    0.457800578994111443E+10   -0.200661478841724602E+03
    0.368285660843367668E+00    0.431702360439079058E+00    0.468455150403461075E+10   -0.200650700290811869E+03
    0.368285660843367668E+00    0.431702360439079058E+00    0.468455150403461075E+10   -0.200650700290811869E+03
    0.399740908650847104E+00    0.407152983169341454E+00    0.451586210359146309E+10   -0.200647307143057901E+03
    0.387766348305682684E+00    0.526061315723973522E+00    0.460994521751265621E+10   -0.200636085072980109E+03
    0.387766348305682684E+00    0.526061315723973522E+00    0.460994521751265621E+10   -0.200636085072980109E+03
    0.368279532257790532E+00    0.411322761285140004E+00    0.471013195058211327E+10   -0.200603681496233946E+03
    0.368279532257790532E+00    0.411322761285140004E+00    0.471013195058211327E+10   -0.200603681496233946E+03
    0.374686689457478295E+00    0.424729934794500608E+00    0.466151772020300102E+10   -0.200602534096808313E+03
    0.369215616516685663E+00    0.475834867723762045E+00    0.470182775678334999E+10   -0.200588452097813189E+03
    0.369215616516685663E+00    0.475834867723762045E+00    0.470182775678334999E+10   -0.200588452097813189E+03
    0.374395517033136394E+00    0.461857964364151385E+00    0.470011231901680756E+10   -0.200580468265036956E+03
    0.372541723378078060E+00    0.414303668601260000E+00    0.468711232190499687E+10   -0.200569728058885516E+03
    0.367599383664975021E+00    0.467043261189383330E+00    0.470539693653988266E+10   -0.200569605646002117E+03
    0.367599383664975021E+00    0.467043261189383330E+00    0.470539693653988266E+10   -0.200569605646002117E+03
    0.369484449383027658E+00    0.391313171874092092E+00    0.468501686236479759E+10   -0.200569602380274347E+03
    0.383716283403926384E+00    0.501014006520181354E+00    0.461563125820261478E+10   -0.200564371120451852E+03
    0.384206133663785532E+00    0.434164974698180828E+00    0.460670503006717968E+10   -0.200562854146170054E+03
    0.384206133663785532E+00    0.434164974698180828E+00    0.460670503006717968E+10   -0.200562854146170054E+03
    0.386342499578906318E+00    0.487143435079232745E+00    0.463004362627070618E+10   -0.200561048038826812E+03
    0.386342499578906318E+00    0.487143435079232745E+00    0.463004362627070618E+10   -0.200561048038826812E+03
    0.369915687599930432E+00    0.373858654982662131E+00    0.467725261638188362E+10   -0.200555161456486502E+03
    0.369915687599930432E+00    0.373858654982662131E+00    0.467725261638188362E+10   -0.200555161456486502E+03
    0.388649036874004705E+00    0.504000226474502711E+00    0.458552498737666893E+10   -0.200554850655197129E+03
    0.420540513947797401E+00    0.528063603962358741E+00    0.443229612947374535E+10   -0.200538752918275492E+03
    0.420540513947797401E+00    0.528063603962358741E+00    0.443229612947374535E+10   -0.200538752918275492E+03
    0.386411701850901013E+00    0.513118092210795851E+00    0.460170094481523705E+10   -0.200533117790646827E+03
    0.416630713273058173E+00    0.460357999109737293E+00    0.445696162982350349E+10   -0.200530817685622139E+03
    0.381039679310181234E+00    0.535153430551986276E+00    0.462493782372303009E+10   -0.200525464054387442E+03
    0.381039679310181234E+00    0.535153430551986276E+00    0.462493782372303009E+10   -0.200525464054387442E+03
    0.386425341146969747E+00    0.470783519984433241E+00    0.457945602895330143E+10   -0.200513297841585825E+03
    0.386425341146969747E+00    0.470783519984433241E+00    0.457945602895330143E+10   -0.200513297841585825E+03
    0.386414923110193709E+00    0.442299565535273942E+00    0.461091049525268364E+10   -0.200508962687189069E+03
    0.390415473311267247E+00    0.467154024347181007E+00    0.460289610751221275E+10   -0.200506854389236423E+03
    0.407668080516777664E+00    0.421374227879006469E+00    0.449346081103765106E+10   -0.200503373020486663E+03
    0.407668080516777664E+00    0.421374227879006469E+00    0.449346081103765106E+10   -0.200503373020486663E+03
    0.377409718205499789E+00    0.486759712796082766E+00    0.464618307289777946E+10   -0.200501432453933546E+03
    0.401713328063044550E+00    0.555475334508502172E+00    0.451745460316438103E+10   -0.200500206114113126E+03
    0.375257361463196326E+00    0.485430150979533792E+00    0.466823600400510025E+10   -0.200496199241433743E+03
    0.372649306699060823E+00    0.488339303548400494E+00    0.467503942947084808E+10   -0.200472811395813039E+03
    0.363501228581332825E+00    0.447303288044665237E+00    0.473055840947800446E+10   -0.200472742178018848E+03
    0.388135786247767456E+00    0.448338475157015637E+00    0.460425341318056107E+10   -0.200472427912711112E+03
    0.383628708678299957E+00    0.430065484693123778E+00    0.459925203703560638E+10   -0.200463715634301593E+03
    0.382040003859559607E+00    0.490951940345254911E+00    0.465741519211860085E+10   -0.200462337183689044E+03
    0.395856293687363303E+00    0.495544359776857846E+00    0.453897412045444393E+10   -0.200461218859470932E+03
    0.388303804966778188E+00    0.443629133435607059E+00    0.461985690476164055E+10   -0.200453939476783120E+03
    0.367675454851091155E+00    0.406112313948030490E+00    0.469374626966111183E+10   -0.200443625133579019E+03
    0.367675454851091155E+00    0.406112313948030490E+00    0.469374626966111183E+10   -0.200443625133579019E+03
    0.399506600334976036E+00    0.473191370648775589E+00    0.451996019753508568E+10   -0.200434046077970095E+03
    0.393929459896062983E+00    0.474910525924325810E+00    0.460039859363163376E+10   -0.200433554336857441E+03
    0.393929459896062983E+00    0.474910525924325810E+00    0.460039859363163376E+10   -0.200433554336857441E+03
    0.393029572219811829E+00    0.507828538349343717E+00    0.457982029004669380E+10   -0.200432857185673100E+03
    0.393029572219811829E+00    0.507828538349343717E+00    0.457982029004669380E+10   -0.200432857185673100E+03
    0.373846069443448059E+00    0.463198683565231306E+00    0.466802553691954899E+10   -0.200426961904399747E+03
    0.386859996246175231E+00    0.462474545376739599E+00    0.459589946037856293E+10   -0.200420652118325791E+03
    0.386859996246175231E+00    0.462474545376739599E+00    0.459589946037856293E+10   -0.200420652118325791E+03
    0.372192475421517510E+00    0.461536936683552668E+00    0.469677294637960625E+10   -0.200419899851442722E+03
    0.390340361680542425E+00    0.491790461845182492E+00    0.456863020240122223E+10   -0.200405937258946409E+03
    0.390340361680542425E+00    0.491790461845182492E+00    0.456863020240122223E+10   -0.200405937258946409E+03
    0.391788794937035001E+00    0.551447392497523836E+00    0.461507288775768280E+10   -0.200397364828713989E+03
    0.381209275868512887E+00    0.374953713273002975E+00    0.462159141734381962E+10   -0.200390279077420530E+03
    0.397394555773936009E+00    0.442647454213371816E+00    0.454391511504834557E+10   -0.200354492253363503E+03
    0.397394555773936009E+00    0.442647454213371816E+00    0.454391511504834557E+10   -0.200354492253363503E+03
    0.367264036091820401E+00    0.420351347572744061E+00    0.471760538200466537E+10   -0.200321157569758441E+03
    0.367264036091820401E+00    0.420351347572744061E+00    0.471760538200466537E+10   -0.200321157569758441E+03
    0.394522156462185081E+00    0.479673440271064067E+00    0.458874228161190796E+10   -0.200318484049038432E+03
    0.394522156462185081E+00    0.479673440271064067E+00    0.458874228161190796E+10   -0.200318484049038432E+03
    0.371273358914009366E+00    0.446279217823889240E+00    0.469303894524497032E+10   -0.200316416431145683E+03
    0.375839160697569230E+00    0.506039803421467482E+00    0.467752811050379562E+10   -0.200310234133459062E+03
    0.375839160697569230E+00    0.506039803421467482E+00    0.467752811050379562E+10   -0.200310234133459062E+03
    0.371146047701545356E+00    0.435901846971571416E+00    0.471267023128220749E+10   -0.200307759175371729E+03
    0.406898793487106614E+00    0.456348937282989198E+00    0.449245838247192383E+10   -0.200295967504735501E+03
    0.389445936557323902E+00    0.559524112746743185E+00    0.462099032931633854E+10   -0.200291793737350702E+03
    0.387180559064062124E+00    0.523035853079594659E+00    0.462789237088436317E+10   -0.200283595231804782E+03
    0.402480369020203788E+00    0.463524424839828697E+00    0.452726261909699059E+10   -0.200272341010094607E+03
    0.379752192226673002E+00    0.529254801458602486E+00    0.465418111180497646E+10   -0.200270837722823728E+03
    0.379752192226673002E+00    0.529254801458602486E+00    0.465418111180497646E+10   -0.200270837722823728E+03
    0.387467500736682735E+00    0.515775976545679526E+00    0.459702666192740822E+10   -0.200269067803187966E+03
    0.387024202000605555E+00    0.443832536464887184E+00    0.459540226207297802E+10   -0.200268793466114914E+03
    0.371245810123212117E+00    0.506512860034963097E+00    0.470929582733189583E+10   -0.200262960876262412E+03
    0.405116081779881620E+00    0.451955466238532111E+00    0.452791799383778000E+10   -0.200259662468587408E+03
    0.371847156129364143E+00    0.507679304443534818E+00    0.469895885553729820E+10   -0.200257074484249188E+03
    0.392232097801120672E+00    0.537531294225765066E+00    0.457582418267774773E+10   -0.200255232243256586E+03
    0.392232097801120672E+00    0.537531294225765066E+00    0.457582418267774773E+10   -0.200255232243256586E+03
    0.387791269759878654E+00    0.492952179726014350E+00    0.458179919083021927E+10   -0.200251113075471466E+03
    0.387791269759878654E+00    0.492952179726014350E+00    0.458179919083021927E+10   -0.200251113075471466E+03
    0.372184891280998797E+00    0.506078821307511362E+00    0.467846519873199368E+10   -0.200244506586252157E+03
    0.371615093512427830E+00    0.451568457392713896E+00    0.467861583900967026E+10   -0.200242918298297951E+03
    0.420606682986483127E+00    0.494182049600901507E+00    0.445494843263219070E+10   -0.200242595960964479E+03
    0.370908111197965851E+00    0.432118451068625120E+00    0.471606690853748512E+10   -0.200237699969807892E+03
    0.392203827010391637E+00    0.446903756550673492E+00    0.456200066917776394E+10   -0.200237248652425194E+03
    0.384827889997928274E+00    0.534661387008753763E+00    0.462834023653770161E+10   -0.200219884044092453E+03
    0.400940801289150883E+00    0.458333357369040684E+00    0.452633923961030388E+10   -0.200217693284072425E+03
    0.400018514523167279E+00    0.443725119611467989E+00    0.451538990945053482E+10   -0.200215366878670466E+03
    0.390848384112448377E+00    0.558651426836853204E+00    0.462161404147544003E+10   -0.200212625408004044E+03
    0.395854792400348987E+00    0.440314127877030614E+00    0.454000982185717964E+10   -0.200212134485205127E+03
    0.406619429998955062E+00    0.467267883352374014E+00    0.449734122259649181E+10   -0.200210400313066202E+03
    0.373916112436063930E+00    0.361287759529329122E+00    0.465380320891842270E+10   -0.200194489365615198E+03
    0.393578741358677819E+00    0.450245582417608148E+00    0.455745152079429913E+10   -0.200191020630405973E+03
    0.391704263088754334E+00    0.568933290622609888E+00    0.459595719099730396E+10   -0.200189801036307898E+03
    0.404413727981374926E+00    0.460537344665707948E+00    0.449045365648941803E+10   -0.200185783865903744E+03
    0.407941223667471153E+00    0.520488894128392943E+00    0.447679326346766949E+10   -0.200182528451345945E+03
    0.407941223667471153E+00    0.520488894128392943E+00    0.447679326346766949E+10   -0.200182528451345945E+03
    0.373072410867766158E+00    0.477487258443368034E+00    0.467436243855852127E+10   -0.200178884117573659E+03
    0.375866514131344587E+00    0.464248769398523109E+00    0.466274770119992638E+10   -0.200168715532830447E+03
    0.370078650788112751E+00    0.446446973904047084E+00    0.471328695845507145E+10   -0.200165419931955199E+03
    0.423060663277663451E+00    0.515906198991583409E+00    0.443329662241881752E+10   -0.200162500912921104E+03
    0.387620214919545014E+00    0.459482925813055942E+00    0.460040718887950134E+10   -0.200159921730896656E+03
    0.381110828809711033E+00    0.431275365998718740E+00    0.461960473062079430E+10   -0.200158537613692488E+03
    0.393149636314047035E+00    0.504315035861942818E+00    0.457426856971695518E+10   -0.200157090275615531E+03
    0.389907668601543744E+00    0.512962472769659783E+00    0.460601642223252201E+10   -0.200154965019298913E+03
    0.413645274406426067E+00    0.503034381726656932E+00    0.448719822638285255E+10   -0.200136091605324566E+03
    0.409252924193864220E+00    0.491133491442194980E+00    0.449063192283326340E+10   -0.200133699257919034E+03
    0.418559067119837536E+00    0.483779775544251223E+00    0.446770819613361168E+10   -0.200132343096476347E+03
    0.392171585782471466E+00    0.483269556672642153E+00    0.458484572740921974E+10   -0.200120322495044832E+03
    0.397126281626190125E+00    0.526021266916576025E+00    0.457664586107749653E+10   -0.200114905143737190E+03
    0.374842987885908419E+00    0.485141994876929772E+00    0.468290554307892418E+10   -0.200106247827801184E+03
    0.384151753050849643E+00    0.387847668797608236E+00    0.460619980390153027E+10   -0.200104490936715536E+03
    0.383429575887444141E+00    0.489418976454494725E+00    0.462155161883201599E+10   -0.200099375261857460E+03
    0.390722537452519114E+00    0.449310990874426608E+00    0.460425893546980286E+10   -0.200094369111270197E+03
    0.402245132915335424E+00    0.473459890486022772E+00    0.451029468496374130E+10   -0.200092368831102675E+03
    0.419970826448484158E+00    0.492184971560792661E+00    0.447163911454930973E+10   -0.200091749990546361E+03
    0.397041623028246859E+00    0.425795081139101583E+00    0.454901460009114742E+10   -0.200091749113388261E+03
    0.394645902571684748E+00    0.514774397130635109E+00    0.457845249756666088E+10   -0.200077754896012834E+03
    0.388122579650829802E+00    0.435486955143458587E+00    0.457327931736438084E+10   -0.200077597462822240E+03
    0.406375239075336403E+00    0.463271669749737214E+00    0.452329276412518883E+10   -0.200076082564292676E+03
    0.383960036462844156E+00    0.493858693225469381E+00    0.463672599040183067E+10   -0.200074751689764867E+03
    0.388927507675714101E+00    0.422866661706752467E+00    0.456793038962150002E+10   -0.200073553402000698E+03
    0.381439563254151848E+00    0.503303390746694390E+00    0.462933324250007153E+10   -0.200069062338046365E+03
    0.384610529555008074E+00    0.455851253987290761E+00    0.462110168301196289E+10   -0.200062384823385173E+03
    0.370898681281293330E+00    0.447246610515643184E+00    0.468845767984179878E+10   -0.200048373169360246E+03
    0.387995755648962826E+00    0.393735320492982765E+00    0.460454757178355789E+10   -0.200035411690894364E+03
    0.407413990279851423E+00    0.537906638016121263E+00    0.450508092918873596E+10   -0.200031823369282165E+03
    0.389932232403608692E+00    0.408597780243383113E+00    0.458303188711295414E+10   -0.200030376914138259E+03
    0.381018213340239775E+00    0.492086076843445852E+00    0.464064738425467873E+10   -0.200030353124703424E+03
    0.407119121248185389E+00    0.492330355893779270E+00    0.448722663089925671E+10   -0.200024854106422083E+03
    0.402548448536481918E+00    0.538701941007410312E+00    0.453972779140171146E+10   -0.200014541872291943E+03
    0.393766166191696354E+00    0.508052848695035308E+00    0.456199291299654770E+10   -0.200014147870395391E+03
    0.367499566073156370E+00    0.455102459871341125E+00    0.472758561028043556E+10   -0.199995318936388628E+03
    0.372702545633739557E+00    0.432024219952459987E+00    0.470173319007093716E+10   -0.199990784419489046E+03
    0.377158498170945544E+00    0.468404569019135408E+00    0.465832158157981110E+10   -0.199983975461769774E+03
    0.381788279264658914E+00    0.426169839357848801E+00    0.465604314752923012E+10   -0.199980871261373835E+03
    0.393480964212952311E+00    0.413306316208860380E+00    0.456344950086809731E+10   -0.199971855189619362E+03
    0.375422627627787775E+00    0.431737849653474726E+00    0.465106955908988762E+10   -0.199964522866296193E+03
    0.402613702142052721E+00    0.456375508889584225E+00    0.450996605570155525E+10   -0.199956486315338168E+03
    0.380444728545385469E+00    0.478303267276983135E+00    0.466256528849706173E+10   -0.199954926079997279E+03
    0.375764367444147540E+00    0.484019459360636617E+00    0.468050440063255119E+10   -0.199948691874711358E+03
    0.393132698870733821E+00    0.468217758100955450E+00    0.459219563380801964E+10   -0.199948471429226458E+03
    0.378210906038960459E+00    0.511534441995891598E+00    0.467645472954712296E+10   -0.199939950530299939E+03
    0.388241565586183002E+00    0.554986220770285144E+00    0.460715540729714394E+10   -0.199939502935362270E+03
    0.395736804396912667E+00    0.438551746818765409E+00    0.453377717211391640E+10   -0.199929408254852319E+03
    0.400098805350370401E+00    0.431207756028070932E+00    0.454409411184736061E+10   -0.199927030779988314E+03
    0.391470611289527592E+00    0.487678371260338750E+00    0.460850029742126369E+10   -0.199927024108050119E+03
    0.394409544675201673E+00    0.469444859744987397E+00    0.458967733838815498E+10   -0.199918514720138262E+03
    0.376507477913903488E+00    0.424608226326011362E+00    0.464774607046100807E+10   -0.199916365685210252E+03
    0.389811448059685095E+00    0.459819426147562993E+00    0.461205704474038696E+10   -0.199911567339975420E+03
    0.382704226381001045E+00    0.496074825332051716E+00    0.462847960321048546E+10   -0.199906710980358639E+03
    0.398866511702816617E+00    0.445040958992306557E+00    0.454595436955864620E+10   -0.199868340067597956E+03
    0.399300702259789919E+00    0.475579719150262648E+00    0.454464123024715900E+10   -0.199854276762758417E+03
    0.404961240672737643E+00    0.464900949879528014E+00    0.450141706937962627E+10   -0.199849473836761774E+03
    0.408286821728573723E+00    0.544957542813161666E+00    0.450077945213290977E+10   -0.199845911364066467E+03
    0.406183580113246734E+00    0.444990547265746272E+00    0.453904821940816689E+10   -0.199845609125052761E+03
    0.383576401023346281E+00    0.445059433010879246E+00    0.461263351343295670E+10   -0.199832605976494051E+03
    0.396063838672937485E+00    0.513548615568105049E+00    0.456857691221076679E+10   -0.199820031951610360E+03
    0.394398739870506276E+00    0.464241309071521613E+00    0.458833229405957508E+10   -0.199815926053172205E+03
    0.400795281946341897E+00    0.548604821075011628E+00    0.453595664487994576E+10   -0.199812927202376784E+03
    0.375615163490239545E+00    0.439954680121953601E+00    0.466597010629272079E+10   -0.199811438916452403E+03
    0.395933530783382170E+00    0.496265850891330018E+00    0.455070151934550667E+10   -0.199810031470778199E+03
    0.376438874240196175E+00    0.425599565662061252E+00    0.465683416841553497E+10   -0.199806654800051859E+03
    0.382160971843849451E+00    0.501276004195716496E+00    0.465240355259842014E+10   -0.199806170405012608E+03
    0.389881312386262002E+00    0.480564207201476634E+00    0.458119340943983078E+10   -0.199794658284079475E+03
    0.375289526636263915E+00    0.407921207818716880E+00    0.465675889595764446E+10   -0.199785759993808369E+03
    0.378981374443037478E+00    0.485687316692045457E+00    0.466371989512143421E+10   -0.199779626373202177E+03
    0.388877511749327998E+00    0.531369539163764060E+00    0.459262031955496788E+10   -0.199769537695088900E+03
    0.379357541791565889E+00    0.498989528230048052E+00    0.465178704019761086E+10   -0.199763395284965839E+03
    0.381893006307266414E+00    0.444098950580736229E+00    0.461570035617263889E+10   -0.199757513579555734E+03
    0.381842578866056326E+00    0.489816122776344898E+00    0.463901140270210838E+10   -0.199753298950693932E+03
    0.393959042786147684E+00    0.516067408754452117E+00    0.456625040956292152E+10   -0.199752989511764952E+03
    0.398500251011108475E+00    0.521160512049320346E+00    0.454709582384286022E+10   -0.199739467642547936E+03
    0.396809205286477451E+00    0.498333549591160718E+00    0.454593057918176365E+10   -0.199733382203606766E+03
    0.398435034896059970E+00    0.545273772800172196E+00    0.456069517584658623E+10   -0.199732025363042055E+03
    0.389005532862664705E+00    0.494327698751016342E+00    0.459532266476326561E+10   -0.199725502313603982E+03
    0.388022684055815470E+00    0.555719939749199199E+00    0.460636995488967991E+10   -0.199723994435235596E+03
    0.392721837966277965E+00    0.470285720952652753E+00    0.456496158507879257E+10   -0.199717589841859649E+03
    0.405290527457907612E+00    0.474400776189112250E+00    0.450518298173294258E+10   -0.199715897402141280E+03
    0.391997564114738573E+00    0.507425306205622206E+00    0.458609152337969112E+10   -0.199709508842480375E+03
    0.383788010887420872E+00    0.500335213248707333E+00    0.463186850806025982E+10   -0.199708970480870391E+03
    0.397072391602448782E+00    0.506930483889799888E+00    0.456386754045673561E+10   -0.199707021492999871E+03
    0.404524756904232341E+00    0.482191063671425724E+00    0.452256546659083080E+10   -0.199668937232003202E+03
    0.393771625951134741E+00    0.476522379198554447E+00    0.455692617531482983E+10   -0.199660759847785414E+03
    0.388834131795995241E+00    0.476254725802817802E+00    0.458915394774208641E+10   -0.199660337377215313E+03
    0.379727636614031361E+00    0.445075278662066864E+00    0.465585231736324120E+10   -0.199657262562027398E+03
    0.391108346110087379E+00    0.478352680141485465E+00    0.458975701304855156E+10   -0.199655482500563465E+03
    0.387768698773034881E+00    0.516497624183500648E+00    0.461370978223472309E+10   -0.199648902798247434E+03
    0.394890619787922448E+00    0.532877727622008024E+00    0.456345454662531853E+10   -0.199637776583939541E+03
    0.384064866852323550E+00    0.489942404849390556E+00    0.463337059149614334E+10   -0.199632354162682816E+03
    0.379304142630343122E+00    0.447732911826603797E+00    0.464279104636699677E+10   -0.199629268444347929E+03
    0.380810754014401176E+00    0.467151113438490029E+00    0.464587504342231369E+10   -0.199628293781402277E+03
    0.385006751934111602E+00    0.478788975510413550E+00    0.462399948084999180E+10   -0.199615669820093615E+03
    0.405315570373728395E+00    0.554347999304793504E+00    0.450448678163106537E+10   -0.199603811952174851E+03
    0.401807342075745699E+00    0.467094928538093868E+00    0.452808480114748383E+10   -0.199597081967784277E+03
    0.387935150243336524E+00    0.527711723494576290E+00    0.461894483516838551E+10   -0.199576758879691056E+03
    0.386313086439172948E+00    0.528525146542095925E+00    0.461649981921183205E+10   -0.199575358869767058E+03
    0.395457132224739716E+00    0.538427193371973090E+00    0.457851963100334930E+10   -0.199568620288955088E+03
    0.381885814553624914E+00    0.500328097231879099E+00    0.464824522188446808E+10   -0.199556753416293191E+03
    0.382185040810958554E+00    0.505801616890151351E+00    0.465196182132526207E+10   -0.199419501520086840E+03
    0.379642385776050417E+00    0.506772449077070419E+00    0.465950602265460205E+10   -0.199517148604465575E+03
    0.383227177340827008E+00    0.495259956849324112E+00    0.463111952325568390E+10   -0.199532655944001306E+03
    0.383489505326368441E+00    0.499658808495366813E+00    0.462789392281339455E+10   -0.199538371666850992E+03
    0.388812226459274102E+00    0.508993439634286560E+00    0.461049072763663292E+10   -0.199548006302221381E+03
    0.390984595199393214E+00    0.504913029569205918E+00    0.459942170739647865E+10   -0.199281509344901849E+03
    0.379954970801247904E+00    0.457186112608145123E+00    0.464997976591794205E+10   -0.199501623553165246E+03
    0.380388821006603650E+00    0.441914073920051109E+00    0.463719359740799904E+10   -0.199560064276782640E+03
    0.383218562999672108E+00    0.434547112267161140E+00    0.461939149612427998E+10   -0.199419847178068494E+03
    0.384273686653862523E+00    0.523828461110491972E+00    0.464193094432653618E+10   -0.199523980885587974E+03
    0.389106729635144533E+00    0.545978235035025961E+00    0.460974860916654968E+10   -0.199192766549890649E+03
    0.388782565579975481E+00    0.522882010324796198E+00    0.460490233364551544E+10   -0.199521773244061706E+03
    0.390869697136029259E+00    0.476410715339625312E+00    0.458146777027389240E+10   -0.199210615332753633E+03
    0.393696907649274896E+00    0.476339539631702280E+00    0.456872354105366516E+10   -0.199343553589919509E+03
    0.392622810503218289E+00    0.467866375860099382E+00    0.457831641333335304E+10   -0.199505879164274205E+03
    0.390573617356990810E+00    0.485812873683313384E+00    0.458195596463794136E+10   -0.199327192366727502E+03
    0.389737104756276931E+00    0.485917752322249541E+00    0.459359863568692017E+10   -0.199498800322006616E+03
    0.392904404865474788E+00    0.463910374039464557E+00    0.457906636705977821E+10   -0.199360597286187613E+03
    0.394264284489111050E+00    0.447063905065519407E+00    0.455197702796452141E+10   -0.199431730684528276E+03
    0.392622230163892305E+00    0.492279094459654232E+00    0.456800542710735893E+10   -0.199505407338618767E+03
    0.391488892459573912E+00    0.501943440645604255E+00    0.458570821601520443E+10   -0.199052028711727360E+03
    0.391645395788370376E+00    0.491852912261411035E+00    0.458876144120926762E+10   -0.199541434083150534E+03
    0.391537535553485694E+00    0.494854175522444706E+00    0.456910200424830818E+10   -0.199544592021756273E+03
    0.392248134031016993E+00    0.500490764571690505E+00    0.459116900628249550E+10   -0.199542058943161180E+03
    0.392708314917712742E+00    0.487871427419221959E+00    0.457681457556786346E+10   -0.199189880402994220E+03
    0.392851483336692675E+00    0.480248686961761706E+00    0.458886726013725090E+10   -0.199350902364040394E+03
    0.391448294170699318E+00    0.452853864819109830E+00    0.457550276182314491E+10   -0.199213692808782810E+03
    0.389386599479140894E+00    0.406739497373820313E+00    0.458313582265902233E+10   -0.199505076028418046E+03
    0.393037110028636227E+00    0.446886229235879284E+00    0.456166205526584148E+10   -0.199484389522527977E+03
    0.393109902225899088E+00    0.436136584036566077E+00    0.456531565710549259E+10   -0.199196515723277344E+03
    0.390855399023887606E+00    0.474163821104259142E+00    0.460169551322654724E+10   -0.199225795905429209E+03
    0.388613780361672545E+00    0.472370446734540650E+00    0.459208970918503475E+10   -0.199301695840682612E+03
    0.388329604465264711E+00    0.472569016383388885E+00    0.459654232636347103E+10   -0.199566773321667313E+03
    0.387909987128743694E+00    0.472265281587358032E+00    0.460488888886108208E+10   -0.198919050776657343E+03
    0.385274345583298594E+00    0.477308877506960272E+00    0.461423432259930801E+10   -0.199554322018995606E+03
    0.389749390839197130E+00    0.475728743582756408E+00    0.459997665842053890E+10   -0.199074802360949576E+03
    0.390494435104466464E+00    0.463606583032966313E+00    0.459571509986163616E+10   -0.199391172713225671E+03
    0.390654036748514011E+00    0.460372947031491009E+00    0.458368926674482727E+10   -0.199327230096830050E+03
    0.391267781685014915E+00    0.452112926624632649E+00    0.459625786284934044E+10   -0.198991583243028174E+03
    0.405687430341023170E+00    0.470994665628170495E+00    0.452726709283715248E+10   -0.198559981150905799E+03
    0.405687430341023170E+00    0.470994665628170495E+00    0.452726709283715248E+10   -0.198559981150905799E+03
    0.403990598735794126E+00    0.467788425783266959E+00    0.453692686533460808E+10   -0.198452896717640328E+03
    0.405278817686323900E+00    0.464634432788672669E+00    0.450281255742924690E+10   -0.199090988797988302E+03
    0.408718621524566561E+00    0.476951559155160965E+00    0.449618820197266006E+10   -0.199503082379165562E+03
    0.402290604299335885E+00    0.471660062841587902E+00    0.452915918780285454E+10   -0.199320777354789726E+03
    0.403971640854355607E+00    0.470863493497654773E+00    0.452718913004128838E+10   -0.199218922485109402E+03
    0.403725270596327124E+00    0.470334612082316639E+00    0.453323062928129864E+10   -0.198178889331012613E+03
    0.403725270596327124E+00    0.470334612082316639E+00    0.453323062928129864E+10   -0.198178889331012613E+03
    0.407470152803983909E+00    0.474173740908250707E+00    0.450714504244233894E+10   -0.199554214172353966E+03
    0.403186088717869817E+00    0.472129987832802911E+00    0.451959251214260483E+10   -0.199343259200345301E+03
    0.401739484581396189E+00    0.454464903235024309E+00    0.451789666887737179E+10   -0.199413017627562738E+03
    0.404964787330348797E+00    0.445809155050136852E+00    0.454071693105709457E+10   -0.197954969684880524E+03
    0.404964787330348797E+00    0.445809155050136852E+00    0.454071693105709457E+10   -0.197954969684880524E+03
    0.404964787330348797E+00    0.445809155050136852E+00    0.454071693105709457E+10   -0.197954969684880524E+03
    0.413370726326154625E+00    0.479907190931683658E+00    0.447534451553772163E+10   -0.199405564148726739E+03
    0.417129012180589676E+00    0.521470912378385165E+00    0.445261974865107441E+10   -0.199468511105409789E+03
    0.419052331266768052E+00    0.531434645615487256E+00    0.445994074854334259E+10   -0.198382821740499566E+03
    0.416579572506136586E+00    0.511284013175878016E+00    0.446961837295609093E+10   -0.199366761915891630E+03
    0.401228330928731669E+00    0.531708992510530720E+00    0.453932869772511482E+10   -0.199542113449434908E+03
    0.400569903767684143E+00    0.535366285958643218E+00    0.454831468369272137E+10   -0.199341592797696734E+03
    0.406434614364542646E+00    0.538286829194461802E+00    0.450517868562013626E+10   -0.199421723464495699E+03
    0.400000008433503085E+00    0.517900129756425187E+00    0.455212716870647049E+10   -0.199441698028760015E+03
    0.398867151225711980E+00    0.505042833286237780E+00    0.454789110622650719E+10   -0.199099875646766804E+03
    0.396496732570956578E+00    0.524239320017361621E+00    0.457320481398005295E+10   -0.199297302826619159E+03
    0.396120072124360123E+00    0.508051653561025773E+00    0.455960270790761471E+10   -0.199105660846234798E+03
    0.396716412320446299E+00    0.517196972286091849E+00    0.456198480053562164E+10   -0.199564099273582855E+03
    0.393864274454084562E+00    0.531772056412423311E+00    0.457276418781360626E+10   -0.199261152405786106E+03
    0.397009820275884273E+00    0.533222300922114201E+00    0.457468104408785248E+10   -0.199087966718689756E+03
    0.396800378372421270E+00    0.526073494666350783E+00    0.455579722837257957E+10   -0.199421654439240513E+03
    0.400075736270716631E+00    0.562909983902157407E+00    0.454840196268164158E+10   -0.199469227593845858E+03
    0.401975839315614314E+00    0.542500151895550786E+00    0.453881429522535706E+10   -0.199135103586775642E+03
    0.418351985258142156E+00    0.549551812328843425E+00    0.447578022479211807E+10   -0.198096872100495148E+03
    0.418351985258142156E+00    0.549551812328843425E+00    0.447578022479211807E+10   -0.198096872100495148E+03
