    0.347294990993809283E+00    0.597961645712319800E+00    0.266393975530026579E+10    0.360064786283607129E+06   -0.209736941805131096E+03
    0.249388728352029188E+00    0.507934491124749421E+00    0.277788754080114651E+10    0.389505050150146359E+06   -0.207204193254887912E+03
    0.259620267675744143E+00    0.573774051437285770E+00    0.287622353252636051E+10    0.377133398172505258E+06   -0.206661156628413607E+03
    0.343659741579310618E+00    0.580343059566976294E+00    0.269232359767623758E+10    0.345666904422670428E+06   -0.206493407551662870E+03
    0.326043080260570384E+00    0.508085987209526024E+00    0.272278700979487944E+10    0.354446374097897613E+06   -0.206233522172193489E+03
    0.338935141356910441E+00    0.625014852300203927E+00    0.270736267118900537E+10    0.373625428495044005E+06   -0.205394232498438726E+03
    0.321909826701498647E+00    0.593795100549595389E+00    0.273821253380322123E+10    0.372155070904969238E+06   -0.205346070018860928E+03
    0.241970138664691137E+00    0.547470780939275592E+00    0.287352864869362307E+10    0.389576826042417553E+06   -0.205266116868187510E+03
    0.331672497729554705E+00    0.592574106311170912E+00    0.270248865772655487E+10    0.361150812886841944E+06   -0.205212578338079595E+03
    0.362626890558816861E+00    0.533265619795058932E+00    0.267724518504961443E+10    0.355053892734592315E+06   -0.205072158725935935E+03
    0.354661131802153806E+00    0.561473017182260836E+00    0.260979182489103031E+10    0.357890019668087480E+06   -0.205042841615026816E+03
    0.282258066079269454E+00    0.511570883029669243E+00    0.284596880293617010E+10    0.356188403157887456E+06   -0.204986110041955669E+03
    0.326711552085484858E+00    0.580941664216595655E+00    0.282173594407118034E+10    0.367039788301840657E+06   -0.204800321684626510E+03
    0.272775732777871815E+00    0.570064713622859376E+00    0.282828319088250017E+10    0.368132427428521332E+06   -0.204791239402911401E+03
    0.309433457053652772E+00    0.514155691569433859E+00    0.274926340337867832E+10    0.357196148076887999E+06   -0.204773302093551251E+03
    0.305174475240001020E+00    0.571506552153866032E+00    0.281104133111800718E+10    0.378243679847215244E+06   -0.204748965875640465E+03
    0.286840452196135465E+00    0.593600869073117376E+00    0.290883492364200592E+10    0.377604366940427339E+06   -0.204551035050352738E+03
    0.268849721944458664E+00    0.599993784360053795E+00    0.285476950290221882E+10    0.368739650628794567E+06   -0.204145659791517858E+03
    0.308656326656422508E+00    0.501415188770089504E+00    0.277217286344886923E+10    0.348937845389212307E+06   -0.204128160137395810E+03
    0.334923757799416744E+00    0.589103641792508181E+00    0.276036284742537975E+10    0.346726229646302294E+06   -0.204123398791174424E+03
    0.257509363987703743E+00    0.619814680476201474E+00    0.291399672484512615E+10    0.387094621817753534E+06   -0.204092323975836422E+03
    0.287601452885708375E+00    0.538549023286458262E+00    0.277499214456018734E+10    0.361820276320400822E+06   -0.203953606175883351E+03
    0.281190545580034368E+00    0.583789753016512147E+00    0.288622647013053179E+10    0.352572770743703994E+06   -0.203952182384083898E+03
    0.354850334752493168E+00    0.592582216588899424E+00    0.276620413208421135E+10    0.341476446199806524E+06   -0.203939986217493271E+03
    0.276193077754255389E+00    0.546947414077668448E+00    0.276858849459320116E+10    0.350329570474406995E+06   -0.203935536535991446E+03
    0.250124775079093864E+00    0.542922006676114233E+00    0.283231267106040668E+10    0.376420706468012067E+06   -0.203921314424600098E+03
    0.307964033865337328E+00    0.536334807378192391E+00    0.275749166416542530E+10    0.354934420727148594E+06   -0.203896030664915429E+03
    0.331453781007398918E+00    0.565284300908980519E+00    0.281606070660981941E+10    0.337755922318852274E+06   -0.203874240240413883E+03
    0.364280980651560948E+00    0.582601649240026997E+00    0.275291262177063179E+10    0.351562349319426692E+06   -0.203865673572237995E+03
    0.341962078466988006E+00    0.562685557862719232E+00    0.284130386229960680E+10    0.353059095968564739E+06   -0.203863647065760972E+03
    0.259902519170950808E+00    0.544159489573058153E+00    0.271096920688893986E+10    0.385529606113511894E+06   -0.203836841426524188E+03
    0.315266923069931260E+00    0.547889098718632894E+00    0.278297179796376467E+10    0.371525311556966684E+06   -0.203768619162418531E+03
    0.260507541581898372E+00    0.558008437383444189E+00    0.286905836661147165E+10    0.361241163969870016E+06   -0.203600794386116746E+03
    0.239260412043464044E+00    0.578042140851410924E+00    0.289645866083062267E+10    0.374010817794805916E+06   -0.203472755967645185E+03
    0.339227355781755779E+00    0.581540016433089946E+00    0.274542702254977989E+10    0.352636218631236989E+06   -0.203356558290551959E+03
    0.269553761692246596E+00    0.536500758400712208E+00    0.274499551193393040E+10    0.378453756556763547E+06   -0.203341095539611416E+03
    0.318534175302834344E+00    0.576324475169895933E+00    0.267288681373850441E+10    0.364769177429897769E+06   -0.203316305702276964E+03
    0.343456053194251432E+00    0.533846816869600449E+00    0.271496224071851110E+10    0.374785965131520876E+06   -0.203294710518698025E+03
    0.270695101476687294E+00    0.590177408206472354E+00    0.288298226584381819E+10    0.360784149001659185E+06   -0.203238298712465962E+03
    0.324923253230184117E+00    0.581400446499838353E+00    0.277260098079219627E+10    0.357662183799358434E+06   -0.203226529299331020E+03
    0.253048412205575834E+00    0.597248944549214844E+00    0.292544033094921160E+10    0.365582395387601166E+06   -0.203204857820128780E+03
    0.267654744796457122E+00    0.557670513765994080E+00    0.281274630943088722E+10    0.369726154445853317E+06   -0.203198825945415479E+03
    0.262469101797420945E+00    0.576059795031558242E+00    0.287242482424697208E+10    0.375336933931603504E+06   -0.203149045321106314E+03
    0.350015904356823337E+00    0.502198182363307044E+00    0.270523479292883015E+10    0.380937325466266891E+06   -0.203141830732161395E+03
    0.319139830249175138E+00    0.569491568306035312E+00    0.278696360538740206E+10    0.348522644381275226E+06   -0.203126728660814337E+03
    0.281052780072881647E+00    0.547673488178588741E+00    0.277070058117869997E+10    0.371816835132353415E+06   -0.203043430080267484E+03
    0.322513664301484371E+00    0.562817546806569258E+00    0.269494916954500103E+10    0.353995734601050033E+06   -0.203037537083288981E+03
    0.308728741498668413E+00    0.550523322114827796E+00    0.278357689802579832E+10    0.361412250747266866E+06   -0.202916291869419013E+03
    0.315292165510333178E+00    0.585591819966062577E+00    0.276522591002554941E+10    0.359513691528742143E+06   -0.202890632254216740E+03
    0.263017240500047877E+00    0.568261119433720818E+00    0.277265551304848480E+10    0.390318310998011497E+06   -0.202839588257405183E+03
    0.291782874057676334E+00    0.575878553838759633E+00    0.284906143322549009E+10    0.364480200083703850E+06   -0.202833608905879828E+03
    0.251957480535116518E+00    0.574373517103826892E+00    0.287091730082437468E+10    0.380363752414257149E+06   -0.202794257108528143E+03
    0.274295623137838451E+00    0.598402494619108438E+00    0.282542702068039417E+10    0.369552119974412199E+06   -0.202764813551692100E+03
    0.283526057131047560E+00    0.566531114765262522E+00    0.287010164982102108E+10    0.366212108147049497E+06   -0.202660830819997841E+03
    0.339335747297361101E+00    0.550733079901023270E+00    0.261102206366073990E+10    0.366227729554704332E+06   -0.202657866699853685E+03
    0.328335002476418225E+00    0.590338898873615125E+00    0.273455781964608717E+10    0.358415363921795331E+06   -0.202601982510338161E+03
    0.331229227521832148E+00    0.582461841122036361E+00    0.268347961520755196E+10    0.361104523727243708E+06   -0.202574459932245873E+03
    0.280652342181604009E+00    0.538764455327877201E+00    0.283523542178480005E+10    0.367138550818645570E+06   -0.202494875732666998E+03
    0.353995088583048512E+00    0.563172356606827851E+00    0.263259261755073643E+10    0.365287252382007369E+06   -0.202483047101156586E+03
    0.270248900139104797E+00    0.567884190028586033E+00    0.279062048104632378E+10    0.366937099302871153E+06   -0.202482252252492401E+03
    0.346101673748416605E+00    0.532943756853966555E+00    0.266129351297314596E+10    0.364640343844728835E+06   -0.202480161891087562E+03
    0.266312459016511072E+00    0.580519073877764136E+00    0.282063325085739040E+10    0.361509127611046657E+06   -0.202461339064067715E+03
    0.275696458954706902E+00    0.560259642211633935E+00    0.288318351502725315E+10    0.360700807015935250E+06   -0.202438748695210904E+03
    0.331837852790597465E+00    0.589538241811204067E+00    0.269123898277752733E+10    0.378453476857588626E+06   -0.202396216235559621E+03
    0.301575725429741537E+00    0.537498217496460651E+00    0.284710652819530153E+10    0.364969328965583118E+06   -0.202391724536489676E+03
    0.236276463894306538E+00    0.586050598314254323E+00    0.290435364602911186E+10    0.383991956242266926E+06   -0.202369817811000502E+03
    0.273285931621859268E+00    0.547149646396300593E+00    0.283476912822196722E+10    0.355466212100707111E+06   -0.202355250273679218E+03
    0.250113204257606636E+00    0.619029518801596623E+00    0.292534011885307693E+10    0.374712765430739790E+06   -0.202316298276492972E+03
    0.267949565761828212E+00    0.497310485881483633E+00    0.270707490910889292E+10    0.392108921210069151E+06   -0.202306978310603768E+03
    0.328180758671059669E+00    0.587384606414743882E+00    0.280091386905385971E+10    0.361048582231007400E+06   -0.202288434999349960E+03
    0.266819058993803482E+00    0.580354249358966623E+00    0.286181883990241861E+10    0.366289159309348674E+06   -0.202217028877148863E+03
    0.287608489055255878E+00    0.541041447581868340E+00    0.278871489727501774E+10    0.357241245903509436E+06   -0.202212291696880328E+03
    0.292001443111610082E+00    0.528918799087482849E+00    0.282344599409489202E+10    0.368776021764806996E+06   -0.202201022937805817E+03
    0.269460327429634106E+00    0.568720378807721083E+00    0.281437331024169445E+10    0.366752015196853201E+06   -0.202161161574879117E+03
    0.281625384896149078E+00    0.536645091878258373E+00    0.277656774880549622E+10    0.359595989497579343E+06   -0.202151671922523690E+03
    0.279821429441731329E+00    0.595420650269848917E+00    0.277972320421368217E+10    0.374437651339802658E+06   -0.202128928531175745E+03
    0.267254884131759907E+00    0.580187349494718063E+00    0.293701793819194698E+10    0.364083322858586209E+06   -0.202128759914498715E+03
    0.267254884131759907E+00    0.580187349494718063E+00    0.293701793819194698E+10    0.364083322858586209E+06   -0.202128759914498715E+03
    0.261081374710149638E+00    0.552163882259272043E+00    0.275386614139016676E+10    0.382870249287015991E+06   -0.202107786781963853E+03
    0.261081374710149638E+00    0.552163882259272043E+00    0.275386614139016676E+10    0.382870249287015991E+06   -0.202107786781963853E+03
    0.306623743592353670E+00    0.588369427808907108E+00    0.279464636417404318E+10    0.366020791696488159E+06   -0.202102702385923237E+03
    0.306968763272501943E+00    0.535802055054713566E+00    0.274803161985833788E+10    0.345908375988220272E+06   -0.202099702421071186E+03
    0.244089242522508354E+00    0.559429586548449542E+00    0.280763174424199152E+10    0.380440008640365035E+06   -0.202092276093992240E+03
    0.330205414423331400E+00    0.547848268194935706E+00    0.276339824711687040E+10    0.359531210631059192E+06   -0.202073700422981034E+03
    0.265109063653354349E+00    0.516355005605985795E+00    0.278383361099030781E+10    0.384651562560820777E+06   -0.202069631675653341E+03
    0.265109063653354349E+00    0.516355005605985795E+00    0.278383361099030781E+10    0.384651562560820777E+06   -0.202069631675653341E+03
    0.276229683480349208E+00    0.586425285249042361E+00    0.282887707243943501E+10    0.354203198264813342E+06   -0.202062477841094704E+03
    0.312670550820949966E+00    0.595809397217163195E+00    0.276650079823444748E+10    0.364098499770191964E+06   -0.202056470489944019E+03
    0.312670550820949966E+00    0.595809397217163195E+00    0.276650079823444748E+10    0.364098499770191964E+06   -0.202056470489944019E+03
    0.294615608841155008E+00    0.492506149567765839E+00    0.277999943673909760E+10    0.386190332785371109E+06   -0.202048765053911637E+03
    0.294615608841155008E+00    0.492506149567765839E+00    0.277999943673909760E+10    0.386190332785371109E+06   -0.202048765053911637E+03
    0.303551530625995658E+00    0.593749273261357402E+00    0.279040619614276075E+10    0.365171268624765275E+06   -0.202007508123400896E+03
    0.287202927233640437E+00    0.554441437795050618E+00    0.282147516375408602E+10    0.360662104135581467E+06   -0.201981786732098328E+03
    0.319413985769912701E+00    0.557261807264266995E+00    0.278456905026316595E+10    0.347874360414536379E+06   -0.201975648408037387E+03
    0.319413985769912701E+00    0.557261807264266995E+00    0.278456905026316595E+10    0.347874360414536379E+06   -0.201975648408037387E+03
    0.322659771523725269E+00    0.578113225004160292E+00    0.282829578228027534E+10    0.349153840866509126E+06   -0.201965316739384548E+03
    0.322659771523725269E+00    0.578113225004160292E+00    0.282829578228027534E+10    0.349153840866509126E+06   -0.201965316739384548E+03
    0.332178715066150654E+00    0.572273414346434084E+00    0.273769790763735771E+10    0.358968187144803174E+06   -0.201938145267917264E+03
    0.261522110483949743E+00    0.605212907655373389E+00    0.281852173735969448E+10    0.370546095537517394E+06   -0.201927518711113578E+03
    0.270750564471281874E+00    0.565859369173031368E+00    0.283607258357968283E+10    0.357090480380467663E+06   -0.201893738472158958E+03
    0.302152212169575329E+00    0.584242267985057850E+00    0.280334404848641872E+10    0.367353198072515253E+06   -0.201883442937660163E+03
    0.287769943794201288E+00    0.549299123271659973E+00    0.289260377324724102E+10    0.361731992398239614E+06   -0.201871922238618197E+03
    0.287769943794201288E+00    0.549299123271659973E+00    0.289260377324724102E+10    0.361731992398239614E+06   -0.201871922238618197E+03
    0.285678083334628186E+00    0.558675928828975543E+00    0.287772901810448170E+10    0.360451712566989765E+06   -0.201870559682726082E+03
    0.277029218872931693E+00    0.566732633772113026E+00    0.287882953466602278E+10    0.368733042998748017E+06   -0.201866953083746068E+03
    0.248510423857231072E+00    0.574475058160134555E+00    0.285463406960561228E+10    0.383029525997758727E+06   -0.201865596837809818E+03
    0.248510423857231072E+00    0.574475058160134555E+00    0.285463406960561228E+10    0.383029525997758727E+06   -0.201865596837809818E+03
    0.323250799847897896E+00    0.563389292462053604E+00    0.275905685869720936E+10    0.364310908006766462E+06   -0.201860734854190156E+03
    0.323250799847897896E+00    0.563389292462053604E+00    0.275905685869720936E+10    0.364310908006766462E+06   -0.201860734854190156E+03
    0.293569864388689261E+00    0.552172348399825541E+00    0.279003529616301680E+10    0.382225785724603746E+06   -0.201856023114798177E+03
    0.278739042379717639E+00    0.542119142171719304E+00    0.278127883996923637E+10    0.346266248713916459E+06   -0.201825970909671042E+03
    0.284524029117498023E+00    0.589855553994549808E+00    0.287244656625065136E+10    0.360503297784367285E+06   -0.201822552319627164E+03
    0.284524029117498023E+00    0.589855553994549808E+00    0.287244656625065136E+10    0.360503297784367285E+06   -0.201822552319627164E+03
    0.319351069928055731E+00    0.599095760272201794E+00    0.273381907942718935E+10    0.360824124548700289E+06   -0.201822268915057151E+03
    0.319351069928055731E+00    0.599095760272201794E+00    0.273381907942718935E+10    0.360824124548700289E+06   -0.201822268915057151E+03
    0.267538916171125130E+00    0.537955875379811932E+00    0.278775287318950129E+10    0.387466145039682218E+06   -0.201822184700712654E+03
    0.296230856074750026E+00    0.544474763367713166E+00    0.279699394875102139E+10    0.385449725263740344E+06   -0.201807249749146678E+03
    0.321111231086922744E+00    0.567748941839558707E+00    0.283245549412527895E+10    0.365829644147869025E+06   -0.201787997646458734E+03
    0.309611804397505908E+00    0.573002852016969655E+00    0.274098759235958433E+10    0.372487997802710859E+06   -0.201723362773282901E+03
    0.316325133133115832E+00    0.555541303528292119E+00    0.278011551756828165E+10    0.357264693233371596E+06   -0.201719190001513596E+03
    0.261907759364700288E+00    0.557313834035782385E+00    0.284549392847587967E+10    0.371210764749769762E+06   -0.201717530702999483E+03
    0.261907759364700288E+00    0.557313834035782385E+00    0.284549392847587967E+10    0.371210764749769762E+06   -0.201717530702999483E+03
    0.318690169576531235E+00    0.595798752658827979E+00    0.270314661645797014E+10    0.377931756017089472E+06   -0.201705196551511222E+03
    0.328179905261462790E+00    0.546228606399733696E+00    0.278882087794786072E+10    0.346790662991794059E+06   -0.201692867602681218E+03
    0.328179905261462790E+00    0.546228606399733696E+00    0.278882087794786072E+10    0.346790662991794059E+06   -0.201692867602681218E+03
    0.268763858310085313E+00    0.531181640455818282E+00    0.284797607170225334E+10    0.354688686312791368E+06   -0.201686827470568574E+03
    0.298630362502154190E+00    0.553077052136514702E+00    0.279748475916183710E+10    0.384362912279429613E+06   -0.201668037990956662E+03
    0.333976138161617475E+00    0.555318494321078937E+00    0.273909587125511694E+10    0.349613147733692662E+06   -0.201616523181892063E+03
    0.333976138161617475E+00    0.555318494321078937E+00    0.273909587125511694E+10    0.349613147733692662E+06   -0.201616523181892063E+03
    0.289971240236221450E+00    0.562190499262367638E+00    0.274310779217872667E+10    0.350531715861511009E+06   -0.201613677011505899E+03
    0.289971240236221450E+00    0.562190499262367638E+00    0.274310779217872667E+10    0.350531715861511009E+06   -0.201613677011505899E+03
    0.324687521776704791E+00    0.583303321501856153E+00    0.271305727244316435E+10    0.359873480611361854E+06   -0.201596337651921203E+03
    0.269906160228384540E+00    0.550356263040486127E+00    0.277982195271161270E+10    0.365454348592739203E+06   -0.201592970079796487E+03
    0.331722177260666995E+00    0.620431861562727782E+00    0.272006095787032795E+10    0.371082659753261833E+06   -0.201592112376186719E+03
    0.331722177260666995E+00    0.620431861562727782E+00    0.272006095787032795E+10    0.371082659753261833E+06   -0.201592112376186719E+03
    0.329685075685894502E+00    0.595569019639088371E+00    0.273938037292077971E+10    0.359397467681999202E+06   -0.201585829398907322E+03
    0.320773790641521783E+00    0.592669499335532812E+00    0.272930385648829031E+10    0.358643237431060348E+06   -0.201583279077381462E+03
    0.320773790641521783E+00    0.592669499335532812E+00    0.272930385648829031E+10    0.358643237431060348E+06   -0.201583279077381462E+03
    0.264290326288142863E+00    0.566910987539917421E+00    0.285022814090267658E+10    0.372025705714763317E+06   -0.201565715255863125E+03
    0.267350258831664356E+00    0.547231787514936396E+00    0.275018595965062857E+10    0.387422541520292929E+06   -0.201559408012056451E+03
    0.276997241509194025E+00    0.526306500440173242E+00    0.279520058108539772E+10    0.359227077737179294E+06   -0.201549847484505619E+03
    0.276997241509194025E+00    0.526306500440173242E+00    0.279520058108539772E+10    0.359227077737179294E+06   -0.201549847484505619E+03
    0.316249882832423279E+00    0.605602254511062199E+00    0.274863958516152096E+10    0.361645347748080618E+06   -0.201542414394134028E+03
    0.316249882832423279E+00    0.605602254511062199E+00    0.274863958516152096E+10    0.361645347748080618E+06   -0.201542414394134028E+03
    0.296022659298939839E+00    0.550205140752898281E+00    0.275308783519094658E+10    0.358715625311917334E+06   -0.201523998386244301E+03
    0.297365795453892134E+00    0.567923722983310508E+00    0.272545125233585501E+10    0.370437409966002393E+06   -0.201516815055955362E+03
    0.297365795453892134E+00    0.567923722983310508E+00    0.272545125233585501E+10    0.370437409966002393E+06   -0.201516815055955362E+03
    0.347561095705650691E+00    0.583135913795205685E+00    0.275596909727126217E+10    0.357363042328597337E+06   -0.201492317079371503E+03
    0.347561095705650691E+00    0.583135913795205685E+00    0.275596909727126217E+10    0.357363042328597337E+06   -0.201492317079371503E+03
    0.299806428646446854E+00    0.514786186293924697E+00    0.279125522506610155E+10    0.363988221857651544E+06   -0.201479818497304393E+03
    0.295605594284752138E+00    0.549781813470009872E+00    0.272505575743842220E+10    0.383224500281580957E+06   -0.201476333145173470E+03
    0.295605594284752138E+00    0.549781813470009872E+00    0.272505575743842220E+10    0.383224500281580957E+06   -0.201476333145173470E+03
    0.296287012944830896E+00    0.564529289980716165E+00    0.274795389839980173E+10    0.373050579630630498E+06   -0.201467905722235486E+03
    0.272664592058343758E+00    0.569918953992730515E+00    0.287739634855290079E+10    0.360682638233134930E+06   -0.201451040647501827E+03
    0.272664592058343758E+00    0.569918953992730515E+00    0.287739634855290079E+10    0.360682638233134930E+06   -0.201451040647501827E+03
    0.284106306705359302E+00    0.582696521830057712E+00    0.278280738111835003E+10    0.384893538212432468E+06   -0.201432540279645195E+03
    0.281473685003879037E+00    0.543674235087780566E+00    0.277293043209495163E+10    0.357298082113868382E+06   -0.201424592486018582E+03
    0.322889671222805597E+00    0.578303724845143030E+00    0.271776634208473921E+10    0.360329989978401747E+06   -0.201393269200347618E+03
    0.262410512919869721E+00    0.594148929100784873E+00    0.283702031232972288E+10    0.366810602288508671E+06   -0.201387039322449397E+03
    0.292286955258598768E+00    0.604979317116637105E+00    0.275892582536202097E+10    0.367483756375972007E+06   -0.201379872893449033E+03
    0.292286955258598768E+00    0.604979317116637105E+00    0.275892582536202097E+10    0.367483756375972007E+06   -0.201379872893449033E+03
    0.297370681825759098E+00    0.565756800454741970E+00    0.274542138308330917E+10    0.373038311475653376E+06   -0.201374391613635083E+03
    0.277039586683181072E+00    0.575036186804664506E+00    0.292783256291267300E+10    0.360169368387816532E+06   -0.201373317807517168E+03
    0.305500495886733114E+00    0.543464676323288209E+00    0.280002465877659321E+10    0.363624441676833492E+06   -0.201370993470385372E+03
    0.291159055788478782E+00    0.547125768505934751E+00    0.286268183702521801E+10    0.362480992781970010E+06   -0.201359835655214368E+03
    0.285502275358562541E+00    0.592610102755325663E+00    0.281599425275361395E+10    0.364505687938622606E+06   -0.201357770956847560E+03
    0.295927216114597935E+00    0.557973115097341488E+00    0.278389668371124363E+10    0.372495347758348624E+06   -0.201348537221686740E+03
    0.307181051466319632E+00    0.540010765956439709E+00    0.273550330144964218E+10    0.371472741311967431E+06   -0.201329018459438714E+03
    0.307181051466319632E+00    0.540010765956439709E+00    0.273550330144964218E+10    0.371472741311967431E+06   -0.201329018459438714E+03
    0.311413525532343249E+00    0.551076265624998118E+00    0.277628368562631226E+10    0.355291576646781294E+06   -0.201322436435838569E+03
    0.311413525532343249E+00    0.551076265624998118E+00    0.277628368562631226E+10    0.355291576646781294E+06   -0.201322436435838569E+03
    0.311377130257639523E+00    0.572762361179510293E+00    0.271103561607450151E+10    0.364117879388253787E+06   -0.201306571695028310E+03
    0.321334601225844341E+00    0.552260564772215190E+00    0.278187241721716356E+10    0.356685317879605107E+06   -0.201303655698137703E+03
    0.321334601225844341E+00    0.552260564772215190E+00    0.278187241721716356E+10    0.356685317879605107E+06   -0.201303655698137703E+03
    0.281912933244629460E+00    0.540965386742691123E+00    0.273056364096580601E+10    0.382098081280748767E+06   -0.201277984658897907E+03
    0.281912933244629460E+00    0.540965386742691123E+00    0.273056364096580601E+10    0.382098081280748767E+06   -0.201277984658897907E+03
    0.292460604457439988E+00    0.521034583167533594E+00    0.283256257874391508E+10    0.368487691561234300E+06   -0.201274037227242047E+03
    0.301350691875176491E+00    0.548258653200721646E+00    0.273921534174640894E+10    0.363720827393502579E+06   -0.201262379977921910E+03
    0.282720069130830254E+00    0.595551541170447507E+00    0.280995153021228075E+10    0.368443629659247003E+06   -0.201258588603671512E+03
    0.317754647028235859E+00    0.538911059005124038E+00    0.275392443292728376E+10    0.349229836699894222E+06   -0.201251419032451622E+03
    0.317538742569106747E+00    0.576684373427021058E+00    0.275754928647445011E+10    0.367710020194794401E+06   -0.201242353185563275E+03
    0.317538742569106747E+00    0.576684373427021058E+00    0.275754928647445011E+10    0.367710020194794401E+06   -0.201242353185563275E+03
    0.314084013416446928E+00    0.563152161074302438E+00    0.272631626579359722E+10    0.369641858650757815E+06   -0.201232234977414805E+03
    0.314084013416446928E+00    0.563152161074302438E+00    0.272631626579359722E+10    0.369641858650757815E+06   -0.201232234977414805E+03
    0.271057886232322687E+00    0.542466760475678544E+00    0.283809983385774803E+10    0.371196560219222156E+06   -0.201230092960118895E+03
    0.279224024795975023E+00    0.579803375638946683E+00    0.290077671477215481E+10    0.364523936316699605E+06   -0.201225339238013220E+03
    0.279224024795975023E+00    0.579803375638946683E+00    0.290077671477215481E+10    0.364523936316699605E+06   -0.201225339238013220E+03
    0.288022023718877695E+00    0.559092673469846702E+00    0.273189452064587593E+10    0.382550663797455956E+06   -0.201216821816617085E+03
    0.288660451747156710E+00    0.545870234111142327E+00    0.277191518880578756E+10    0.387440789770253177E+06   -0.201185727711409697E+03
    0.304418121298243527E+00    0.552394992477224456E+00    0.283046254625092506E+10    0.356955572525079304E+06   -0.201179655665313760E+03
    0.339999553996012449E+00    0.591880735307316108E+00    0.270651668343674660E+10    0.377500782879914739E+06   -0.201176774201535807E+03
    0.315568967296709302E+00    0.592283646787540974E+00    0.276423431635437870E+10    0.365578945267265721E+06   -0.201166188046209072E+03
    0.282845877890620379E+00    0.517993681762866309E+00    0.281094079072902346E+10    0.368190545570699556E+06   -0.201165046093470210E+03
    0.284174020405195404E+00    0.568350194807367259E+00    0.278815695528915787E+10    0.373502272800601088E+06   -0.201162912593103670E+03
    0.284174020405195404E+00    0.568350194807367259E+00    0.278815695528915787E+10    0.373502272800601088E+06   -0.201162912593103670E+03
    0.308930953831967781E+00    0.573167184595336998E+00    0.273804731771776867E+10    0.370364200526945584E+06   -0.201147639762064813E+03
    0.308930953831967781E+00    0.573167184595336998E+00    0.273804731771776867E+10    0.370364200526945584E+06   -0.201147639762064813E+03
    0.275098630304963510E+00    0.573021026848762549E+00    0.282698107554446888E+10    0.370464570620493556E+06   -0.201143639676026140E+03
    0.275098630304963510E+00    0.573021026848762549E+00    0.282698107554446888E+10    0.370464570620493556E+06   -0.201143639676026140E+03
    0.256259396716146892E+00    0.552316848520722381E+00    0.274124381699833345E+10    0.380498136848074442E+06   -0.201134779507946746E+03
    0.288797798115216442E+00    0.534181442462784872E+00    0.284563264610674381E+10    0.373349352508250275E+06   -0.201133434161377210E+03
    0.311790918321103172E+00    0.535758580989762478E+00    0.272337103802672815E+10    0.363980537175093312E+06   -0.201133355562957377E+03
    0.297387073205691244E+00    0.581233604546090188E+00    0.274483859086336565E+10    0.367155822512834973E+06   -0.201129281110336763E+03
    0.318374179834791937E+00    0.525206749852505705E+00    0.280470242288076401E+10    0.357294955714864715E+06   -0.201119575527733389E+03
    0.318374179834791937E+00    0.525206749852505705E+00    0.280470242288076401E+10    0.357294955714864715E+06   -0.201119575527733389E+03
    0.287541126706457872E+00    0.537927300396287666E+00    0.281809090438440132E+10    0.372478351079933636E+06   -0.201118322587131530E+03
    0.257023338859231509E+00    0.540089021436890082E+00    0.272345380845523787E+10    0.384859230863463948E+06   -0.201114380173152739E+03
    0.314434078019338592E+00    0.573776869560940206E+00    0.273591837809254837E+10    0.362089108806350210E+06   -0.201095154930368381E+03
    0.287049230347865225E+00    0.572411688016684739E+00    0.278618038768113947E+10    0.367899129246978089E+06   -0.201092990860553272E+03
    0.287049230347865225E+00    0.572411688016684739E+00    0.278618038768113947E+10    0.367899129246978089E+06   -0.201092990860553272E+03
    0.295363001511357470E+00    0.583064156317498306E+00    0.274917716838561153E+10    0.377627686193518515E+06   -0.201086869043281695E+03
    0.295363001511357470E+00    0.583064156317498306E+00    0.274917716838561153E+10    0.377627686193518515E+06   -0.201086869043281695E+03
    0.258765672857306894E+00    0.551471136724974720E+00    0.286823261439572763E+10    0.375158953517946880E+06   -0.201076445464208632E+03
    0.263394522203715897E+00    0.592128714997290029E+00    0.284910217123297310E+10    0.366270007964851335E+06   -0.201071660222341961E+03
    0.263394522203715897E+00    0.592128714997290029E+00    0.284910217123297310E+10    0.366270007964851335E+06   -0.201071660222341961E+03
    0.297923439626635589E+00    0.547986636480636502E+00    0.279301752705990410E+10    0.363218834140239225E+06   -0.201070721284009750E+03
    0.297735369038969577E+00    0.574482300935796886E+00    0.276109901561588526E+10    0.375786799448555976E+06   -0.201059673058100714E+03
    0.266466665406970060E+00    0.563276459733490054E+00    0.287889503354293060E+10    0.370630541613095556E+06   -0.201053599102726366E+03
    0.266466665406970060E+00    0.563276459733490054E+00    0.287889503354293060E+10    0.370630541613095556E+06   -0.201053599102726366E+03
    0.266706437351172831E+00    0.534141306916448677E+00    0.286594799287630701E+10    0.383969974588197249E+06   -0.201043692916511816E+03
    0.332931515490611341E+00    0.570341594941153662E+00    0.276444155079729366E+10    0.365813603865723824E+06   -0.201036574080616163E+03
    0.277120575400753688E+00    0.592134538641656327E+00    0.291146964263321829E+10    0.357607239081825537E+06   -0.201024970766519516E+03
    0.316994899888641157E+00    0.540840178690392470E+00    0.282714967773663568E+10    0.357044158620429982E+06   -0.201012948985475418E+03
    0.316994899888641157E+00    0.540840178690392470E+00    0.282714967773663568E+10    0.357044158620429982E+06   -0.201012948985475418E+03
    0.284550702756200480E+00    0.577544255033850984E+00    0.282999597678219700E+10    0.359463760657564795E+06   -0.201002980106438542E+03
    0.284209498168096042E+00    0.586385020910392019E+00    0.289861353345178747E+10    0.362658216996618896E+06   -0.200996708612208181E+03
    0.326313115895264849E+00    0.560129443493510237E+00    0.281974633299507046E+10    0.364535395864424179E+06   -0.200994685359579847E+03
    0.310378893704687187E+00    0.530118729773697783E+00    0.272260009942079592E+10    0.367802227849840070E+06   -0.200993581989204415E+03
    0.310930693712993034E+00    0.558830835625863109E+00    0.278866089535527658E+10    0.365362667769961583E+06   -0.200988089559190371E+03
    0.285982588537485705E+00    0.588303523698070041E+00    0.284880079448543215E+10    0.365209876906858233E+06   -0.200981209418097194E+03
    0.274176018021469181E+00    0.585882119774248533E+00    0.280136272787236452E+10    0.363466326922851149E+06   -0.200968414647615049E+03
    0.301582224109132435E+00    0.586048612064973273E+00    0.278670428869844198E+10    0.376541436870159290E+06   -0.200965075655402956E+03
    0.301582224109132435E+00    0.586048612064973273E+00    0.278670428869844198E+10    0.376541436870159290E+06   -0.200965075655402956E+03
    0.305601133817966775E+00    0.531754703359350600E+00    0.272505495093892908E+10    0.367281754588004434E+06   -0.200960873653898147E+03
    0.305601133817966775E+00    0.531754703359350600E+00    0.272505495093892908E+10    0.367281754588004434E+06   -0.200960873653898147E+03
    0.291988110212461682E+00    0.555931295174762585E+00    0.274366204321873474E+10    0.366985541956492583E+06   -0.200955900076139756E+03
    0.291988110212461682E+00    0.555931295174762585E+00    0.274366204321873474E+10    0.366985541956492583E+06   -0.200955900076139756E+03
    0.299500497002147759E+00    0.570621049749998388E+00    0.273667899699123240E+10    0.362082932606536837E+06   -0.200950549704504965E+03
    0.289284017891023260E+00    0.504472537057404580E+00    0.282070869810075331E+10    0.354710854573998600E+06   -0.200932198899009734E+03
    0.306127170226171974E+00    0.551709290378300299E+00    0.274916479424204731E+10    0.372299036822315888E+06   -0.200930939693993480E+03
    0.290171167835845845E+00    0.570951748232712664E+00    0.287341683606213140E+10    0.368128062578750541E+06   -0.200915360043560497E+03
    0.301175910768700206E+00    0.546218230540631566E+00    0.278291672550299358E+10    0.360610499520794838E+06   -0.200906283643112459E+03
    0.310193339006437419E+00    0.540469382097676476E+00    0.276288354050586653E+10    0.363271954657694441E+06   -0.200897181045222169E+03
    0.263396751779933158E+00    0.575575678927792378E+00    0.291853368343405104E+10    0.372246138334247749E+06   -0.200884300036558642E+03
    0.291566619658991333E+00    0.577068448454439942E+00    0.283773494538020945E+10    0.364078869941818819E+06   -0.200876411433132802E+03
    0.288144242039978016E+00    0.577689883652486191E+00    0.280641544623835182E+10    0.375129433757039369E+06   -0.200858283180839095E+03
    0.288144242039978016E+00    0.577689883652486191E+00    0.280641544623835182E+10    0.375129433757039369E+06   -0.200858283180839095E+03
    0.316127043040819067E+00    0.542797405016985479E+00    0.274706866444749641E+10    0.353326173529110558E+06   -0.200846224662865694E+03
    0.264365594234119483E+00    0.590130288503254441E+00    0.295069657938715696E+10    0.364997006796182948E+06   -0.200844587665060089E+03
    0.292032031238556644E+00    0.579532178284913879E+00    0.278142043812772179E+10    0.376746518576217350E+06   -0.200831940883573651E+03
    0.322759919809549933E+00    0.541576547788581664E+00    0.271615883862103605E+10    0.377622695127197192E+06   -0.200825374549593818E+03
    0.302604794214625661E+00    0.555841198267951864E+00    0.280716833182821751E+10    0.363311548568330472E+06   -0.200824645041092054E+03
    0.259088197195681713E+00    0.534154782320141575E+00    0.289931366004080963E+10    0.374675715429828444E+06   -0.200818636386764126E+03
    0.287846916535871356E+00    0.567508060229116928E+00    0.277593393674464703E+10    0.366783449441911827E+06   -0.200815103471723944E+03
    0.308973769756508476E+00    0.608952427903865612E+00    0.282345423941397905E+10    0.370040758551790146E+06   -0.200805121469900712E+03
    0.308973769756508476E+00    0.608952427903865612E+00    0.282345423941397905E+10    0.370040758551790146E+06   -0.200805121469900712E+03
    0.287052327119060702E+00    0.584098649078771182E+00    0.280097431464656305E+10    0.366472565643563576E+06   -0.200795671319593396E+03
    0.322268118861258834E+00    0.537526679460374801E+00    0.269878682002450371E+10    0.366767290847527678E+06   -0.200784808572932690E+03
    0.304918537420501679E+00    0.559740065905946160E+00    0.276727516741377974E+10    0.357040657030736329E+06   -0.200748893898327282E+03
    0.266180953432398226E+00    0.569145018629835686E+00    0.279675104753457975E+10    0.369900645210613555E+06   -0.200740434039010637E+03
    0.329048742177495079E+00    0.540020631975439702E+00    0.279128023936235905E+10    0.350999551016647194E+06   -0.200738172791829186E+03
    0.289278731700549463E+00    0.565485258430297844E+00    0.277206619378506374E+10    0.376586023962851614E+06   -0.200727192229996973E+03
    0.293395804243294867E+00    0.624277133956816499E+00    0.272511310108829308E+10    0.361478401518609317E+06   -0.200700698116974536E+03
    0.286407973716197584E+00    0.536574393826793283E+00    0.281570003379250336E+10    0.365896760116430058E+06   -0.200695798237749216E+03
    0.310261204672097057E+00    0.553627105518760487E+00    0.274973650136772633E+10    0.370306953478715441E+06   -0.200690288070336749E+03
    0.269627707298123409E+00    0.578313870080573889E+00    0.280470386204792213E+10    0.369230522684969008E+06   -0.200683370156603871E+03
    0.328530036035774409E+00    0.567596036289717887E+00    0.270299538803463840E+10    0.367084895809018577E+06   -0.200674670467028875E+03
    0.295498987647703160E+00    0.528979742478012938E+00    0.281962872010522270E+10    0.358649563356298546E+06   -0.200672524912077222E+03
    0.244441202367846278E+00    0.544865948581203519E+00    0.276945977330308008E+10    0.380318379341712396E+06   -0.200665763774773893E+03
    0.266841234421225593E+00    0.591953083618006470E+00    0.290986744460868454E+10    0.364215266502821411E+06   -0.200665044518185454E+03
    0.313510069228486066E+00    0.519804853525059674E+00    0.275347694032320309E+10    0.357384605009760766E+06   -0.200656806807816992E+03
    0.301629573404677498E+00    0.567762786223651617E+00    0.272245958872149754E+10    0.363856947178800765E+06   -0.200651659330594640E+03
    0.292947054179365896E+00    0.566566549081744419E+00    0.278079554374090719E+10    0.365115860709116154E+06   -0.200650888950368142E+03
    0.266648646262633904E+00    0.530446446367141888E+00    0.284869555982047558E+10    0.378683036249744997E+06   -0.200647679670383951E+03
    0.320991271552382773E+00    0.553450858574509930E+00    0.271514065550569582E+10    0.363136238085457182E+06   -0.200645416770642498E+03
    0.320972151495757696E+00    0.541838842549629884E+00    0.269507390277804995E+10    0.372599014707404189E+06   -0.200644575763372814E+03
    0.308867590423872462E+00    0.509433879132640488E+00    0.278443636925776672E+10    0.355367944073591963E+06   -0.200644118454690499E+03
    0.308867590423872462E+00    0.509433879132640488E+00    0.278443636925776672E+10    0.355367944073591963E+06   -0.200644118454690499E+03
    0.301246632256146341E+00    0.538218536598359609E+00    0.278623061043116522E+10    0.360312905989513500E+06   -0.200642100866093642E+03
    0.293440712625091582E+00    0.552575987591445106E+00    0.275993995647434902E+10    0.366448972717778466E+06   -0.200640104211316782E+03
    0.293440712625091582E+00    0.552575987591445106E+00    0.275993995647434902E+10    0.366448972717778466E+06   -0.200640104211316782E+03
    0.298373322632957405E+00    0.542947133810263605E+00    0.275056007794251108E+10    0.359910202796460362E+06   -0.200619012674246562E+03
    0.298373322632957405E+00    0.542947133810263605E+00    0.275056007794251108E+10    0.359910202796460362E+06   -0.200619012674246562E+03
    0.307183741741571592E+00    0.608075763283510096E+00    0.278260707717318726E+10    0.364742972017982625E+06   -0.200609469877625088E+03
    0.317095518474236171E+00    0.528086963110341756E+00    0.281806245441782761E+10    0.362077151489557582E+06   -0.200603780443636680E+03
    0.295699658982237212E+00    0.555750506812878520E+00    0.276597575846305656E+10    0.360023871788827179E+06   -0.200602514909126938E+03
    0.299972821658916367E+00    0.599038558397010590E+00    0.278221626835545826E+10    0.371903176212591701E+06   -0.200597612325966963E+03
    0.260017371495481098E+00    0.582626742909913453E+00    0.281462033012189245E+10    0.362285736616892682E+06   -0.200596691490984909E+03
    0.293475907852515039E+00    0.553353832293612236E+00    0.279568121754112101E+10    0.370393283627344877E+06   -0.200596378825946516E+03
    0.301375659760904302E+00    0.586972843701540459E+00    0.273924684210874653E+10    0.368687294144566287E+06   -0.200590138310090765E+03
    0.281509963511438199E+00    0.576185505670863574E+00    0.278847347620465183E+10    0.363604523802868556E+06   -0.200566405562120082E+03
    0.304392483609305875E+00    0.552115306268428974E+00    0.271524581862640572E+10    0.363130838930940547E+06   -0.200554273200986927E+03
    0.336590049598838814E+00    0.571514711821348609E+00    0.279814578439475965E+10    0.358554581714830885E+06   -0.200550490233136742E+03
    0.301828688337652196E+00    0.547202051080491803E+00    0.277699586603086138E+10    0.356658174588237714E+06   -0.200549328503492887E+03
    0.296029588380604058E+00    0.574938286841423896E+00    0.278978427443455505E+10    0.355490110958977311E+06   -0.200546922527598042E+03
    0.303242132758547833E+00    0.618506086447986991E+00    0.278614097923589277E+10    0.365805773021726927E+06   -0.200545238730469691E+03
    0.298878779520464766E+00    0.555259559673779712E+00    0.278425149621269560E+10    0.363814391941030393E+06   -0.200544272859455788E+03
    0.288424932427343739E+00    0.558915964242256980E+00    0.271785740985107613E+10    0.365630778029213368E+06   -0.200540552676605500E+03
    0.335322074503173417E+00    0.592456884229797698E+00    0.279888206656759787E+10    0.361844179723735724E+06   -0.200530914359260777E+03
    0.253968717294316026E+00    0.582432370174525982E+00    0.292294702776829100E+10    0.370172310353243782E+06   -0.200528091489771924E+03
    0.331929321937473154E+00    0.577148901343207399E+00    0.280062186735316229E+10    0.366591174085767299E+06   -0.200527689915328381E+03
    0.285171384001757622E+00    0.527177774197235216E+00    0.281713996101313877E+10    0.359997614249390492E+06   -0.200526072912798270E+03
    0.317271481677869227E+00    0.557226141843278455E+00    0.277655750312510109E+10    0.362395014618445071E+06   -0.200524284729720875E+03
    0.302026270348476955E+00    0.532640521077069273E+00    0.277728003700410175E+10    0.350905999087188800E+06   -0.200523113311353086E+03
    0.302026270348476955E+00    0.532640521077069273E+00    0.277728003700410175E+10    0.350905999087188800E+06   -0.200523113311353086E+03
    0.318860984314751517E+00    0.597286782913847514E+00    0.274912931720656872E+10    0.371515357621705916E+06   -0.200507408953385948E+03
    0.322387269138893207E+00    0.571497562462839337E+00    0.277177773442062426E+10    0.364787553074736497E+06   -0.200502294824347842E+03
    0.307950666507126547E+00    0.593947287151087799E+00    0.279319831827273846E+10    0.370850676124252554E+06   -0.200500418656785314E+03
    0.275981348326294507E+00    0.574574644671318246E+00    0.280217830983703566E+10    0.357472716823070194E+06   -0.200489546527118989E+03
    0.348419284561984510E+00    0.583619510852863677E+00    0.279966709525570440E+10    0.357969428156794165E+06   -0.200489104171946565E+03
    0.250685212150227155E+00    0.539166250159508476E+00    0.277806802245087624E+10    0.379453643620512739E+06   -0.200485649631855154E+03
    0.327130499967443866E+00    0.529751361497423190E+00    0.276857704723799562E+10    0.356403101408825314E+06   -0.200474747538285328E+03
    0.288486368452849473E+00    0.585149166912728891E+00    0.281678205422446918E+10    0.363931186790870037E+06   -0.200474424558643506E+03
    0.303048025420398381E+00    0.564972897064980550E+00    0.273756797955991459E+10    0.368771166321948986E+06   -0.200471680017727380E+03
    0.300714168260032277E+00    0.584611816088358438E+00    0.273294306371080828E+10    0.366380517211678904E+06   -0.200446350509108726E+03
    0.314353023380183394E+00    0.559709985850180392E+00    0.278351967308076620E+10    0.355007476213034126E+06   -0.200442547813845238E+03
    0.291914653068555574E+00    0.558012421503781830E+00    0.273431394139570093E+10    0.371761866528739803E+06   -0.200423840702125744E+03
    0.289123276667213269E+00    0.531175837522289473E+00    0.282960912194164228E+10    0.361068017135418253E+06   -0.200417744436258772E+03
    0.291945041004530337E+00    0.578352985298713484E+00    0.280996712491840029E+10    0.360423979797804786E+06   -0.200387315851137203E+03
    0.303134995954271069E+00    0.572619141248172703E+00    0.272705530279636192E+10    0.368791412165907212E+06   -0.200380521400388432E+03
    0.288404583100076939E+00    0.578192386757558907E+00    0.281685238336852789E+10    0.356396213856948714E+06   -0.200379585893929573E+03
    0.313389469532076970E+00    0.499990950483955032E+00    0.278754335969361877E+10    0.355111055663058418E+06   -0.200377410491743916E+03
    0.270757973381870187E+00    0.503971748319042678E+00    0.281850242779965639E+10    0.349575504179099400E+06   -0.200363862891693827E+03
    0.271689491428531438E+00    0.583604056765265611E+00    0.278673446593524504E+10    0.371059593153359485E+06   -0.200352227000390144E+03
    0.273706883420395786E+00    0.586204949912615181E+00    0.282615203355669308E+10    0.361631597167174099E+06   -0.200351926074394953E+03
    0.304133291024994645E+00    0.606740711515240339E+00    0.281097856305488968E+10    0.370288735619944695E+06   -0.200341060745756351E+03
    0.260739131567912397E+00    0.568795534964345428E+00    0.276403274280812120E+10    0.373615631953455915E+06   -0.200339297244866913E+03
    0.309365642421189468E+00    0.551335517472036685E+00    0.277329605783342028E+10    0.357700943735801498E+06   -0.200339261374568764E+03
    0.287953337953988864E+00    0.571408476061326276E+00    0.278057409381244564E+10    0.365692813743467384E+06   -0.200334053904036637E+03
    0.297774048944352943E+00    0.529504872390887726E+00    0.281328810281441689E+10    0.365451697450496024E+06   -0.200325452350659361E+03
    0.326764066900502081E+00    0.543399848751731085E+00    0.272043148092378807E+10    0.364510409947864944E+06   -0.200314269089603528E+03
    0.284573674001841970E+00    0.583684626823755881E+00    0.282796108943749380E+10    0.360762335234946280E+06   -0.200313041799200562E+03
    0.279759596987992298E+00    0.581865613569053419E+00    0.281496522585187292E+10    0.370053105211286049E+06   -0.200312313178257455E+03
    0.296208247985434825E+00    0.575709574232391219E+00    0.277546787928410673E+10    0.371808098088414059E+06   -0.200296885503932572E+03
    0.283129397834180008E+00    0.573145311861464002E+00    0.282258778662692308E+10    0.357108037340589566E+06   -0.200283313982070069E+03
    0.275430557732476100E+00    0.574178638348926018E+00    0.278786814414700651E+10    0.367726719355793379E+06   -0.200279912342390162E+03
    0.316642257207335243E+00    0.549011895692784080E+00    0.275402763555966473E+10    0.364952578510529362E+06   -0.200278723038147689E+03
    0.307464203519138335E+00    0.532493580879187078E+00    0.276769964746985960E+10    0.357258809804375807E+06   -0.200276477796094298E+03
    0.270516934746501403E+00    0.567320538578275357E+00    0.281194647493050003E+10    0.369704380541872815E+06   -0.200274936330952528E+03
    0.323498812967000060E+00    0.573961857104021700E+00    0.277667119313146782E+10    0.362954004664501641E+06   -0.200257449952298799E+03
    0.326165600406960687E+00    0.558127078941101473E+00    0.277913430744549322E+10    0.368581926103954203E+06   -0.200254780683763443E+03
    0.302837192118649956E+00    0.571084296964650573E+00    0.275437408749631166E+10    0.366270588594897068E+06   -0.200253955447727776E+03
    0.324424689910805586E+00    0.556771262306172243E+00    0.275795134288462782E+10    0.368069909706221311E+06   -0.200253017759196325E+03
    0.279337716690885196E+00    0.583960230024090698E+00    0.280072320370909309E+10    0.356948608692505921E+06   -0.200244122713517783E+03
    0.306871368588843396E+00    0.539901674725463465E+00    0.278604491804942179E+10    0.361439523309345648E+06   -0.200234224546341324E+03
    0.326955468525060911E+00    0.606919954146510232E+00    0.273993656809776735E+10    0.371251802781807783E+06   -0.200225418698705539E+03
    0.271794619467181364E+00    0.524451832245213190E+00    0.283871172563105202E+10    0.373691328954364522E+06   -0.200223281498483175E+03
    0.278558434397136734E+00    0.514018130349587654E+00    0.280498680207216072E+10    0.353648149469946220E+06   -0.200204152491213449E+03
    0.323373685596871074E+00    0.592067234091395722E+00    0.279964091808370590E+10    0.365672025993099844E+06   -0.200204046792377824E+03
    0.298367749037184660E+00    0.582469482112353720E+00    0.278818087435569477E+10    0.375546406308127276E+06   -0.200185751840793074E+03
    0.316987819619827305E+00    0.552453187468203044E+00    0.274422762876965380E+10    0.362665032822990150E+06   -0.200185574754789627E+03
    0.320722179919872119E+00    0.549785371627734332E+00    0.274345885349262714E+10    0.370030631070925738E+06   -0.200178139080683763E+03
    0.326715481843575517E+00    0.552969860264350910E+00    0.270616178413422632E+10    0.365121447320653766E+06   -0.200177592317254948E+03
    0.282001116752398084E+00    0.571041817494460258E+00    0.278673848653643560E+10    0.366714951351518801E+06   -0.200177538880289262E+03
    0.292361381282371602E+00    0.542294232983099533E+00    0.284315155537593889E+10    0.364232775902593683E+06   -0.200161604484307929E+03
    0.317438976500969194E+00    0.539071389357862252E+00    0.278763117822285318E+10    0.353215141876801907E+06   -0.200161237622975307E+03
    0.331123466785681941E+00    0.566459764619425155E+00    0.277283927607319164E+10    0.361188707927511481E+06   -0.200152571671156977E+03
    0.276854322436876243E+00    0.582046843627131771E+00    0.277693027369502401E+10    0.375109326681053266E+06   -0.200145480369036875E+03
    0.304802827503177276E+00    0.605450222870765220E+00    0.279305064358745766E+10    0.368671871045097359E+06   -0.200142054911126564E+03
    0.282650241436612271E+00    0.533194388097682381E+00    0.284900975559388638E+10    0.361764574261191825E+06   -0.200141025339661326E+03
    0.270694180300371956E+00    0.524978857524818654E+00    0.284325607088710785E+10    0.367063784878445324E+06   -0.200139814343621794E+03
    0.290554610330797602E+00    0.580698305090184608E+00    0.279781532649300432E+10    0.376629177470794588E+06   -0.200126939195183041E+03
    0.288453367817380235E+00    0.585914281323173025E+00    0.276382873711014795E+10    0.371454378797887301E+06   -0.200116732504973811E+03
    0.272763982100820535E+00    0.523700520448039608E+00    0.283786101858331060E+10    0.365351027276090696E+06   -0.200113563974986278E+03
    0.298193474863376551E+00    0.532236850422062258E+00    0.279899876321265793E+10    0.359327797498136468E+06   -0.200112806535191254E+03
    0.324223615193347636E+00    0.571733587325864434E+00    0.275457717089395285E+10    0.362839859499073529E+06   -0.200110298726991061E+03
    0.314977399854822759E+00    0.503154351567208113E+00    0.278887103139547777E+10    0.357422587243571121E+06   -0.200096240034420248E+03
    0.299281406044670684E+00    0.574052347466558643E+00    0.278111243931067753E+10    0.371198313603327086E+06   -0.200084872725389801E+03
    0.313797977016474883E+00    0.536040008880203978E+00    0.274630624414456701E+10    0.359743958755262312E+06   -0.200080536685957327E+03
    0.282514925620758695E+00    0.580298263983821005E+00    0.280314190537987328E+10    0.366107345384002954E+06   -0.200066379004900114E+03
    0.291123060721174831E+00    0.563805016367648459E+00    0.279478051810705614E+10    0.371990489988828602E+06   -0.200060989193499438E+03
    0.298159675706416438E+00    0.536778952510948759E+00    0.283661112840183592E+10    0.359876372140263673E+06   -0.200060070233853622E+03
    0.306052988711427165E+00    0.562369618256432613E+00    0.277768439922720957E+10    0.364556629533192259E+06   -0.200059879575319229E+03
    0.299860693145273083E+00    0.579273827516942674E+00    0.278802651822223425E+10    0.370306508781444689E+06   -0.200057478960360925E+03
    0.295683928318304756E+00    0.579341734284888332E+00    0.279792536661070728E+10    0.363279233471020299E+06   -0.200047683603768348E+03
    0.285953622998093571E+00    0.585929206781288681E+00    0.277925280391383076E+10    0.372174882835224387E+06   -0.200043784316709321E+03
    0.295494496466057743E+00    0.590202518706889112E+00    0.279585716868874073E+10    0.366882631500052405E+06   -0.200021077360806601E+03
    0.293399336372985209E+00    0.557510032896250785E+00    0.277290609901295137E+10    0.371216008641178370E+06   -0.200017599979047390E+03
    0.306027401102098584E+00    0.541837682198860637E+00    0.274529003619091272E+10    0.363894625557183637E+06   -0.200016166239309115E+03
    0.283663503338722867E+00    0.562139801072331302E+00    0.277948063819443321E+10    0.373162404344910756E+06   -0.200003589175692753E+03
    0.294250430162999843E+00    0.573772180173377055E+00    0.280567172778121853E+10    0.377101509068474115E+06   -0.199996498726929758E+03
    0.268438131230390509E+00    0.522207765491367049E+00    0.277770476907881260E+10    0.354144272821419931E+06   -0.199904493859575155E+03
    0.265672340561027454E+00    0.520702765522623068E+00    0.276327804231856489E+10    0.354789803521848633E+06   -0.199417752256299281E+03
    0.286326823896973170E+00    0.570532091296859889E+00    0.282872935147495365E+10    0.357183956116079353E+06   -0.199966454365396118E+03
    0.268594707859231174E+00    0.581378948263114648E+00    0.283262585616409922E+10    0.358287445424560574E+06   -0.199466453328240533E+03
    0.268594707859231174E+00    0.581378948263114648E+00    0.283262585616409922E+10    0.358287445424560574E+06   -0.199466453328240533E+03
    0.282272040916095035E+00    0.578289329924584816E+00    0.283737663808829117E+10    0.358694183515299461E+06   -0.199761039889819614E+03
    0.280282997480461760E+00    0.514007638207664819E+00    0.285015931557167053E+10    0.362227083695210516E+06   -0.199903643382257656E+03
    0.270910616123357040E+00    0.521626910826893386E+00    0.285464408046890688E+10    0.363180796138961508E+06   -0.199518086574521590E+03
    0.275867872217332943E+00    0.531702735042097974E+00    0.282687370542396307E+10    0.365665703477361531E+06   -0.199831045240107670E+03
    0.278079334704939118E+00    0.519797658942113827E+00    0.286304214335960436E+10    0.362283368946835282E+06   -0.199634148917598594E+03
    0.286707134290154486E+00    0.514236011381781655E+00    0.282044416415290403E+10    0.362646429088088684E+06   -0.199202320890621195E+03
    0.286707134290154486E+00    0.514236011381781655E+00    0.282044416415290403E+10    0.362646429088088684E+06   -0.199202320890621195E+03
    0.269280033340577429E+00    0.513708485413231219E+00    0.284544146862812853E+10    0.368409403295922850E+06   -0.199475008801304114E+03
    0.272239394094281884E+00    0.535486720214065848E+00    0.283723430656225634E+10    0.367741708172501705E+06   -0.199716952526295273E+03
    0.290283184748198642E+00    0.538765221668419780E+00    0.283850005656622410E+10    0.362828072590368043E+06   -0.199548033387441166E+03
    0.289916958960172999E+00    0.539327392003324579E+00    0.281306463565771484E+10    0.364858463517247874E+06   -0.199718904173965115E+03
    0.293504246241579780E+00    0.525878047177406938E+00    0.281960112681524229E+10    0.364912469004615501E+06   -0.199703886321425273E+03
    0.301231378133245520E+00    0.532198716146145223E+00    0.281978185408277464E+10    0.362591777885341202E+06   -0.199807611777129722E+03
    0.298861815322862878E+00    0.537548848723206074E+00    0.284353166230945444E+10    0.362721570460293849E+06   -0.199433420912453073E+03
    0.307187612019047707E+00    0.532870423216450728E+00    0.281824999026379442E+10    0.359059401517147780E+06   -0.199656425310067164E+03
    0.314689231909143274E+00    0.554346068673772230E+00    0.281989213610725307E+10    0.360648830384608766E+06   -0.199583914573520815E+03
    0.300459419022896912E+00    0.534782609491000205E+00    0.283334385256132269E+10    0.361193433532050927E+06   -0.199420493472879656E+03
    0.305750149332026211E+00    0.536736752049680188E+00    0.284193252580008078E+10    0.361784543112856860E+06   -0.199320742717698863E+03
    0.305750149332026211E+00    0.536736752049680188E+00    0.284193252580008078E+10    0.361784543112856860E+06   -0.199320742717698863E+03
    0.306048487235393962E+00    0.543657162183833975E+00    0.284192567196148396E+10    0.360766297832300363E+06   -0.199706221251338320E+03
    0.304652467275551730E+00    0.546803629444033490E+00    0.284508979633722448E+10    0.359605418355141417E+06   -0.199662071129620273E+03
    0.297775951690114449E+00    0.549326204974227128E+00    0.284582301133942032E+10    0.357292906954320206E+06   -0.199977730023479609E+03
    0.300016214490268551E+00    0.554915243810018666E+00    0.283999658599921227E+10    0.358878726718153572E+06   -0.199649727899170671E+03
    0.322673226164605476E+00    0.550179111712476576E+00    0.274722297472698689E+10    0.359726156404315785E+06   -0.199630708556996353E+03
    0.310132179219340609E+00    0.525314395814973523E+00    0.274007413162444496E+10    0.363125689055712603E+06   -0.199804246838366851E+03
    0.306881514240763320E+00    0.539829073826375350E+00    0.277361984340352345E+10    0.357543756469061598E+06   -0.199976368979713044E+03
    0.304471771746959163E+00    0.521378036272384104E+00    0.277202760926621580E+10    0.361456362871774763E+06   -0.199813986185807209E+03
    0.300565637548742770E+00    0.539117737728250113E+00    0.275575409936024904E+10    0.359716670960983029E+06   -0.199745539285033601E+03
    0.341612331390637014E+00    0.569197292508648811E+00    0.278506548828700590E+10    0.360956478571613901E+06   -0.199860286967946934E+03
    0.335431458229212220E+00    0.575578331843885405E+00    0.277150675099077082E+10    0.360255305774648208E+06   -0.199946533820491254E+03
    0.317476085725244939E+00    0.579014119752005119E+00    0.278648332404292822E+10    0.358713550668637094E+06   -0.199828283549500725E+03
    0.323811999091536629E+00    0.550117757844188482E+00    0.276396692327067375E+10    0.360643706274030730E+06   -0.199931963198922716E+03
    0.290450073623605309E+00    0.563112984369249947E+00    0.279229890883172035E+10    0.366298858562208596E+06   -0.199703425313673165E+03
    0.300199628544292441E+00    0.583675684012930240E+00    0.277787128396914911E+10    0.370835977712560969E+06   -0.199118532589829329E+03
    0.300199628544292441E+00    0.583675684012930240E+00    0.277787128396914911E+10    0.370835977712560969E+06   -0.199118532589829329E+03
    0.286897644441696686E+00    0.582503850545430968E+00    0.277152408883341932E+10    0.368200053907274210E+06   -0.199434825617287800E+03
    0.276986762301825173E+00    0.563090171297751407E+00    0.279225900255796623E+10    0.368644448661374743E+06   -0.199371783722384066E+03
    0.272554571992182859E+00    0.577154648300541862E+00    0.277715876474249125E+10    0.368566613293515518E+06   -0.199849130485158696E+03
    0.305217377209913099E+00    0.580203597760433176E+00    0.277416532959512663E+10    0.373600676393866597E+06   -0.199597225667435254E+03
    0.305042604747641777E+00    0.587542910801136298E+00    0.277335599807386875E+10    0.376571745625271113E+06   -0.199917628539156794E+03
    0.276723782136249929E+00    0.570918198298653312E+00    0.277844287566111851E+10    0.364336524237137113E+06   -0.199922747099652923E+03
    0.273093747440784240E+00    0.563189445068028149E+00    0.278575708776225710E+10    0.368465387383994006E+06   -0.199163309972791069E+03
    0.273093747440784240E+00    0.563189445068028149E+00    0.278575708776225710E+10    0.368465387383994006E+06   -0.199163309972791069E+03
    0.284335450411236978E+00    0.575474108983552224E+00    0.278340737896373510E+10    0.367327380417658365E+06   -0.199965337725058504E+03
    0.289937693592684009E+00    0.573308865867471429E+00    0.273361327396841526E+10    0.364180671025845222E+06   -0.199177060067665877E+03
    0.289937693592684009E+00    0.573308865867471429E+00    0.273361327396841526E+10    0.364180671025845222E+06   -0.199177060067665877E+03
    0.293498904057249432E+00    0.571241826559884647E+00    0.274153521210032845E+10    0.365199051552751975E+06   -0.199828866667078785E+03
    0.299777788118311128E+00    0.569802335565869900E+00    0.273338082074876928E+10    0.365794063147857902E+06   -0.199811535730333844E+03
    0.315488849233248492E+00    0.560370527980273536E+00    0.272505664782422543E+10    0.368601647590436274E+06   -0.199394227192552421E+03
    0.305904150737355163E+00    0.570933161304221670E+00    0.275127111468434191E+10    0.368523837539926462E+06   -0.199735074030070678E+03
    0.304147336350238773E+00    0.547949282598538812E+00    0.275556191973207998E+10    0.371217078385112225E+06   -0.199880294535627343E+03
    0.304827696047422547E+00    0.555659017233133046E+00    0.277583727575003195E+10    0.368274038055102574E+06   -0.199484067280144870E+03
    0.321575858286552330E+00    0.545617882709452662E+00    0.276978128742470074E+10    0.368947601548886974E+06   -0.199396654181320287E+03
    0.314578164507886060E+00    0.549675534789475950E+00    0.279278071982402229E+10    0.368052575327920669E+06   -0.199477698567784245E+03
    0.316330428671053598E+00    0.558139195952684020E+00    0.279404745663849545E+10    0.368145998419890704E+06   -0.199761292008717589E+03
    0.318920223412982484E+00    0.572125343938215458E+00    0.276933778684215736E+10    0.362983481474815402E+06   -0.199505287093759762E+03
    0.318519517479309511E+00    0.592489786732589785E+00    0.280883775391901827E+10    0.366149022526027402E+06   -0.199682020934280331E+03
    0.320606613614774216E+00    0.584276119081696077E+00    0.279187198214745522E+10    0.364491000255060324E+06   -0.199540802879806165E+03
    0.320606613614774216E+00    0.584276119081696077E+00    0.279187198214745522E+10    0.364491000255060324E+06   -0.199540802879806165E+03
    0.320993929816235757E+00    0.596862982138779419E+00    0.278953097110699892E+10    0.367476796816961432E+06   -0.199387830267462874E+03
    0.302439758378706347E+00    0.570890221911203533E+00    0.278842835196432018E+10    0.369982521381439699E+06   -0.199795284514103940E+03
    0.312145943127436098E+00    0.569001183157922252E+00    0.279245354005616570E+10    0.373186415911895863E+06   -0.199890894336334924E+03
    0.312927034631380607E+00    0.580923960582956145E+00    0.278356269013420773E+10    0.367807465493881609E+06   -0.199812216875997677E+03
    0.307818964079707769E+00    0.595163242301291362E+00    0.279233574267319202E+10    0.365996859729333897E+06   -0.199664916663785164E+03
    0.289273163788021648E+00    0.586101122649183015E+00    0.281484631505139303E+10    0.366478439035590680E+06   -0.199407942916783583E+03
    0.292829121196312325E+00    0.581132404566017335E+00    0.280041656677237034E+10    0.366211443380864337E+06   -0.199653636883221452E+03
    0.304660281232584318E+00    0.615551956533020750E+00    0.280372125518372107E+10    0.369678585159396112E+06   -0.199881166989917745E+03
    0.301356992162242321E+00    0.605692171701273097E+00    0.281612035453331614E+10    0.370357632481462846E+06   -0.199829705412401950E+03
    0.284352147998906513E+00    0.596774808934834144E+00    0.281215956337570953E+10    0.369828718312877347E+06   -0.199513836394639867E+03
    0.284352147998906513E+00    0.596774808934834144E+00    0.281215956337570953E+10    0.369828718312877347E+06   -0.199513836394639867E+03
    0.289429152391441957E+00    0.598317762222240201E+00    0.280045919598466158E+10    0.369651776047286985E+06   -0.198998784086435222E+03
    0.289429152391441957E+00    0.598317762222240201E+00    0.280045919598466158E+10    0.369651776047286985E+06   -0.198998784086435222E+03
    0.290718325026103730E+00    0.573151738582804438E+00    0.278660410957890987E+10    0.371963642191635619E+06   -0.199970281085718170E+03
    0.299453693959425782E+00    0.570727098071204253E+00    0.277839522123325300E+10    0.372201698309793370E+06   -0.199372303634910168E+03
    0.295402487115022927E+00    0.582651598288989270E+00    0.278824624365837002E+10    0.373624144822130445E+06   -0.199553849107524286E+03
    0.297921119514935884E+00    0.565709428112032509E+00    0.278288859156563616E+10    0.373668709776224685E+06   -0.199666600811990463E+03
    0.289279479523434080E+00    0.584322870170369324E+00    0.278543578435389709E+10    0.372364670358011150E+06   -0.199829676830832000E+03
    0.297702024166361712E+00    0.570603988946387641E+00    0.278580265504937840E+10    0.372731982842418540E+06   -0.199298742546310649E+03
    0.281732093988464050E+00    0.584661450430739471E+00    0.277476147301476574E+10    0.377771306090478261E+06   -0.199877495816747512E+03
    0.284460267807760236E+00    0.569191300157549485E+00    0.278591160199652910E+10    0.368775446214477823E+06   -0.199642480607564522E+03
    0.292624889787568843E+00    0.561832942684841186E+00    0.277098898197321844E+10    0.371285576404858788E+06   -0.199707445388734243E+03
    0.291682574886062251E+00    0.559136464640428432E+00    0.279417060765699911E+10    0.374746426431634929E+06   -0.199622921413742290E+03
    0.289812748326572833E+00    0.551373652158171357E+00    0.279471975144855738E+10    0.375533823885874066E+06   -0.199784272589274707E+03
    0.280194805647847156E+00    0.573560682152123302E+00    0.278301713863958120E+10    0.373894129457012750E+06   -0.199590815656710646E+03
    0.281335284165680932E+00    0.566625985989372527E+00    0.277679555200839281E+10    0.374111013703013479E+06   -0.199828838910263585E+03
    0.261757047953243227E+00    0.547918316052498078E+00    0.276008972242850351E+10    0.377426319980644330E+06   -0.199503074567412511E+03
    0.267117642753415430E+00    0.557124012751161857E+00    0.277756357628258133E+10    0.373730399179612752E+06   -0.199890272360395272E+03
    0.275495081853202872E+00    0.568817240807837354E+00    0.277830496927817106E+10    0.375911614650022879E+06   -0.199902193229843760E+03
    0.270295464158513743E+00    0.541169993254456472E+00    0.284527132616437769E+10    0.371795312178887543E+06   -0.199785682938734112E+03
    0.271138641953238391E+00    0.539332573198770593E+00    0.283962646512874174E+10    0.373243552782727056E+06   -0.199952186395664341E+03
    0.259528642031035095E+00    0.572303822476401436E+00    0.286407280920866680E+10    0.369399037614788045E+06   -0.199656268797169986E+03
    0.273137046288345731E+00    0.591277885367431644E+00    0.282649701313298130E+10    0.367289676375354582E+06   -0.199707993867117864E+03
    0.273476246922899291E+00    0.580095700727760732E+00    0.283382685150364304E+10    0.369298564906570653E+06   -0.199787162781129950E+03
    0.283639182076307450E+00    0.579642256002971923E+00    0.281810983407363176E+10    0.365748174015901226E+06   -0.199022185508293745E+03
    0.283639182076307450E+00    0.579642256002971923E+00    0.281810983407363176E+10    0.365748174015901226E+06   -0.199022185508293745E+03
    0.288455615937322385E+00    0.565257181499420280E+00    0.280131196869278812E+10    0.364651602468391706E+06   -0.199619976771798633E+03
    0.269002022824068487E+00    0.574900953326614506E+00    0.282857891364213276E+10    0.365431195811481099E+06   -0.199603650351058349E+03
    0.279167924030983949E+00    0.584413696951413097E+00    0.280693707135430193E+10    0.364628743235898728E+06   -0.199262819041302578E+03
    0.279167924030983949E+00    0.584413696951413097E+00    0.280693707135430193E+10    0.364628743235898728E+06   -0.199262819041302578E+03
