    0.678647876205551559E+00    0.742649124525847526E+00    0.207227484158260417E+10    0.330012476853729517E+06   -0.159294255191046346E+03
    0.686457086236208491E+00    0.742601617768467559E+00    0.208924351137002683E+10    0.307977916341303382E+06   -0.158449898105728721E+03
    0.524180886300845250E+00    0.767791704105058148E+00    0.213375970235026550E+10    0.356880150312517537E+06   -0.157548188952830628E+03
    0.569271673600563743E+00    0.787813287275628049E+00    0.214395147880250955E+10    0.360816753495484358E+06   -0.157296898149467438E+03
    0.530974496592914513E+00    0.725698204566671556E+00    0.218191355046474075E+10    0.362565996603301435E+06   -0.157239985688493903E+03
    0.604261611215823224E+00    0.752567914525252402E+00    0.213828488682883811E+10    0.310350130697084358E+06   -0.156979798671410265E+03
    0.624903182020432157E+00    0.762397998306951763E+00    0.211202756077909589E+10    0.313893695240939211E+06   -0.156644412434013333E+03
    0.579716819059134636E+00    0.764147249826883090E+00    0.217638913054064941E+10    0.340582881345634640E+06   -0.156619934399143062E+03
    0.612641539943165614E+00    0.795014528663095632E+00    0.212246116584307718E+10    0.350412830837845919E+06   -0.156528193767839639E+03
    0.593305208004846651E+00    0.814770900992026093E+00    0.217813142899831343E+10    0.335775536559734843E+06   -0.156401902248597167E+03
    0.509909092427889288E+00    0.761512847158557271E+00    0.218207240468197155E+10    0.342389605337041139E+06   -0.156174466919338215E+03
    0.542641332715463887E+00    0.765858690806785702E+00    0.218341655210725403E+10    0.361352220524484990E+06   -0.156060264818260009E+03
    0.595099014391297088E+00    0.811554421726705222E+00    0.217262136483123112E+10    0.340693078755633964E+06   -0.155681304776606027E+03
    0.579664657192803467E+00    0.780437782652054768E+00    0.214693535152016521E+10    0.340509822734423389E+06   -0.155582841334855090E+03
    0.572983803143671588E+00    0.739531743480087655E+00    0.221178738229230976E+10    0.348159275750058354E+06   -0.155553267202600807E+03
    0.550684788842873640E+00    0.756614487036300076E+00    0.217333151461094999E+10    0.341810800199458492E+06   -0.155487252719327074E+03
    0.561405967860899913E+00    0.746491507818846767E+00    0.215868219025374031E+10    0.340208219160883920E+06   -0.155445577313815392E+03
    0.625658247590486605E+00    0.735917454473052679E+00    0.212417678979416585E+10    0.322397074040794338E+06   -0.155411942730301178E+03
    0.546920139543174644E+00    0.768737821537922805E+00    0.216137056478524065E+10    0.340544834185699932E+06   -0.155407985403813598E+03
    0.564914140802240561E+00    0.763248972168189432E+00    0.216911045686031389E+10    0.359705456452756538E+06   -0.155380901906060785E+03
    0.657535850115399834E+00    0.710055023530827611E+00    0.210214471921077418E+10    0.330109522495284153E+06   -0.155371287737354209E+03
    0.642832157780827695E+00    0.720871947559204695E+00    0.207920015813463497E+10    0.342733859440475120E+06   -0.155318457374523433E+03
    0.562048023744341263E+00    0.763635542300947101E+00    0.215725761193962336E+10    0.331071093446471612E+06   -0.155315203217281294E+03
    0.579362465358689294E+00    0.788419568783674141E+00    0.216866312344445658E+10    0.339515111132402613E+06   -0.155285903488573609E+03
    0.624640187492704779E+00    0.706709534926917904E+00    0.213466039419758749E+10    0.326604034483122698E+06   -0.155283562835877888E+03
    0.531484557292950632E+00    0.724753137669689185E+00    0.223343657027828121E+10    0.339001227618760371E+06   -0.155272895647403601E+03
    0.524271106128614828E+00    0.728885198820403701E+00    0.217068959068983746E+10    0.353708289823300496E+06   -0.155222714345424720E+03
    0.600029965818958511E+00    0.739175645226599176E+00    0.211508686768944860E+10    0.323572377165960032E+06   -0.155194239356788586E+03
    0.617799861836416220E+00    0.799770516702417833E+00    0.214645048993665814E+10    0.345860971617766365E+06   -0.155189813065384328E+03
    0.521259963442508467E+00    0.778978296881981169E+00    0.222604523158598804E+10    0.350105340876413684E+06   -0.155126642974943451E+03
    0.582673407313932024E+00    0.719509385577152827E+00    0.218049226324628973E+10    0.349867140053248673E+06   -0.155106780671987934E+03
    0.571459446169772955E+00    0.744856977794483122E+00    0.215840992643918705E+10    0.349088759108205675E+06   -0.155052392187404280E+03
    0.595690137130465147E+00    0.773233157064213028E+00    0.217160294288976717E+10    0.337450930823012197E+06   -0.154997213225930864E+03
    0.549530930146351904E+00    0.749833969403073564E+00    0.218107724783136702E+10    0.360829750601384265E+06   -0.154957982252526421E+03
    0.563059299576465611E+00    0.726010599950922320E+00    0.216050929208086777E+10    0.351863282681013166E+06   -0.154956022077630450E+03
    0.568737059382596555E+00    0.790111405120798693E+00    0.220407086087784958E+10    0.346051592687846860E+06   -0.154929194016668703E+03
    0.551558946628520341E+00    0.726164909035032391E+00    0.219372212571602774E+10    0.358450515282698732E+06   -0.154914807579223123E+03
    0.535009705215092723E+00    0.725230167334412812E+00    0.222656957300759840E+10    0.338401758407311980E+06   -0.154892781825952142E+03
    0.557017085566914427E+00    0.721878605905803106E+00    0.217066973084211206E+10    0.346079598604953091E+06   -0.154831856996317612E+03
    0.603125442426451275E+00    0.799675667471130946E+00    0.214688221870519662E+10    0.338962547117470705E+06   -0.154780159366878820E+03
    0.593986084241154733E+00    0.759726595895081847E+00    0.218645383845727301E+10    0.327589085093449394E+06   -0.154772612683130006E+03
    0.583686953602589154E+00    0.760419383338587274E+00    0.216663295298791981E+10    0.356935171233693371E+06   -0.154768054914654840E+03
    0.578124779735636141E+00    0.774513095479027136E+00    0.218324900154594231E+10    0.327937467531752016E+06   -0.154767337798174026E+03
    0.552175297905945772E+00    0.767487406622838542E+00    0.215878157719800282E+10    0.327613417029619508E+06   -0.154749545379425513E+03
    0.592381490632854724E+00    0.756488626441736312E+00    0.213917652868739891E+10    0.333742118075025151E+06   -0.154737659222183652E+03
    0.642479956754427706E+00    0.766049153687994089E+00    0.209896293013847208E+10    0.330188785037735652E+06   -0.154737154008302497E+03
    0.557997818171292903E+00    0.724092352013378182E+00    0.216909565904464436E+10    0.356184506261556002E+06   -0.154726941645303782E+03
    0.638893593106095947E+00    0.752990471643828041E+00    0.209990361025565767E+10    0.320567177920934162E+06   -0.154676039166630659E+03
    0.583446754930256883E+00    0.755114207162086437E+00    0.212860537319437122E+10    0.335819504093843512E+06   -0.154659802621596810E+03
    0.561229419609002855E+00    0.751156997721869502E+00    0.218214839164529848E+10    0.328514499619774113E+06   -0.154648141280310369E+03
    0.585104990197663044E+00    0.775461197825348059E+00    0.216099104425234556E+10    0.330711549484275980E+06   -0.154636258356057112E+03
    0.598861049034189685E+00    0.768875713812611217E+00    0.216722569321240616E+10    0.334958964602503111E+06   -0.154585441919206914E+03
    0.523923558090183761E+00    0.782133712409899040E+00    0.221230153399892044E+10    0.347761506515584188E+06   -0.154574515341403554E+03
    0.542086664398706453E+00    0.737154448525617401E+00    0.217807780536285925E+10    0.356655227150771767E+06   -0.154479979080379110E+03
    0.542895405418795218E+00    0.741537119791984445E+00    0.215788654736111784E+10    0.351436380178857711E+06   -0.154466019177337841E+03
    0.579601031840816128E+00    0.724084200762249441E+00    0.218713958845665693E+10    0.346478615297415410E+06   -0.154458303668077178E+03
    0.528582475828382914E+00    0.786495864638905307E+00    0.219484719936106157E+10    0.344974593509489088E+06   -0.154455528954701322E+03
    0.545730530173842876E+00    0.736793967562700658E+00    0.216312078661320686E+10    0.358702432616302453E+06   -0.154446730489586031E+03
    0.578830681124172020E+00    0.756026555910359832E+00    0.217325913829693747E+10    0.337826597809165309E+06   -0.154405889672698862E+03
    0.579158198572372052E+00    0.752318768877867861E+00    0.218622379751275587E+10    0.353098392693828035E+06   -0.154403026072259166E+03
    0.653046295154975476E+00    0.719098204180383505E+00    0.210530460360854959E+10    0.336401618859994924E+06   -0.154399611676198333E+03
    0.511333067780235906E+00    0.778769605658811148E+00    0.222218802398378420E+10    0.352640164826719672E+06   -0.154389026316388623E+03
    0.630495936512341149E+00    0.734623194536605517E+00    0.208567122077733421E+10    0.347056276796187100E+06   -0.154306827491302755E+03
    0.597195535586801940E+00    0.718200047942200381E+00    0.212446576678189373E+10    0.328523767443671473E+06   -0.154297447002172305E+03
    0.594164165822737456E+00    0.772906024307011830E+00    0.216522200841573668E+10    0.332756833477517706E+06   -0.154280443004193216E+03
    0.569885167287183303E+00    0.764722618280430755E+00    0.218773496940636110E+10    0.328513706281017861E+06   -0.154242146787847503E+03
    0.586182336360414280E+00    0.759529693293802488E+00    0.216612883470759821E+10    0.352815800826746447E+06   -0.154217528825938700E+03
    0.621925053990446619E+00    0.726045413106292337E+00    0.210911021145331788E+10    0.339876706918379059E+06   -0.154214385046801169E+03
    0.562972652410560159E+00    0.762446806355850271E+00    0.215122232247626734E+10    0.327659527555402601E+06   -0.154206853492553051E+03
    0.650825887346158205E+00    0.752041956578976212E+00    0.208590343325505662E+10    0.317160327232765441E+06   -0.154178967360617264E+03
    0.616089683912611319E+00    0.729391297829947494E+00    0.214519025936928177E+10    0.318642815513785055E+06   -0.154171682012716985E+03
    0.614964334613377073E+00    0.755209276814075459E+00    0.212585289118609262E+10    0.325580013738111767E+06   -0.154169332823276051E+03
    0.542788154265180567E+00    0.710707556691285269E+00    0.217047943774355602E+10    0.357474174636567943E+06   -0.154140310387244114E+03
    0.628653510110211977E+00    0.752286236436007449E+00    0.212773337132647467E+10    0.317884320518371067E+06   -0.154122654501125396E+03
    0.562900559976987291E+00    0.793189420870985096E+00    0.215827417133497715E+10    0.344550633220354037E+06   -0.154063930476612114E+03
    0.550024414855307731E+00    0.772657058478821490E+00    0.218521743662174845E+10    0.354607273348814051E+06   -0.154047782787845591E+03
    0.551072727059786827E+00    0.723061177833209445E+00    0.217639829728316498E+10    0.352648759646809776E+06   -0.154041844959322759E+03
    0.517491408746992843E+00    0.793563189647995770E+00    0.219308138640290403E+10    0.353483631389538175E+06   -0.154026249780428486E+03
    0.582701562585213106E+00    0.729523778360676278E+00    0.218118451194276762E+10    0.348601236207143229E+06   -0.154001943589574353E+03
    0.593099612424724421E+00    0.746044912299866692E+00    0.213921655897157264E+10    0.338574805625403067E+06   -0.154000767245052145E+03
    0.593099612424724421E+00    0.746044912299866692E+00    0.213921655897157264E+10    0.338574805625403067E+06   -0.154000767245052145E+03
    0.544694432496642511E+00    0.767243075598442292E+00    0.215654493124851418E+10    0.349782900587753567E+06   -0.153998575059220144E+03
    0.544694432496642511E+00    0.767243075598442292E+00    0.215654493124851418E+10    0.349782900587753567E+06   -0.153998575059220144E+03
    0.582030706680099263E+00    0.749467285132992433E+00    0.216631209661864710E+10    0.344891135047632793E+06   -0.153990209672153867E+03
    0.589454038240265876E+00    0.751473257483139534E+00    0.214080398960371470E+10    0.333253284066678025E+06   -0.153987612877355787E+03
    0.622214161570998958E+00    0.763473148526332412E+00    0.211864646256739354E+10    0.321271726066682721E+06   -0.153967510892951509E+03
    0.579956572317100183E+00    0.759220931812448985E+00    0.215990412074424458E+10    0.336709730130302836E+06   -0.153948059785955763E+03
    0.593958870717255283E+00    0.749139071389292255E+00    0.219178232794731665E+10    0.319376888656891708E+06   -0.153934449605588327E+03
    0.593958870717255283E+00    0.749139071389292255E+00    0.219178232794731665E+10    0.319376888656891708E+06   -0.153934449605588327E+03
    0.540581115412357427E+00    0.788217649286682587E+00    0.214573010574226332E+10    0.346947080844163953E+06   -0.153910288731610706E+03
    0.561809633470397363E+00    0.768008167638184691E+00    0.217831794314201784E+10    0.343103629877785745E+06   -0.153895765393994509E+03
    0.615647236492342542E+00    0.730488318833443451E+00    0.215698969056906223E+10    0.325738733556902967E+06   -0.153885272638187303E+03
    0.541149271182230218E+00    0.739840689098941073E+00    0.216698632539606953E+10    0.346884508097983780E+06   -0.153860409937112024E+03
    0.556458793112559413E+00    0.778111545653657810E+00    0.213016909858953810E+10    0.326289938212039007E+06   -0.153851718654592787E+03
    0.607161963085949719E+00    0.741587924675159549E+00    0.213265209570190310E+10    0.335713094755021215E+06   -0.153847259694335918E+03
    0.624801595495249051E+00    0.761302274155556180E+00    0.213407662535804343E+10    0.333531854547261319E+06   -0.153844067936063766E+03
    0.554570728134384461E+00    0.736883398318679106E+00    0.217533928271054602E+10    0.357928739825838536E+06   -0.153833311335219605E+03
    0.613075431064240672E+00    0.759698020678790442E+00    0.210932725995646095E+10    0.325825840038848051E+06   -0.153828997350773051E+03
    0.617399179938878162E+00    0.761814150914168486E+00    0.211621547777899599E+10    0.327423479777125467E+06   -0.153822964582382497E+03
    0.617399179938878162E+00    0.761814150914168486E+00    0.211621547777899599E+10    0.327423479777125467E+06   -0.153822964582382497E+03
    0.545187441072650159E+00    0.739421070585520646E+00    0.218823483549617577E+10    0.348981991604091367E+06   -0.153819642499170129E+03
    0.545187441072650159E+00    0.739421070585520646E+00    0.218823483549617577E+10    0.348981991604091367E+06   -0.153819642499170129E+03
    0.603253414406439425E+00    0.760546604738135290E+00    0.214245143289375925E+10    0.336819983125695086E+06   -0.153815258883845274E+03
    0.513543761502949114E+00    0.772375076463565069E+00    0.220059099296543217E+10    0.346232004682624072E+06   -0.153765648810956691E+03
    0.513543761502949114E+00    0.772375076463565069E+00    0.220059099296543217E+10    0.346232004682624072E+06   -0.153765648810956691E+03
    0.599088199642817010E+00    0.754015564093497126E+00    0.211468963041700220E+10    0.322677907996712311E+06   -0.153762144607368924E+03
    0.588161908476675710E+00    0.757247195197999545E+00    0.214489731265967798E+10    0.333549152046008501E+06   -0.153756898005764128E+03
    0.559821887436369625E+00    0.750770085241657004E+00    0.218420821042707396E+10    0.326360649825227039E+06   -0.153752806669978810E+03
    0.629191608924722146E+00    0.703528511926278632E+00    0.211746546519553065E+10    0.323694132264460612E+06   -0.153742316187889116E+03
    0.632530064058367425E+00    0.731997338908915385E+00    0.209869512908050680E+10    0.324736702140165842E+06   -0.153735739996777397E+03
    0.604096292773559251E+00    0.768060284983278940E+00    0.214419976048068285E+10    0.315750377649654110E+06   -0.153716794529736489E+03
    0.604096292773559251E+00    0.768060284983278940E+00    0.214419976048068285E+10    0.315750377649654110E+06   -0.153716794529736489E+03
    0.649097953026619989E+00    0.721526875038568605E+00    0.211302200783169317E+10    0.327567418543296575E+06   -0.153666448772771787E+03
    0.574975352029090003E+00    0.762053358927356594E+00    0.217263578841279221E+10    0.351919798585043987E+06   -0.153656028848478940E+03
    0.507387664415918094E+00    0.767835723484552091E+00    0.220524740485617638E+10    0.348043007573210227E+06   -0.153642253007270767E+03
    0.558054652581109201E+00    0.781955122912305622E+00    0.215119351678778505E+10    0.340610507170292956E+06   -0.153638242984104977E+03
    0.558054652581109201E+00    0.781955122912305622E+00    0.215119351678778505E+10    0.340610507170292956E+06   -0.153638242984104977E+03
    0.519234231344841035E+00    0.784988454739376618E+00    0.220796462210771656E+10    0.354909709227119281E+06   -0.153637110776217014E+03
    0.619338277973892515E+00    0.747326976016748024E+00    0.210633556762085032E+10    0.334905205871051177E+06   -0.153635084850871806E+03
    0.603108257683860116E+00    0.741533227883394819E+00    0.213878830327831101E+10    0.333532457825902733E+06   -0.153632757090614859E+03
    0.578000662366850770E+00    0.751115192665058995E+00    0.213075225785684514E+10    0.338732575595388189E+06   -0.153628429198114873E+03
    0.558791280709905136E+00    0.767867002933720677E+00    0.218219086426190186E+10    0.334781007718672801E+06   -0.153624123121239677E+03
    0.628688517852719508E+00    0.712267222532054323E+00    0.210736044813932538E+10    0.335706353357022919E+06   -0.153622936077372714E+03
    0.577054656307858904E+00    0.759060159370016585E+00    0.217344931106578350E+10    0.343721568716439535E+06   -0.153595114570955474E+03
    0.531997289039812249E+00    0.768153457333294210E+00    0.218882792736352491E+10    0.345919666999139125E+06   -0.153594142417251163E+03
    0.581184435961214385E+00    0.757291266996078960E+00    0.219945027783811188E+10    0.320119520746622584E+06   -0.153567073009269166E+03
    0.581184435961214385E+00    0.757291266996078960E+00    0.219945027783811188E+10    0.320119520746622584E+06   -0.153567073009269166E+03
    0.585233310611819935E+00    0.753749321148804885E+00    0.219438673321563196E+10    0.327089026326846506E+06   -0.153552520955930561E+03
    0.536911557626024161E+00    0.761977462176718578E+00    0.214846403342365026E+10    0.357200456184154667E+06   -0.153531865898871729E+03
    0.541645506371568386E+00    0.780669810741831949E+00    0.216219362819413567E+10    0.347176512011540646E+06   -0.153526712121019898E+03
    0.547249637434694125E+00    0.753924644360341567E+00    0.217033748731973696E+10    0.343411964863089379E+06   -0.153519007335598815E+03
    0.565669854089668633E+00    0.730443815371827565E+00    0.215991036840557051E+10    0.356091149763508234E+06   -0.153494797349137798E+03
    0.612664297319970075E+00    0.775546449767004820E+00    0.210384144004788280E+10    0.334089187960818294E+06   -0.153491652898643650E+03
    0.565499750857311190E+00    0.738237167986425025E+00    0.214988847252468014E+10    0.360157124197013385E+06   -0.153476891230543686E+03
    0.607112179713658606E+00    0.770445767367520684E+00    0.214808310833008337E+10    0.329760427065131138E+06   -0.153449101083875519E+03
    0.617191481402961872E+00    0.710935548829888297E+00    0.212079613845389271E+10    0.330308547146573372E+06   -0.153443362296788763E+03
    0.617191481402961872E+00    0.710935548829888297E+00    0.212079613845389271E+10    0.330308547146573372E+06   -0.153443362296788763E+03
    0.631584005987321673E+00    0.724825537576630818E+00    0.209654501278753185E+10    0.323395449502889358E+06   -0.153436413759634661E+03
    0.586375712676916017E+00    0.760012611032022445E+00    0.215695852188602829E+10    0.337134956983256387E+06   -0.153416913656482848E+03
    0.582031802304920021E+00    0.753455466746542069E+00    0.215646179637794399E+10    0.335964370526910468E+06   -0.153416507928276275E+03
    0.565315871158033389E+00    0.763635708871540864E+00    0.216224248383990335E+10    0.338377864413882431E+06   -0.153416054229561610E+03
    0.602494604277349355E+00    0.765339120450410082E+00    0.216167091166953182E+10    0.326885667375872203E+06   -0.153402696819701276E+03
    0.580070418557077971E+00    0.745711138213087210E+00    0.218930955203674698E+10    0.351325886044545914E+06   -0.153402189408699826E+03
    0.630383514522316335E+00    0.731119129256621481E+00    0.210863691474888349E+10    0.331077142452644533E+06   -0.153386481374915661E+03
    0.561510739522409486E+00    0.762342569156174488E+00    0.215884513525802565E+10    0.351297711985348782E+06   -0.153374255503127529E+03
    0.634547846607426580E+00    0.713504866796411452E+00    0.211879417270962000E+10    0.324443756198249583E+06   -0.153370114418645414E+03
    0.637773594340232841E+00    0.727017257151031160E+00    0.209581368442498946E+10    0.322315813709612645E+06   -0.153369491964956438E+03
    0.563820727566733626E+00    0.722737446032799546E+00    0.215338136737372541E+10    0.350575795712295163E+06   -0.153365315015416087E+03
    0.635336631341273272E+00    0.731838715054708988E+00    0.212090351989139581E+10    0.325009063115407305E+06   -0.153355379904266499E+03
    0.633180340720045698E+00    0.747445760371654888E+00    0.211248377071155548E+10    0.328144902806490369E+06   -0.153341202356308258E+03
    0.640683302029151691E+00    0.717127061265258714E+00    0.211450097535912538E+10    0.321640320707311621E+06   -0.153335567137279725E+03
    0.605393626487701897E+00    0.767417508964672646E+00    0.214534560807278013E+10    0.309178561213011330E+06   -0.153327391726482631E+03
    0.601792870333290431E+00    0.722884106414923178E+00    0.213906457623284602E+10    0.332973336396156286E+06   -0.153324904327457688E+03
    0.560732325678782617E+00    0.748810877703486533E+00    0.216617589457124329E+10    0.342105927049599064E+06   -0.153314935730588644E+03
    0.571332360072398182E+00    0.746452153609187263E+00    0.218752245656753016E+10    0.351108959876151290E+06   -0.153305086288347184E+03
    0.619806432514200978E+00    0.757459388363654895E+00    0.211129730836404419E+10    0.341570410727113078E+06   -0.153302325837927356E+03
    0.625863653102466944E+00    0.736691853053035750E+00    0.211057816481357503E+10    0.333401958664996375E+06   -0.153294590016559226E+03
    0.592892511972596070E+00    0.766999981805705833E+00    0.215225443114866304E+10    0.334590820723170647E+06   -0.153266886403484079E+03
    0.592892511972596070E+00    0.766999981805705833E+00    0.215225443114866304E+10    0.334590820723170647E+06   -0.153266886403484079E+03
    0.554842328524009054E+00    0.761611714657915773E+00    0.215129662396713114E+10    0.348133306109986792E+06   -0.153261167576330138E+03
    0.554842328524009054E+00    0.761611714657915773E+00    0.215129662396713114E+10    0.348133306109986792E+06   -0.153261167576330138E+03
    0.567151731139893145E+00    0.734999558110517981E+00    0.216621410287839031E+10    0.350999527366027818E+06   -0.153240977017388786E+03
    0.625237198444956843E+00    0.737168510710502822E+00    0.209300014245971322E+10    0.333127381606469397E+06   -0.153225534367814873E+03
    0.626317593694217911E+00    0.713020510319163137E+00    0.213380547445696640E+10    0.317859851054023078E+06   -0.153206548333693377E+03
    0.589433727139102692E+00    0.757200564265458897E+00    0.213348997486704874E+10    0.342695500552273239E+06   -0.153197062806474946E+03
    0.584471974488151469E+00    0.731587829116894461E+00    0.219156785312878990E+10    0.338172729735820845E+06   -0.153187634541844517E+03
    0.602632221350204667E+00    0.791001997823483904E+00    0.213284485825947714E+10    0.338067775214001827E+06   -0.153187382732442870E+03
    0.609430399260483591E+00    0.773620351710652798E+00    0.214382356954939032E+10    0.331797064840119390E+06   -0.153155233063054709E+03
    0.624812830593390656E+00    0.722222781453154106E+00    0.213068613698666739E+10    0.328965115774020611E+06   -0.153148512651358516E+03
    0.566298620151784671E+00    0.752504371282356477E+00    0.214691754669501996E+10    0.345806588696750114E+06   -0.153114183039729397E+03
    0.628284281766765762E+00    0.744865548350978735E+00    0.214381314588236499E+10    0.338434118890457088E+06   -0.153090480625837245E+03
    0.593638491159751314E+00    0.721474938031732016E+00    0.213378404840202475E+10    0.326017592417754640E+06   -0.153077681416924918E+03
    0.625901187735286912E+00    0.747517481678057649E+00    0.212315649117528415E+10    0.341802812728789751E+06   -0.153074256921751271E+03
    0.576837568107431364E+00    0.767123814743714050E+00    0.213731527709879565E+10    0.334968046285267919E+06   -0.153056555567609706E+03
    0.543693596254195666E+00    0.775057135679397380E+00    0.215897054526311493E+10    0.345532567584670323E+06   -0.153040630051435187E+03
    0.543693596254195666E+00    0.775057135679397380E+00    0.215897054526311493E+10    0.345532567584670323E+06   -0.153040630051435187E+03
    0.575165350796063568E+00    0.743285008407909675E+00    0.214225397353966570E+10    0.355117550872590858E+06   -0.153034015174032817E+03
    0.575165350796063568E+00    0.743285008407909675E+00    0.214225397353966570E+10    0.355117550872590858E+06   -0.153034015174032817E+03
    0.565630172619195681E+00    0.784630850912741096E+00    0.217562686888773918E+10    0.335873044841293362E+06   -0.153024570991959592E+03
    0.601401679258934951E+00    0.752569866029718870E+00    0.214391409639502573E+10    0.349964481475643755E+06   -0.153000229314032993E+03
    0.601401679258934951E+00    0.752569866029718870E+00    0.214391409639502573E+10    0.349964481475643755E+06   -0.153000229314032993E+03
    0.594272969108776250E+00    0.791241288237808149E+00    0.216672919916415691E+10    0.332735339432434004E+06   -0.152957151861042348E+03
    0.614628615844678872E+00    0.820603919795338754E+00    0.212885009082212996E+10    0.340418020099548332E+06   -0.152953227507590327E+03
    0.541913944720586183E+00    0.776053277914972917E+00    0.216156665090654993E+10    0.354118981239766348E+06   -0.152923223844557299E+03
    0.600847917791024089E+00    0.721029968719080205E+00    0.213122089408193421E+10    0.334596442786800675E+06   -0.152907619656595898E+03
    0.609467528708179662E+00    0.752608997759141030E+00    0.214814979779961967E+10    0.340440168921674718E+06   -0.152893001824271039E+03
    0.609467528708179662E+00    0.752608997759141030E+00    0.214814979779961967E+10    0.340440168921674718E+06   -0.152893001824271039E+03
    0.571257343094313752E+00    0.780377979399806243E+00    0.215915035536773396E+10    0.330458773408902576E+06   -0.152883232859082028E+03
    0.571257343094313752E+00    0.780377979399806243E+00    0.215915035536773396E+10    0.330458773408902576E+06   -0.152883232859082028E+03
    0.613554799973889398E+00    0.761915133237985209E+00    0.212965644588147855E+10    0.340489134646367689E+06   -0.152861086555779650E+03
    0.613554799973889398E+00    0.761915133237985209E+00    0.212965644588147855E+10    0.340489134646367689E+06   -0.152861086555779650E+03
    0.551064535746164319E+00    0.752028107899327836E+00    0.217302468262647343E+10    0.350084381618693005E+06   -0.152853843127880623E+03
    0.638115189540997441E+00    0.772476150068343248E+00    0.212555389785580468E+10    0.334611178154699097E+06   -0.152847028857919213E+03
    0.638115189540997441E+00    0.772476150068343248E+00    0.212555389785580468E+10    0.334611178154699097E+06   -0.152847028857919213E+03
    0.574340688092651042E+00    0.745490166685662370E+00    0.212106264429659128E+10    0.329800157486495445E+06   -0.152845300850005117E+03
    0.574340688092651042E+00    0.745490166685662370E+00    0.212106264429659128E+10    0.329800157486495445E+06   -0.152845300850005117E+03
    0.625215521790134288E+00    0.759317754877145035E+00    0.210910334907616448E+10    0.335716001295160793E+06   -0.152828608805811371E+03
    0.597470461248481577E+00    0.768920769580053953E+00    0.214158251029143572E+10    0.336955987662826607E+06   -0.152823453283063628E+03
    0.597470461248481577E+00    0.768920769580053953E+00    0.214158251029143572E+10    0.336955987662826607E+06   -0.152823453283063628E+03
    0.623065786524363285E+00    0.748686203612347612E+00    0.212008216073044777E+10    0.330115726288656238E+06   -0.152808638664109992E+03
    0.623065786524363285E+00    0.748686203612347612E+00    0.212008216073044777E+10    0.330115726288656238E+06   -0.152808638664109992E+03
    0.598255356612381939E+00    0.795630070358704256E+00    0.215003771240736103E+10    0.340364701481422875E+06   -0.152806980113152520E+03
    0.564346285264072267E+00    0.744974560265329711E+00    0.214040624758694053E+10    0.349095586109241471E+06   -0.152795077095131575E+03
    0.623235160364217000E+00    0.747855032786124418E+00    0.210224334338628149E+10    0.334152681368653430E+06   -0.152790996611303058E+03
    0.623235160364217000E+00    0.747855032786124418E+00    0.210224334338628149E+10    0.334152681368653430E+06   -0.152790996611303058E+03
    0.583284551815210994E+00    0.756102098491812313E+00    0.214946494264086819E+10    0.325967300345033233E+06   -0.152770840532257552E+03
    0.583284551815210994E+00    0.756102098491812313E+00    0.214946494264086819E+10    0.325967300345033233E+06   -0.152770840532257552E+03
    0.575055005115725937E+00    0.750235096044401306E+00    0.213686938583309317E+10    0.329681312659176008E+06   -0.152767668139941350E+03
    0.533555983743994822E+00    0.782484591055363055E+00    0.216751236091528177E+10    0.345120886189096607E+06   -0.152764350282136576E+03
    0.561464871129851439E+00    0.806707237012757261E+00    0.217813751165852737E+10    0.346934143723129877E+06   -0.152753631140235086E+03
    0.529904044868223068E+00    0.769216512440403122E+00    0.215963106380708504E+10    0.348782181086791796E+06   -0.152743027626107107E+03
    0.614111572852081400E+00    0.786922667822991251E+00    0.214682495482395291E+10    0.327130571540579374E+06   -0.152723126367400425E+03
    0.614111572852081400E+00    0.786922667822991251E+00    0.214682495482395291E+10    0.327130571540579374E+06   -0.152723126367400425E+03
    0.599816801044258052E+00    0.735445635662484776E+00    0.212943907218810678E+10    0.328865943797526474E+06   -0.152718519155247122E+03
    0.586040711923999202E+00    0.761825569298832939E+00    0.215033458656666565E+10    0.330492614381307911E+06   -0.152708084391568207E+03
    0.586040711923999202E+00    0.761825569298832939E+00    0.215033458656666565E+10    0.330492614381307911E+06   -0.152708084391568207E+03
    0.556756284560835812E+00    0.770574255872425784E+00    0.214128520860113049E+10    0.349501080922062276E+06   -0.152695271731459854E+03
    0.609433066135475987E+00    0.701226664022166268E+00    0.213479505802133775E+10    0.336421421795058530E+06   -0.152688970113624578E+03
    0.575668272072058174E+00    0.754184010110025671E+00    0.212635103170148849E+10    0.327988288260620611E+06   -0.152685564173612192E+03
    0.566424245084555911E+00    0.769295063224898712E+00    0.215839514490583611E+10    0.337902430809465528E+06   -0.152665033605646101E+03
    0.566424245084555911E+00    0.769295063224898712E+00    0.215839514490583611E+10    0.337902430809465528E+06   -0.152665033605646101E+03
    0.617118931418757732E+00    0.761973602346380119E+00    0.211061843094383812E+10    0.335984767565389280E+06   -0.152660303617399506E+03
    0.617118931418757732E+00    0.761973602346380119E+00    0.211061843094383812E+10    0.335984767565389280E+06   -0.152660303617399506E+03
    0.618935007305077778E+00    0.727467749878512038E+00    0.211608107298395777E+10    0.338673401022846345E+06   -0.152659820079282525E+03
    0.628866944953908713E+00    0.744752965630954389E+00    0.212665410839104772E+10    0.330985908174234326E+06   -0.152656308123081857E+03
    0.576686310518312983E+00    0.748122879657625806E+00    0.220216043991689253E+10    0.347587568688458705E+06   -0.152645105770874238E+03
    0.559604021672796326E+00    0.764772229508159818E+00    0.218920273020788813E+10    0.339643645186273963E+06   -0.152632756391921362E+03
    0.544302973536977874E+00    0.771933751743556940E+00    0.217486875975464535E+10    0.348651784112345893E+06   -0.152631982438998904E+03
    0.607750129775724401E+00    0.812494901779175382E+00    0.215849098995337009E+10    0.340267864930045442E+06   -0.152630717720341750E+03
    0.591170107214554208E+00    0.769646211590040430E+00    0.215086979548314619E+10    0.334234376541282400E+06   -0.152630090825781991E+03
    0.541239684108852481E+00    0.766429133069713053E+00    0.218148170800384092E+10    0.343357093940094695E+06   -0.152622478434635241E+03
    0.541239684108852481E+00    0.766429133069713053E+00    0.218148170800384092E+10    0.343357093940094695E+06   -0.152622478434635241E+03
    0.584215626829136747E+00    0.732045914094444861E+00    0.216702209948976660E+10    0.348315729097385949E+06   -0.152616947461284099E+03
    0.584215626829136747E+00    0.732045914094444861E+00    0.216702209948976660E+10    0.348315729097385949E+06   -0.152616947461284099E+03
    0.619862144459022768E+00    0.720219277172327477E+00    0.212671611926117253E+10    0.335167868924833834E+06   -0.152598103620127517E+03
    0.618117995991096958E+00    0.765202808666801015E+00    0.211968693672105670E+10    0.331213047578478232E+06   -0.152597851340911120E+03
    0.611397413815901736E+00    0.760402217247498680E+00    0.212019291362696195E+10    0.329233119787366188E+06   -0.152594132925284384E+03
    0.575169376096169027E+00    0.747885441474289703E+00    0.211944647087229252E+10    0.330220967874433671E+06   -0.152591657696015602E+03
    0.575169376096169027E+00    0.747885441474289703E+00    0.211944647087229252E+10    0.330220967874433671E+06   -0.152591657696015602E+03
    0.598196680088939337E+00    0.761566063429778506E+00    0.214912567367881966E+10    0.348332065402928740E+06   -0.152581161736700295E+03
    0.561631189340937809E+00    0.767757878839478103E+00    0.218510157713989258E+10    0.332820202399660135E+06   -0.152564113248780188E+03
    0.615658637857485203E+00    0.730832000643781843E+00    0.212414888972098684E+10    0.336923098474849132E+06   -0.152563067623356261E+03
    0.615658637857485203E+00    0.730832000643781843E+00    0.212414888972098684E+10    0.336923098474849132E+06   -0.152563067623356261E+03
    0.592638423707141149E+00    0.757877339470937716E+00    0.215422441131727600E+10    0.351829846411228529E+06   -0.152553549189344096E+03
    0.620400731403550232E+00    0.746060103078581172E+00    0.213663885318745804E+10    0.336349732767800160E+06   -0.152552074248833662E+03
    0.629479530629724504E+00    0.765812677408350240E+00    0.211938794643768859E+10    0.335667136643211299E+06   -0.152547090168576858E+03
    0.599362561710389596E+00    0.758231751707776791E+00    0.216708771804690504E+10    0.328250117285931250E+06   -0.152537380399574317E+03
    0.554201087811799997E+00    0.780895457720769848E+00    0.213981720235239410E+10    0.328665454752350401E+06   -0.152529832446258411E+03
    0.554201087811799997E+00    0.780895457720769848E+00    0.213981720235239410E+10    0.328665454752350401E+06   -0.152529832446258411E+03
    0.596852851379363170E+00    0.769522683867668977E+00    0.214905106789891148E+10    0.337317703267770237E+06   -0.152517021653192074E+03
    0.622127421750960474E+00    0.731832188128507699E+00    0.210894048098430872E+10    0.340033297948542633E+06   -0.152515766142429698E+03
    0.603951162089145677E+00    0.754714702720760577E+00    0.216636928265683079E+10    0.319574023543822928E+06   -0.152506569551300061E+03
    0.618427671993588057E+00    0.717199604337675378E+00    0.212375729432007766E+10    0.333364472000274924E+06   -0.152489372674556648E+03
    0.618427671993588057E+00    0.717199604337675378E+00    0.212375729432007766E+10    0.333364472000274924E+06   -0.152489372674556648E+03
    0.619029227713849051E+00    0.734468385142940772E+00    0.211689684993674111E+10    0.325054402079378022E+06   -0.152489308263405547E+03
    0.598041274183509608E+00    0.727468757435467683E+00    0.213653998213451767E+10    0.336631771994483250E+06   -0.152472662259020780E+03
    0.615085315366873275E+00    0.732484566973098161E+00    0.213132224520120287E+10    0.331998004693980911E+06   -0.152470440350050836E+03
    0.615085315366873275E+00    0.732484566973098161E+00    0.213132224520120287E+10    0.331998004693980911E+06   -0.152470440350050836E+03
    0.589356873751739285E+00    0.783393678910096813E+00    0.216107163678866339E+10    0.330234348794618272E+06   -0.152467358771957663E+03
    0.627887558679321556E+00    0.733341723029309556E+00    0.211508060463287568E+10    0.344558607552535366E+06   -0.152463979729893822E+03
    0.549168985700807188E+00    0.770810683513610151E+00    0.216196126109287214E+10    0.338129437801818945E+06   -0.152461910146163461E+03
    0.616343165450402020E+00    0.767235441711322963E+00    0.210839257032491422E+10    0.335595384877007629E+06   -0.152458625301582117E+03
    0.605204785590445660E+00    0.728496044470631432E+00    0.214417798727908254E+10    0.327586299051031179E+06   -0.152448293927958218E+03
    0.599104167859975334E+00    0.758304051040024518E+00    0.212515260702586651E+10    0.334395704108075879E+06   -0.152436743305761809E+03
    0.608596656767405486E+00    0.750538281524762763E+00    0.212665741845297194E+10    0.332039496565266280E+06   -0.152419782998111998E+03
    0.620193131991758628E+00    0.799715176542375783E+00    0.215171665057008314E+10    0.335098141334567277E+06   -0.152410802606704294E+03
    0.560833882582368659E+00    0.716076999867279795E+00    0.218131224693538189E+10    0.350695365415341395E+06   -0.152404775976359730E+03
    0.609151927029436435E+00    0.740255021426006632E+00    0.212873087471926284E+10    0.338502752985079249E+06   -0.152402692921500034E+03
    0.619527212378741199E+00    0.800407979889766974E+00    0.215119709017834234E+10    0.334476204977403511E+06   -0.152400287850193706E+03
    0.605169470690363309E+00    0.754373545371701315E+00    0.213252170030113983E+10    0.336432527391003445E+06   -0.152398686219496653E+03
    0.605169470690363309E+00    0.754373545371701315E+00    0.213252170030113983E+10    0.336432527391003445E+06   -0.152398686219496653E+03
    0.621777514120686270E+00    0.746338947947388753E+00    0.214272107960833526E+10    0.339764618270469597E+06   -0.152388127208302222E+03
    0.632171388821973546E+00    0.751194598413274850E+00    0.211526012111360931E+10    0.330750846367150662E+06   -0.152370455778617384E+03
    0.594874264729187585E+00    0.761125295027469395E+00    0.214842884599083328E+10    0.336393424637585529E+06   -0.152370212677055747E+03
    0.618677156551883600E+00    0.748184014566878108E+00    0.209862914801814818E+10    0.334158173726323061E+06   -0.152368590934699910E+03
    0.595943285921655241E+00    0.761393450645111436E+00    0.213974597903011656E+10    0.348999086101429828E+06   -0.152360672058341777E+03
    0.619190286585895255E+00    0.737524069056094689E+00    0.212014456647439194E+10    0.341084100462130271E+06   -0.152357742262960301E+03
    0.614186498410250969E+00    0.743949815231762734E+00    0.211988184634648156E+10    0.337568101329492754E+06   -0.152351182903092706E+03
    0.582747089516449268E+00    0.786297021811891206E+00    0.215535575574219608E+10    0.335001585408622574E+06   -0.152344464751941643E+03
    0.600541554511317632E+00    0.725683522901842792E+00    0.214494842572065639E+10    0.328687073452411336E+06   -0.152329677397209764E+03
    0.600541554511317632E+00    0.725683522901842792E+00    0.214494842572065639E+10    0.328687073452411336E+06   -0.152329677397209764E+03
    0.622519009623110020E+00    0.759907440705754222E+00    0.213092896913885260E+10    0.334096161206342105E+06   -0.152328222091151048E+03
    0.595310933979304457E+00    0.744107115355206350E+00    0.214310873834822989E+10    0.328799804382777133E+06   -0.152314413031006637E+03
    0.607078600483753950E+00    0.730847966705409746E+00    0.212876123872811747E+10    0.330041468284771370E+06   -0.152312854807760289E+03
    0.635203100656130060E+00    0.747677371119328971E+00    0.210351042946533895E+10    0.333506268154985388E+06   -0.152309369202302378E+03
    0.635203100656130060E+00    0.747677371119328971E+00    0.210351042946533895E+10    0.333506268154985388E+06   -0.152309369202302378E+03
    0.613486602448897855E+00    0.727824554589017847E+00    0.214108121396806526E+10    0.331326403305647196E+06   -0.152307227458877435E+03
    0.599737745506213615E+00    0.754166735939548083E+00    0.215420024001886415E+10    0.347296450402911229E+06   -0.152305505346169610E+03
    0.588189363503755280E+00    0.788446510370557352E+00    0.214929839160445499E+10    0.336359551361693768E+06   -0.152292284318207663E+03
    0.611927556337839351E+00    0.766740774052153018E+00    0.212876728858854532E+10    0.333229344863612670E+06   -0.152290073104366428E+03
    0.611313292942187947E+00    0.752244645983075610E+00    0.213000463696282363E+10    0.325604666208659648E+06   -0.152280931921610431E+03
    0.619686352395067308E+00    0.727297158353471751E+00    0.210698268887150216E+10    0.342041242514891434E+06   -0.152272372910421581E+03
    0.616724975209333226E+00    0.728070648781758756E+00    0.213162199642866278E+10    0.340358585476229375E+06   -0.152271262005155052E+03
    0.599762562506876540E+00    0.749098158528419322E+00    0.212996376760438323E+10    0.339595794457748882E+06   -0.152271150414691562E+03
    0.563600713296493083E+00    0.712020442587391056E+00    0.218000913364611864E+10    0.349695905672689783E+06   -0.152268570449535844E+03
    0.594808798232111191E+00    0.756152961592239770E+00    0.215572925439157438E+10    0.349722056912343309E+06   -0.152263925658340497E+03
    0.641653481910439361E+00    0.744475669702214571E+00    0.208997025636599445E+10    0.331096521987652464E+06   -0.152262839604427427E+03
    0.618771362602634101E+00    0.741471467457775812E+00    0.210635188178018284E+10    0.333931443821927125E+06   -0.152260554876614123E+03
    0.555450867278291738E+00    0.777163805382823369E+00    0.216068093456948519E+10    0.341598802628320700E+06   -0.152258739475240418E+03
    0.631008017684896894E+00    0.749381014773983001E+00    0.210444382526668978E+10    0.339517580654836027E+06   -0.152258509458055045E+03
    0.582474602256574103E+00    0.755732747193989418E+00    0.215492146629384613E+10    0.346480975639527431E+06   -0.152252966714301607E+03
    0.610585171250592418E+00    0.775898727363202312E+00    0.213937983373655796E+10    0.337298092549700174E+06   -0.152249510081480537E+03
    0.563331516446997194E+00    0.731654887714912050E+00    0.217937137322752380E+10    0.341781973831790499E+06   -0.152246980471135942E+03
    0.552228877975131982E+00    0.786563437966475654E+00    0.216002059958273745E+10    0.346608194751636067E+06   -0.152230297860943750E+03
    0.622471659531177002E+00    0.726662984566199821E+00    0.212642696557626534E+10    0.336929933715252380E+06   -0.152229885733884544E+03
    0.570918072245397701E+00    0.781614535640150265E+00    0.219068884774360466E+10    0.329495050956675375E+06   -0.152225447247836200E+03
    0.606279979415852877E+00    0.805901554642312501E+00    0.215719081502395487E+10    0.335699999107915675E+06   -0.152221147021259725E+03
    0.603263631824346724E+00    0.762304215335245505E+00    0.213289503142588902E+10    0.337711460540776083E+06   -0.152211425916135482E+03
    0.574062515952385888E+00    0.789505191021756758E+00    0.216429574728679037E+10    0.331093737114151707E+06   -0.152202435564358495E+03
    0.606438321060303598E+00    0.759046419129351779E+00    0.212659335179112935E+10    0.331624086426881608E+06   -0.152202397873112034E+03
    0.558771586895692951E+00    0.781641630854951863E+00    0.218057606756759214E+10    0.333515607101004687E+06   -0.152200915761966968E+03
    0.610010497348912106E+00    0.768993781900805917E+00    0.213521534400094748E+10    0.326905996810529730E+06   -0.152196180991255233E+03
    0.608614745593894724E+00    0.791580560487891383E+00    0.214806708648714733E+10    0.328015038649009250E+06   -0.152183707337188082E+03
    0.622620110151773321E+00    0.736338644379991081E+00    0.213818490223455977E+10    0.341705369680223521E+06   -0.152176599627011115E+03
    0.615512602050661828E+00    0.759076924383565554E+00    0.212106932618813515E+10    0.332258202554880059E+06   -0.152165832349492888E+03
    0.608319422387173847E+00    0.740458630637550019E+00    0.212720075255177546E+10    0.338305777198365307E+06   -0.152163149128342980E+03
    0.630747670673352245E+00    0.752547835607259241E+00    0.211104040175322390E+10    0.333323134687499318E+06   -0.152154553190102547E+03
    0.545510755980751605E+00    0.770703238488280373E+00    0.216757422056748343E+10    0.343703658742204134E+06   -0.152145664925868175E+03
    0.625002243520572098E+00    0.732516768410732322E+00    0.214449382743359327E+10    0.335060471760765358E+06   -0.152141560248434160E+03
    0.536380511963317486E+00    0.766873629177411420E+00    0.217056370773547411E+10    0.341086268903891207E+06   -0.152140993826533503E+03
    0.620706187940298748E+00    0.742687496495612276E+00    0.213328537672925425E+10    0.339691247498932702E+06   -0.152132324742502846E+03
    0.575106478902471130E+00    0.786924110617043038E+00    0.216109120238498020E+10    0.341905123676145216E+06   -0.152128028345356711E+03
    0.616533261333853888E+00    0.710526202951573094E+00    0.211965968828632832E+10    0.330976830019190966E+06   -0.152112648761990187E+03
    0.561942844130016272E+00    0.733097382911048534E+00    0.217009369246199036E+10    0.337348994080869597E+06   -0.152108628534209458E+03
    0.615081247515705476E+00    0.740283482734171105E+00    0.212890094164974093E+10    0.339944803026397654E+06   -0.152107876678887465E+03
    0.608215206201310976E+00    0.812580605975170123E+00    0.216251858691349077E+10    0.324522244083519210E+06   -0.152107238524941295E+03
    0.619269805696198716E+00    0.736408840249056507E+00    0.212682263057431436E+10    0.322806947884610971E+06   -0.152105273363760205E+03
    0.619754310762580030E+00    0.746193772455905346E+00    0.211272208746798801E+10    0.326499937542616448E+06   -0.152101588851486270E+03
    0.562955964289437505E+00    0.752219462013745677E+00    0.218138933918675804E+10    0.341829888662445068E+06   -0.152097615917501969E+03
    0.600591742237915671E+00    0.783378386398827953E+00    0.215597440125964022E+10    0.334848364624747890E+06   -0.152096804124062544E+03
    0.614219123146498625E+00    0.766115804845560522E+00    0.212633085579845572E+10    0.330570032589714974E+06   -0.152094767113589455E+03
    0.611925494703350337E+00    0.772746095919714548E+00    0.213253096332335734E+10    0.335341991205397004E+06   -0.152085449777290506E+03
    0.606755333795562790E+00    0.750843330061991221E+00    0.212583907625002885E+10    0.334687526270793285E+06   -0.152078428157929352E+03
    0.576340528684136988E+00    0.713881149297462159E+00    0.218547293837562180E+10    0.343047826315007580E+06   -0.152078333581319441E+03
    0.622677408575981639E+00    0.743862506211426577E+00    0.214243264982963181E+10    0.343286846135117928E+06   -0.152067610635340429E+03
    0.555054159207022169E+00    0.774789024135305926E+00    0.217624375187342834E+10    0.336742085961598670E+06   -0.152061468964273416E+03
    0.616813409920087818E+00    0.757598183085264054E+00    0.212399842134857988E+10    0.325791310958231974E+06   -0.152060852878631266E+03
    0.626426458425027310E+00    0.756660172392875197E+00    0.212247661797229600E+10    0.328317188717448735E+06   -0.152058876900375566E+03
    0.607122857718480735E+00    0.769667624784889703E+00    0.214850826347745132E+10    0.342376640276096296E+06   -0.152053837433466981E+03
    0.616923000566805269E+00    0.723346075600674432E+00    0.213679297272019458E+10    0.335615471970571612E+06   -0.152043913850935439E+03
    0.587916309353513689E+00    0.755291503768455996E+00    0.214832081615775681E+10    0.350472035724571324E+06   -0.152043589038053994E+03
    0.623148066072691131E+00    0.755395663916308191E+00    0.211849069796001744E+10    0.327613822212388332E+06   -0.152039195149565501E+03
    0.627466203043312576E+00    0.722953623790884237E+00    0.211842531673130035E+10    0.324276714421185490E+06   -0.152028884063894282E+03
    0.617978099287242677E+00    0.719177439847393352E+00    0.213150650735097575E+10    0.337171611799147155E+06   -0.152019473235032820E+03
    0.627166948209005093E+00    0.782949298314347786E+00    0.212859305059280157E+10    0.324193498113066715E+06   -0.152000686260802041E+03
    0.599755157974929620E+00    0.742995884327406042E+00    0.212679077591772985E+10    0.337039383074087731E+06   -0.151997451938606162E+03
    0.606029680523183290E+00    0.784097134577077526E+00    0.214474961640891933E+10    0.330361403197271749E+06   -0.151994173782064109E+03
    0.569759393094872446E+00    0.744539329503511205E+00    0.217271890350422716E+10    0.338301377866289928E+06   -0.151990795847514619E+03
    0.603659472753374282E+00    0.791489124755988982E+00    0.213546859940999532E+10    0.338759839250051184E+06   -0.151987931002324387E+03
    0.606366305606513833E+00    0.774156127511581804E+00    0.213531237997641444E+10    0.339664706681974232E+06   -0.151984760383998037E+03
    0.616897427372081086E+00    0.724989860493837845E+00    0.213368267585269284E+10    0.337278276478318963E+06   -0.151984295127485780E+03
    0.626119820719910902E+00    0.778490654958755357E+00    0.212650190568920422E+10    0.326395939881992585E+06   -0.151980341812275100E+03
    0.606204968930958432E+00    0.779947975827755879E+00    0.213239206665125871E+10    0.336725623205835407E+06   -0.151968440866411186E+03
    0.584746894842811171E+00    0.754989575948795455E+00    0.213362636525161123E+10    0.333451461178135767E+06   -0.151963654376362285E+03
    0.610020124162871769E+00    0.770732917192681555E+00    0.214498947298719573E+10    0.337060609572882357E+06   -0.151960409763463304E+03
    0.616531773201793643E+00    0.749626953680015973E+00    0.211810518704623032E+10    0.325242693894317898E+06   -0.151958018129539170E+03
    0.611237782688379028E+00    0.791340635407739690E+00    0.214144723873501253E+10    0.336084615098580369E+06   -0.151956196696285929E+03
    0.602335423000940229E+00    0.771883659334936745E+00    0.214136995608865571E+10    0.336381302943267394E+06   -0.151930611010066912E+03
    0.592823705746568952E+00    0.726865563132436776E+00    0.213774126816474223E+10    0.326118375414891110E+06   -0.151921901871743671E+03
    0.597662004580256201E+00    0.787283202999008669E+00    0.213278418597981715E+10    0.337260357019118906E+06   -0.151920535057628825E+03
    0.595437650404037178E+00    0.764059485050294640E+00    0.214371805872951055E+10    0.332309367223457200E+06   -0.151905162925419063E+03
    0.591712899218742261E+00    0.754257370150817508E+00    0.212877888120431066E+10    0.333155914916887879E+06   -0.151902147155614045E+03
    0.551642585018877529E+00    0.761645842972243248E+00    0.218925480016179276E+10    0.329350656632538361E+06   -0.151900940940470605E+03
    0.600455051298272480E+00    0.762984585818618832E+00    0.212690178678797793E+10    0.334943649522298714E+06   -0.151899643932278138E+03
    0.600054205064767476E+00    0.758447088353604304E+00    0.215400366581594849E+10    0.343182827280472091E+06   -0.151893391905728151E+03
    0.584875796313969021E+00    0.759461623330381475E+00    0.214589368685919809E+10    0.340686777144770196E+06   -0.151892632767844589E+03
    0.622877087179095956E+00    0.727706802521373319E+00    0.213106815728045034E+10    0.337090991951204545E+06   -0.151890271194611103E+03
    0.599329059659965524E+00    0.762367776346152493E+00    0.214556017026315022E+10    0.332460393525889609E+06   -0.151864275207293474E+03
    0.602242911643398382E+00    0.791526760901631210E+00    0.214483340568129086E+10    0.338628261844345019E+06   -0.151856873466418847E+03
    0.608622232433441601E+00    0.753757143133455099E+00    0.213605807460474753E+10    0.337311365607859276E+06   -0.151843881312550934E+03
    0.620199868085839601E+00    0.719922557752649350E+00    0.212964257287118316E+10    0.339913431768783776E+06   -0.151839962738585029E+03
    0.608602052579413466E+00    0.730064390313189371E+00    0.212916377108811355E+10    0.337313704482108238E+06   -0.151839007005376573E+03
    0.595723946674880600E+00    0.748326545823048139E+00    0.213412669050081587E+10    0.332345314861888881E+06   -0.151298732995965850E+03
    0.591975499041353603E+00    0.757951461738936683E+00    0.214816435297075367E+10    0.338359626694928564E+06   -0.151105563451607281E+03
    0.597675262921191774E+00    0.768790462056023305E+00    0.215375990514543819E+10    0.337633922484149982E+06   -0.151007451649714426E+03
    0.597675262921191774E+00    0.768790462056023305E+00    0.215375990514543819E+10    0.337633922484149982E+06   -0.151007451649714426E+03
    0.628270073499104909E+00    0.728333299321481498E+00    0.213699364833082128E+10    0.324366389362297312E+06   -0.151620580907675105E+03
    0.622562723667938411E+00    0.757662600677905029E+00    0.212858489377806759E+10    0.328924561016599357E+06   -0.151442427663720480E+03
    0.624090849621948607E+00    0.747966259743588324E+00    0.213030719886345100E+10    0.330850816844532266E+06   -0.151545837846938610E+03
    0.614532660383708129E+00    0.760840716488031088E+00    0.212098957624288583E+10    0.326393602893667005E+06   -0.151257022194101978E+03
    0.620346525262270854E+00    0.747191035099025846E+00    0.211168757991594529E+10    0.343567054523443570E+06   -0.151524589496760029E+03
    0.623099127341042114E+00    0.731596106888146913E+00    0.213005413298768044E+10    0.335119472963000124E+06   -0.151803047136766992E+03
    0.614215198934055739E+00    0.733246834380333556E+00    0.213647655743351102E+10    0.333799002998145006E+06   -0.151349164704241161E+03
    0.603661617215879409E+00    0.722699698998065632E+00    0.213445623259990382E+10    0.339490972734387033E+06   -0.151596520893886009E+03
    0.611581550449072586E+00    0.716608650414165993E+00    0.213081793614811897E+10    0.334743498673965514E+06   -0.151414931351836628E+03
    0.610273019035022846E+00    0.704205070341145323E+00    0.214041193514879179E+10    0.336225696034771623E+06   -0.151298991918807246E+03
    0.617888348850734181E+00    0.717739143579171124E+00    0.213161680848079586E+10    0.337890053088554705E+06   -0.151726989330673831E+03
    0.600220953654926892E+00    0.723194054904815253E+00    0.213240618763667226E+10    0.336735266371709004E+06   -0.151367162213852652E+03
    0.600220953654926892E+00    0.723194054904815253E+00    0.213240618763667226E+10    0.336735266371709004E+06   -0.151367162213852652E+03
    0.602566397322179981E+00    0.702997828801682711E+00    0.213303858751746249E+10    0.336604274655419693E+06   -0.151070316425386522E+03
    0.602566397322179981E+00    0.702997828801682711E+00    0.213303858751746249E+10    0.336604274655419693E+06   -0.151070316425386522E+03
    0.613719309646133859E+00    0.732065102297748460E+00    0.212419921782916451E+10    0.338656832301373535E+06   -0.151812447349866090E+03
    0.606338676533115573E+00    0.721361892348118428E+00    0.213541866952938700E+10    0.340048115139895002E+06   -0.151040188795707422E+03
    0.610415250365930917E+00    0.738545528389629169E+00    0.213110442430760098E+10    0.337518964015588514E+06   -0.151177450877013769E+03
    0.600577366435346982E+00    0.714262224545855862E+00    0.212585869594239807E+10    0.337506837510014768E+06   -0.150972618775587563E+03
    0.600577366435346982E+00    0.714262224545855862E+00    0.212585869594239807E+10    0.337506837510014768E+06   -0.150972618775587563E+03
    0.616034324705514447E+00    0.753444379706041722E+00    0.213339686332186460E+10    0.336013745208019041E+06   -0.151301956526367775E+03
    0.597402957386330424E+00    0.743498949770918571E+00    0.212853091537404943E+10    0.335699205498186406E+06   -0.151823441381124894E+03
    0.607516382659947229E+00    0.724593190290752087E+00    0.213324275795567536E+10    0.333822263291118492E+06   -0.150859141737591870E+03
    0.607516382659947229E+00    0.724593190290752087E+00    0.213324275795567536E+10    0.333822263291118492E+06   -0.150859141737591870E+03
    0.603969474961993269E+00    0.742062171283361049E+00    0.213347715793099308E+10    0.335477505563470593E+06   -0.151305221014757365E+03
    0.593915917424674089E+00    0.713272068917607083E+00    0.213378320478533316E+10    0.337235400612867612E+06   -0.151164466674632877E+03
    0.593915917424674089E+00    0.713272068917607083E+00    0.213378320478533316E+10    0.337235400612867612E+06   -0.151164466674632877E+03
    0.598420285984681111E+00    0.725871992362694396E+00    0.213348568975103235E+10    0.335495688639544533E+06   -0.151416705877902416E+03
    0.598420285984681111E+00    0.725871992362694396E+00    0.213348568975103235E+10    0.335495688639544533E+06   -0.151416705877902416E+03
    0.615286981112559639E+00    0.715533353986138376E+00    0.213799497914909458E+10    0.338743298961043474E+06   -0.151155284924564342E+03
    0.615286981112559639E+00    0.715533353986138376E+00    0.213799497914909458E+10    0.338743298961043474E+06   -0.151155284924564342E+03
    0.617964587678879629E+00    0.779896291505879358E+00    0.214357083213216710E+10    0.333608692595143511E+06   -0.151816291262710791E+03
    0.612825256198136770E+00    0.793370084656404462E+00    0.214228278015340424E+10    0.332623288451459259E+06   -0.151737175852726097E+03
    0.616514771812097684E+00    0.805382609231377611E+00    0.214269738153680491E+10    0.340501032776075532E+06   -0.151025388362848446E+03
    0.623226069236615832E+00    0.794980606985358662E+00    0.213705512842163420E+10    0.334649907956193550E+06   -0.151342960362121232E+03
    0.594194896871529155E+00    0.776769412243751400E+00    0.214554744891297245E+10    0.333443250820133428E+06   -0.151463274244620123E+03
    0.598411271676296264E+00    0.773594325296738106E+00    0.214637112525833845E+10    0.334446520273107977E+06   -0.150810361162900847E+03
    0.598411271676296264E+00    0.773594325296738106E+00    0.214637112525833845E+10    0.334446520273107977E+06   -0.150810361162900847E+03
    0.605807106543622798E+00    0.774470525160517731E+00    0.213815963965262437E+10    0.334799930941507220E+06   -0.151083750532891486E+03
    0.596515889095260654E+00    0.775029992973382154E+00    0.214688751613621306E+10    0.333653219803062559E+06   -0.151727600648943962E+03
    0.604052427536667991E+00    0.799366678946491493E+00    0.214509315721982765E+10    0.337328518174626224E+06   -0.151692679324241595E+03
    0.603035856216809996E+00    0.759105407846688340E+00    0.213865924535282445E+10    0.334420656540105527E+06   -0.151615742906086183E+03
    0.594984548967282145E+00    0.789433910548622553E+00    0.215095081915351534E+10    0.337508856563647510E+06   -0.151480045917593941E+03
    0.603239503490748175E+00    0.781363154462229925E+00    0.214433588658216524E+10    0.337224670982046577E+06   -0.151284770598902043E+03
    0.588644470261051822E+00    0.754165272212230953E+00    0.214729508817449141E+10    0.341475876951312646E+06   -0.151211826260020928E+03
    0.588644470261051822E+00    0.754165272212230953E+00    0.214729508817449141E+10    0.341475876951312646E+06   -0.151211826260020928E+03
    0.587922352265253800E+00    0.761560574641607424E+00    0.214345238531355715E+10    0.339609768456160207E+06   -0.151054105266216794E+03
    0.601068158741146608E+00    0.755684049135033398E+00    0.214099587539684415E+10    0.337499619491967547E+06   -0.151389902723264015E+03
    0.598348332053989518E+00    0.756971814932589915E+00    0.214540355986182141E+10    0.338979650223095610E+06   -0.151355477821922250E+03
    0.596923909155250065E+00    0.762702284501943772E+00    0.214113635742773914E+10    0.338473553448767459E+06   -0.151432995680403366E+03
    0.594612571436731963E+00    0.756730217350989776E+00    0.214809193123931551E+10    0.338764409289918141E+06   -0.151795448712873537E+03
    0.561844988593072303E+00    0.780202526769833593E+00    0.215373256738210106E+10    0.342578950368226564E+06   -0.151308303487788180E+03
    0.564154042779787757E+00    0.763088132280155929E+00    0.214412299199291468E+10    0.338227330802226264E+06   -0.151782672706752891E+03
    0.585084493266643468E+00    0.752554751113636122E+00    0.213944361077790403E+10    0.337850473772717814E+06   -0.151001373601800424E+03
    0.585084493266643468E+00    0.752554751113636122E+00    0.213944361077790403E+10    0.337850473772717814E+06   -0.151001373601800424E+03
    0.587520790684524563E+00    0.756145322616074367E+00    0.214708569311881995E+10    0.340907617679158924E+06   -0.151266649904219150E+03
    0.581883938962566516E+00    0.756492782144646547E+00    0.214087347404040861E+10    0.335925477035599062E+06   -0.151740110180710928E+03
    0.589233909622634888E+00    0.757170362964601829E+00    0.213725041275177979E+10    0.336485049582168460E+06   -0.151428496854963697E+03
    0.600615310194122620E+00    0.753458347944602203E+00    0.213614013589362717E+10    0.335468373731774511E+06   -0.150914769403699552E+03
    0.581819139008512454E+00    0.752540296301813960E+00    0.212669105677409458E+10    0.335370928582512483E+06   -0.151549580965842352E+03
    0.603743889978617054E+00    0.752755482618602478E+00    0.212886302606305361E+10    0.337390133994181233E+06   -0.151129111290549929E+03
    0.603743889978617054E+00    0.752755482618602478E+00    0.212886302606305361E+10    0.337390133994181233E+06   -0.151129111290549929E+03
    0.592725247776000996E+00    0.766705615260485196E+00    0.213794490315972209E+10    0.337174357245313877E+06   -0.151585491162980674E+03
    0.614501488385837846E+00    0.766035160730905496E+00    0.212972801983439946E+10    0.338087220965030370E+06   -0.151544011525876556E+03
    0.588943933763685812E+00    0.761090033124418142E+00    0.212902495002921081E+10    0.335715939600283280E+06   -0.151438127431019268E+03
    0.580274544820614580E+00    0.759167652259662873E+00    0.213805903322685337E+10    0.335544590361074195E+06   -0.151719068347457807E+03
    0.595277053231247355E+00    0.752809315425009729E+00    0.215883121136969805E+10    0.344230596964977740E+06   -0.151409467089592169E+03
    0.599562136481965657E+00    0.772737481547409288E+00    0.214675186798306990E+10    0.346923589168690261E+06   -0.151628728806425215E+03
    0.622101698318351493E+00    0.751752992046685442E+00    0.213613239049562979E+10    0.344817522159656859E+06   -0.151415316071762788E+03
    0.611492680306094161E+00    0.765069952137628295E+00    0.212440061449584961E+10    0.340894890240841021E+06   -0.151355027448261609E+03
    0.591810705670732906E+00    0.759793148215369030E+00    0.216210662244383812E+10    0.345148292252652231E+06   -0.151382550164597035E+03
    0.586040864733726519E+00    0.782197105177877550E+00    0.216521255646486425E+10    0.334226686760161014E+06   -0.151569543730436919E+03
    0.580256422623898982E+00    0.789171850751059445E+00    0.215152643229749393E+10    0.335182163638992351E+06   -0.151230185581184287E+03
    0.580256422623898982E+00    0.789171850751059445E+00    0.215152643229749393E+10    0.335182163638992351E+06   -0.151230185581184287E+03
    0.588188738277855006E+00    0.798355830360653052E+00    0.215646431236776209E+10    0.336764792775393289E+06   -0.151442208463971895E+03
    0.567561646291598221E+00    0.792452603453242865E+00    0.215571311719009018E+10    0.342856638855604571E+06   -0.151643294814839749E+03
    0.570510759378283661E+00    0.790949551288666175E+00    0.214843995815668392E+10    0.338885797476384381E+06   -0.151313956675801620E+03
    0.560016892223250462E+00    0.759139484710984469E+00    0.216663105959777689E+10    0.334259551042242441E+06   -0.151373075301589978E+03
    0.551104793027758610E+00    0.783269028399810274E+00    0.217575487818140173E+10    0.337218619619944773E+06   -0.151703413068693465E+03
    0.557413540622979320E+00    0.781287766690920371E+00    0.217736765425179863E+10    0.336872410801906895E+06   -0.151462573229669232E+03
    0.554716954816814156E+00    0.779654793263740320E+00    0.218089038257648754E+10    0.339110872453319666E+06   -0.150965694515444142E+03
    0.554716954816814156E+00    0.779654793263740320E+00    0.218089038257648754E+10    0.339110872453319666E+06   -0.150965694515444142E+03
    0.561518135808477648E+00    0.764662588741890303E+00    0.218450686831795692E+10    0.327826114777965762E+06   -0.151230810281404302E+03
    0.561518135808477648E+00    0.764662588741890303E+00    0.218450686831795692E+10    0.327826114777965762E+06   -0.151230810281404302E+03
    0.562599055995610553E+00    0.776577260103930023E+00    0.217733976752403641E+10    0.332470845340526430E+06   -0.151162741975925854E+03
    0.559001981172203011E+00    0.769303627063573359E+00    0.217840374684325695E+10    0.331569964728907275E+06   -0.151433491173864581E+03
    0.558013270488703528E+00    0.778607528439752450E+00    0.218413143739025068E+10    0.333256148976765457E+06   -0.151296092055360702E+03
    0.568053966877413052E+00    0.744401640841093393E+00    0.217152499172809076E+10    0.338243516351395869E+06   -0.151310806501075092E+03
    0.568976771724181374E+00    0.731091475257506396E+00    0.218620226126616955E+10    0.335301034806370677E+06   -0.150883069765740288E+03
    0.568976771724181374E+00    0.731091475257506396E+00    0.218620226126616955E+10    0.335301034806370677E+06   -0.150883069765740288E+03
    0.568607798932579400E+00    0.734626341997163923E+00    0.218000745972615862E+10    0.339316825793329685E+06   -0.151597465631659873E+03
    0.566273232096088819E+00    0.772816784004988655E+00    0.218417146083304167E+10    0.340554164371500025E+06   -0.151589900579078176E+03
    0.559076579978332933E+00    0.759393205649174785E+00    0.217663195279834986E+10    0.337352318010812334E+06   -0.151277680524649526E+03
    0.551563050881371697E+00    0.759777311836358216E+00    0.217903275547746086E+10    0.341132193470197963E+06   -0.151805038787237550E+03
    0.547250021670991349E+00    0.761074850544034121E+00    0.217616356928149462E+10    0.338536954810529249E+06   -0.150979978738959574E+03
    0.556750741566777729E+00    0.765415671593735691E+00    0.217960545544806862E+10    0.341905731834292121E+06   -0.151783625268907628E+03
    0.546769543009778980E+00    0.772536449027929617E+00    0.217869086580400801E+10    0.340686034806136857E+06   -0.151342514614669568E+03
