    0.115477256031351017E+01    0.778158829015392239E+00    0.153221960916214085E+10    0.297614528324536514E+06   -0.835811354586596877E+02
    0.101019079482412022E+01    0.794190800386146201E+00    0.154781730353148532E+10    0.363191203145364241E+06   -0.817616172297835107E+02
    0.102841248172108557E+01    0.847589814119037221E+00    0.156249954662593174E+10    0.338480357772559626E+06   -0.803419657563026846E+02
    0.113779418083764705E+01    0.732536922952188529E+00    0.155392135298689008E+10    0.314141214080355247E+06   -0.803067892311062792E+02
    0.942642701078100775E+00    0.713188233366248259E+00    0.161567169028706002E+10    0.345414944048466801E+06   -0.802916779106153200E+02
    0.114210553216549271E+01    0.756648111774539611E+00    0.153615396213488364E+10    0.314485576655615296E+06   -0.797809582628238587E+02
    0.111367652592112165E+01    0.804101437347996661E+00    0.150773832475340939E+10    0.351999453646108799E+06   -0.793892050448612991E+02
    0.953095599577734043E+00    0.850723087147076562E+00    0.158706797776266718E+10    0.363963906062944268E+06   -0.791420836459921588E+02
    0.962023973291697310E+00    0.816369258167207512E+00    0.158835999766720963E+10    0.373363593857516069E+06   -0.790518368657126160E+02
    0.108119119985678669E+01    0.822459330609386363E+00    0.156426151080373430E+10    0.319810273104759166E+06   -0.788743777437476297E+02
    0.116462886897723128E+01    0.832941125864692378E+00    0.150087202697813725E+10    0.340226306372906431E+06   -0.788149164364643866E+02
    0.106010431467663846E+01    0.825418551946990764E+00    0.156644727014282990E+10    0.321684175503971812E+06   -0.787679849011532269E+02
    0.100073517886304786E+01    0.747960035008962354E+00    0.157059718188635325E+10    0.375177789464008936E+06   -0.786063026052503773E+02
    0.107281421072193606E+01    0.777890944417473307E+00    0.152327465800725913E+10    0.349851437300575722E+06   -0.784715835098624268E+02
    0.108100786308098384E+01    0.836998568034997614E+00    0.156718976573201990E+10    0.322881652983773616E+06   -0.784348643954869544E+02
    0.108864894471207840E+01    0.817692688955419911E+00    0.155063061276979208E+10    0.346363078224189521E+06   -0.784212973988994122E+02
    0.108038115021424797E+01    0.836174697674643141E+00    0.156565922231943488E+10    0.332473197362973238E+06   -0.783706495933433729E+02
    0.105131276381525951E+01    0.804774499574296698E+00    0.157794419764979410E+10    0.325291253697834152E+06   -0.782813646012554756E+02
    0.967003715035670286E+00    0.766774169219687440E+00    0.160986088339370322E+10    0.348768370912094484E+06   -0.781830425377239919E+02
    0.103219336244830084E+01    0.810002795613990134E+00    0.155870117483466697E+10    0.337387356593149831E+06   -0.781576949792969344E+02
    0.108497839259951023E+01    0.815079728536699744E+00    0.152013962186214948E+10    0.344761632488851086E+06   -0.780946435951127569E+02
    0.102226296661539595E+01    0.809674169286804801E+00    0.155992238222300696E+10    0.346270142122445046E+06   -0.780507080344154929E+02
    0.100420710162216786E+01    0.828864005114153812E+00    0.155729713673157310E+10    0.341261798213929520E+06   -0.780216632405260810E+02
    0.108961963547762708E+01    0.831465003005794845E+00    0.152457554952636480E+10    0.336557962339916790E+06   -0.780089871752004740E+02
    0.104252085469359379E+01    0.756407132457300513E+00    0.155475446811790586E+10    0.334850823671893333E+06   -0.779737559631368811E+02
    0.110962031387860383E+01    0.732413043530970587E+00    0.154933695294707441E+10    0.327880385518115014E+06   -0.779471008651200066E+02
    0.103281514050968992E+01    0.833990776107914389E+00    0.156174002753981233E+10    0.370270111792741343E+06   -0.778637712104173545E+02
    0.932613567874094218E+00    0.853539348143734333E+00    0.160257107147501421E+10    0.362713165651803080E+06   -0.777918563279525443E+02
    0.103767808962142016E+01    0.815302663649412729E+00    0.154437058480859613E+10    0.334351887532200257E+06   -0.776527881427706461E+02
    0.108280146339358074E+01    0.810392740635301756E+00    0.154463568725155568E+10    0.319652202659793722E+06   -0.775704882829684550E+02
    0.111535253718471750E+01    0.844317108253987314E+00    0.153512582361258912E+10    0.321020634384744684E+06   -0.775484607237972909E+02
    0.981346722330965093E+00    0.781022250600391210E+00    0.157200658651377153E+10    0.347929004110964946E+06   -0.774960661145318710E+02
    0.976107898635303339E+00    0.841850524900664698E+00    0.158878318366150498E+10    0.350475323940187052E+06   -0.774864343264623301E+02
    0.109443007095498790E+01    0.812466543950217890E+00    0.153230740042939758E+10    0.338112090649162652E+06   -0.774415562844229157E+02
    0.105335934613402338E+01    0.813546254621415610E+00    0.153824744477249551E+10    0.332080700858186407E+06   -0.774349513830482863E+02
    0.111485198307992772E+01    0.814500783721263666E+00    0.151674824068502259E+10    0.342050130934015149E+06   -0.774324255203116820E+02
    0.106298158643293128E+01    0.849125993316674155E+00    0.156914749148380017E+10    0.339284741928198375E+06   -0.773701390659085178E+02
    0.108573311816672380E+01    0.815936266433291202E+00    0.156084967773768711E+10    0.331932791450818710E+06   -0.773379355232790004E+02
    0.106444445204574611E+01    0.815353135524021777E+00    0.154895792377525425E+10    0.338832879391558527E+06   -0.772478933019225167E+02
    0.113244496880791279E+01    0.770195645972207465E+00    0.152023286723095417E+10    0.343186620097733277E+06   -0.772445066765560142E+02
    0.108275388889214086E+01    0.842415852313337599E+00    0.154866612215568566E+10    0.319590551807118289E+06   -0.772216206577698898E+02
    0.982926494155084929E+00    0.841741830459561857E+00    0.158715292588449192E+10    0.341679696112760575E+06   -0.772204923396101037E+02
    0.101156770478296609E+01    0.860565476536923057E+00    0.158429389006419516E+10    0.337091457917920605E+06   -0.772088246693045761E+02
    0.103809096559694769E+01    0.829307998398285395E+00    0.154982941934432817E+10    0.369378248401259829E+06   -0.771647499444305822E+02
    0.106824424382551331E+01    0.813978640956015020E+00    0.155851836919221735E+10    0.346137597105937253E+06   -0.771276404807366589E+02
    0.109983547462971853E+01    0.804505807244459969E+00    0.155346728224533820E+10    0.326212824687035114E+06   -0.771125946372120552E+02
    0.106770748845559371E+01    0.820383594554804141E+00    0.154186212927403784E+10    0.337255332380259410E+06   -0.770727067544920033E+02
    0.105160558817424521E+01    0.846848428601263858E+00    0.157085322657287073E+10    0.332553432239275484E+06   -0.770360951214297813E+02
    0.969120686831528966E+00    0.815589213039738858E+00    0.160217408193794417E+10    0.363825406217879325E+06   -0.770233632050893675E+02
    0.101647894054041177E+01    0.812069357297006800E+00    0.159613533142846155E+10    0.355606009225592134E+06   -0.769991703661090412E+02
    0.108550114530657416E+01    0.810906176760843866E+00    0.155103829531787109E+10    0.323584176421735028E+06   -0.768942753903888985E+02
    0.996341382689553079E+00    0.872577705827652927E+00    0.158345225689926076E+10    0.331790941460950475E+06   -0.767642869080054311E+02
    0.952413667863412639E+00    0.825504840753375824E+00    0.159962265762811422E+10    0.360148662050243118E+06   -0.767598211927028444E+02
    0.110534953740460717E+01    0.854278353675857804E+00    0.151722608327088332E+10    0.352833592400912719E+06   -0.767485117110010719E+02
    0.100022338391942411E+01    0.856990517831260235E+00    0.156442082905635214E+10    0.349696543551216542E+06   -0.767120605628990120E+02
    0.109515629376960089E+01    0.766230193242388502E+00    0.152163218891426325E+10    0.352403862887397874E+06   -0.766773900621361975E+02
    0.982346882620688922E+00    0.845505815343885025E+00    0.156928747520685101E+10    0.355803497168868140E+06   -0.766491238169686540E+02
    0.105583477859290320E+01    0.802993998662073771E+00    0.156307151442337966E+10    0.323845501273085072E+06   -0.766288596111796636E+02
    0.110321860216750944E+01    0.761275018557982630E+00    0.151785498956043506E+10    0.339487414530539478E+06   -0.766186324198680495E+02
    0.108677820766994415E+01    0.828032680482181149E+00    0.155044668359127307E+10    0.341398304637307476E+06   -0.766098957800422653E+02
    0.105225368450401069E+01    0.834862126385830905E+00    0.155008579673669076E+10    0.360182054624787066E+06   -0.765826254098843009E+02
    0.989225757200940192E+00    0.751007397350984540E+00    0.159358844442425966E+10    0.365069922476570413E+06   -0.765588309341832201E+02
    0.110091334438852839E+01    0.840321179304890364E+00    0.154765006336264729E+10    0.325934087424616271E+06   -0.765509304043051912E+02
    0.103406234677580100E+01    0.723328668896485727E+00    0.156766695132982135E+10    0.354502805234771338E+06   -0.765412454472096613E+02
    0.104189877003655162E+01    0.811893377298933849E+00    0.158731406898297167E+10    0.340082645182355773E+06   -0.765350682508783819E+02
    0.105606602034030383E+01    0.835128000033777962E+00    0.157798023990582728E+10    0.333877316999624367E+06   -0.765315549111574285E+02
    0.107217631726803164E+01    0.898482051723748398E+00    0.153963214981199789E+10    0.332012635175395990E+06   -0.765115391953860637E+02
    0.102452412502784718E+01    0.840964728113026361E+00    0.158187368822482228E+10    0.356392205279349058E+06   -0.764979139823525003E+02
    0.112187083351510508E+01    0.784284908356579269E+00    0.153343003588469696E+10    0.324091996172625106E+06   -0.764829674206045667E+02
    0.106737001440838353E+01    0.806312260262706637E+00    0.156725207559625268E+10    0.337272406631790393E+06   -0.764533440593557714E+02
    0.102787407024837285E+01    0.836826433758658617E+00    0.156008154884330320E+10    0.355169478500163066E+06   -0.764488804581901604E+02
    0.104467571349543942E+01    0.844567978927923235E+00    0.155873757100723052E+10    0.365124620259573043E+06   -0.764427402423197151E+02
    0.103941146508275795E+01    0.790284924472000494E+00    0.155761409179745626E+10    0.338330122686057002E+06   -0.764370025645782363E+02
    0.110269895180405753E+01    0.850341627090750229E+00    0.152286699030522466E+10    0.334049851610327372E+06   -0.764255998295059555E+02
    0.106869144474964695E+01    0.803569279596501040E+00    0.155243834978550434E+10    0.336644346968559141E+06   -0.764139090533663818E+02
    0.101404219636866033E+01    0.783705968727392399E+00    0.156773590795244551E+10    0.343362514449391107E+06   -0.764035117163002440E+02
    0.105410995529693197E+01    0.807248521391241702E+00    0.153482871341002631E+10    0.356983968657891557E+06   -0.764017627499169976E+02
    0.107126057946260467E+01    0.835081800729287060E+00    0.154187944114230752E+10    0.349719773692028015E+06   -0.763990938861942084E+02
    0.105096337195593792E+01    0.846413228371275306E+00    0.156325528636512852E+10    0.329232340144289949E+06   -0.763750387276196392E+02
    0.111664716686857335E+01    0.830923325013529279E+00    0.153354556703730631E+10    0.350768949144344369E+06   -0.763748272890417468E+02
    0.105423566179008832E+01    0.821847392957532286E+00    0.155457431564230871E+10    0.323443892707156832E+06   -0.763471453786307137E+02
    0.101830045592152030E+01    0.736202950531861244E+00    0.157252393999305630E+10    0.351205530435123423E+06   -0.763057025971397422E+02
    0.101978175762411860E+01    0.784092761486067324E+00    0.155902604262046862E+10    0.365887723892879731E+06   -0.762889539294775290E+02
    0.997440058322844991E+00    0.841025559460140570E+00    0.159871361851711869E+10    0.358008402404829394E+06   -0.762859971928410801E+02
    0.111129504040621740E+01    0.812620229702963215E+00    0.153245494785741949E+10    0.336275060989120102E+06   -0.762767576578210793E+02
    0.110335453931424032E+01    0.807112095581214106E+00    0.155532260277728343E+10    0.328049175474435091E+06   -0.762652562262765912E+02
    0.103391423847430941E+01    0.826784908249406314E+00    0.157679203455679750E+10    0.334482438324901275E+06   -0.762172945633244296E+02
    0.954947864988134665E+00    0.850227497363852169E+00    0.160482085754199076E+10    0.362041002251667902E+06   -0.761882572297484728E+02
    0.107740478017612418E+01    0.834843724206930649E+00    0.155250875576773572E+10    0.348089533375040861E+06   -0.761846175947937354E+02
    0.101707309073193164E+01    0.792161473614806599E+00    0.156441441837437224E+10    0.355013138401005417E+06   -0.761630452546374670E+02
    0.106756860346981708E+01    0.819761007285341847E+00    0.156594968138317060E+10    0.325783041063667682E+06   -0.761609994129980805E+02
    0.993207709927365179E+00    0.856444921297890183E+00    0.158414553887976146E+10    0.334180113247506320E+06   -0.761505445182219489E+02
    0.107667543885602290E+01    0.778395175619901458E+00    0.153328428984761620E+10    0.350321476114627090E+06   -0.761106556492499635E+02
    0.105454194581171756E+01    0.830946060596485125E+00    0.156946908518358254E+10    0.337683564221160777E+06   -0.761057066598984875E+02
    0.101878753366309982E+01    0.840600781248711737E+00    0.157980967428213573E+10    0.353393891400358232E+06   -0.760896768900011580E+02
    0.102565479259503567E+01    0.847636648516338909E+00    0.154418760767700458E+10    0.351721200329980871E+06   -0.760833607019798706E+02
    0.103835392299451668E+01    0.790804504573435985E+00    0.154179917753584266E+10    0.347210993608683173E+06   -0.760549896816799844E+02
    0.106311536406064633E+01    0.791548310307145453E+00    0.156854505865171289E+10    0.350412976944661059E+06   -0.760062580747440393E+02
    0.105503012884574798E+01    0.835358274903987397E+00    0.156586311136727476E+10    0.338270427681317262E+06   -0.760020071973076625E+02
    0.101406592194391143E+01    0.844265066912743833E+00    0.158832305459600973E+10    0.359944863706320291E+06   -0.759942857283052717E+02
    0.101407223997821760E+01    0.806981542530198936E+00    0.157884937433996177E+10    0.355511997250262066E+06   -0.759912723781585555E+02
    0.103485052907329322E+01    0.816932508112789169E+00    0.153700113351456475E+10    0.348480878248808673E+06   -0.759802505745956580E+02
    0.111482627351715013E+01    0.792394112999483369E+00    0.154255340181689692E+10    0.327935210875541379E+06   -0.759799170131025221E+02
    0.108882136533469498E+01    0.803945838157692716E+00    0.155060118663515282E+10    0.327992910205718130E+06   -0.759493413332202323E+02
    0.103682489786799592E+01    0.795950575933555893E+00    0.155618066387457252E+10    0.333866147701508191E+06   -0.759344244801312414E+02
    0.106786615906486726E+01    0.811365498347323300E+00    0.155770355615449405E+10    0.356101958559423219E+06   -0.759225236381146402E+02
    0.100777863379157329E+01    0.822008073009478757E+00    0.157619284234962940E+10    0.362789260639637359E+06   -0.759024438114923043E+02
    0.106641599157788569E+01    0.842822518739638316E+00    0.156286245453315592E+10    0.342850482233837945E+06   -0.759014072250899972E+02
    0.103606256441343114E+01    0.826043900171233858E+00    0.157421777485378051E+10    0.333689452958309557E+06   -0.758683628325597255E+02
    0.104212196115747013E+01    0.844851735099426460E+00    0.156505309527989793E+10    0.344999896973684605E+06   -0.758648240856543623E+02
    0.107839762767377234E+01    0.829728302290504427E+00    0.155442062502354646E+10    0.330642362479297968E+06   -0.758334308927524603E+02
    0.104882853782483454E+01    0.832047956108155073E+00    0.154980263827294755E+10    0.324236195487850637E+06   -0.758164092831416667E+02
    0.107176125378545661E+01    0.839204384019462957E+00    0.155442687027856398E+10    0.352367767374237534E+06   -0.758152877226983861E+02
    0.101628230366056571E+01    0.850962320621190926E+00    0.158770874888470697E+10    0.337724247726941714E+06   -0.758065383665706065E+02
    0.100096916316820805E+01    0.768983434795186493E+00    0.156034201910615277E+10    0.361279812832350493E+06   -0.757955458814027594E+02
    0.105376319856671286E+01    0.808797717905556102E+00    0.154493664280774713E+10    0.341538789128244040E+06   -0.757818908042996213E+02
    0.104965312289141255E+01    0.798456234825207556E+00    0.153834491021246409E+10    0.350530720463995822E+06   -0.757694340731173952E+02
    0.101614764947303748E+01    0.800703405769345178E+00    0.157043854417843533E+10    0.333075860238661349E+06   -0.757394646758502006E+02
    0.103761753643887267E+01    0.800737813340227422E+00    0.155895324031202292E+10    0.342196547870645125E+06   -0.757302606299609806E+02
    0.110064179380554483E+01    0.776164754790790390E+00    0.153320244989688468E+10    0.334609496230049699E+06   -0.757166003794559117E+02
    0.105978788709774041E+01    0.842786462270404435E+00    0.155097856747721457E+10    0.342306844797134749E+06   -0.757151405970402891E+02
    0.105494713182880018E+01    0.821470584323191311E+00    0.155782651522594643E+10    0.344995915254701511E+06   -0.757131804293676254E+02
    0.957372566767030975E+00    0.872341050849973154E+00    0.158008110199794340E+10    0.343698954665601370E+06   -0.756980882360374920E+02
    0.991749527663070118E+00    0.827865706089187192E+00    0.156621353593894887E+10    0.359886523009467230E+06   -0.756671597151728861E+02
    0.104012371269690274E+01    0.812948523195828443E+00    0.155421369222505355E+10    0.348422290816827328E+06   -0.756631475245769138E+02
    0.106417386815432158E+01    0.845736210987832582E+00    0.155393725573620772E+10    0.335426577570652822E+06   -0.756428483159940868E+02
    0.106417386815432158E+01    0.845736210987832582E+00    0.155393725573620772E+10    0.335426577570652822E+06   -0.756428483159940868E+02
    0.982760601479618745E+00    0.816006695187204034E+00    0.159114529905993128E+10    0.356258444208198751E+06   -0.756327592236274455E+02
    0.105384886661254318E+01    0.775335484884623227E+00    0.155655427230268455E+10    0.329558841469493986E+06   -0.756128393650194255E+02
    0.108862142267246353E+01    0.814159724870650692E+00    0.155933522800618601E+10    0.324661559864568058E+06   -0.756051727382980658E+02
    0.108862142267246353E+01    0.814159724870650692E+00    0.155933522800618601E+10    0.324661559864568058E+06   -0.756051727382980658E+02
    0.102667506326191615E+01    0.822053766405340447E+00    0.157215031119796371E+10    0.337947063532241562E+06   -0.755965929544920101E+02
    0.102300047098913960E+01    0.778209460305309797E+00    0.156475794519099855E+10    0.347323840122094436E+06   -0.755892008299341001E+02
    0.102095266735172263E+01    0.764598422072115369E+00    0.155757318364859962E+10    0.364259695753635606E+06   -0.755763669343398306E+02
    0.985511062601413745E+00    0.828648413065393719E+00    0.158463489389951158E+10    0.353093027994727483E+06   -0.755664794529318300E+02
    0.995506486646971722E+00    0.793643763969662075E+00    0.156841853089845490E+10    0.353127401148254692E+06   -0.755608723110316589E+02
    0.101899885675568469E+01    0.826009938964904045E+00    0.158916171554100728E+10    0.348057469925472338E+06   -0.755552192897068267E+02
    0.102678279670962080E+01    0.797609430691193833E+00    0.155568706890420198E+10    0.349226360757459071E+06   -0.755461258843580623E+02
    0.102678279670962080E+01    0.797609430691193833E+00    0.155568706890420198E+10    0.349226360757459071E+06   -0.755461258843580623E+02
    0.108492785873353093E+01    0.827633939230018267E+00    0.153407346455757499E+10    0.331484143222278391E+06   -0.755392685854101416E+02
    0.105790523610159637E+01    0.808385991460835562E+00    0.156487580820847750E+10    0.342383989023976261E+06   -0.755252803974944129E+02
    0.107927845674935341E+01    0.841034620147507184E+00    0.155917122405332994E+10    0.337766463799070509E+06   -0.754885037555483223E+02
    0.105629532899864853E+01    0.811740937796448847E+00    0.156257169233317804E+10    0.333338636454844440E+06   -0.754865668611905960E+02
    0.102603524766811027E+01    0.813161368174471821E+00    0.156703477444979835E+10    0.328404070754431421E+06   -0.754825323520457943E+02
    0.103066212159532355E+01    0.807748291750766345E+00    0.157365153998994541E+10    0.351666118419436854E+06   -0.754594000192715839E+02
    0.103066212159532355E+01    0.807748291750766345E+00    0.157365153998994541E+10    0.351666118419436854E+06   -0.754594000192715839E+02
    0.102522531985682486E+01    0.797769546397860907E+00    0.156079469305543375E+10    0.361056444177026686E+06   -0.754387996919797388E+02
    0.107542939159882667E+01    0.779454670863458432E+00    0.154398356292027259E+10    0.344845935137029912E+06   -0.754164015630528581E+02
    0.107971242489044150E+01    0.863972961398924433E+00    0.154503154538153529E+10    0.328328337368996290E+06   -0.753957042519330685E+02
    0.102090910462680329E+01    0.782022960110006604E+00    0.155817315531173158E+10    0.351043573054946202E+06   -0.753764739138150759E+02
    0.106796580754329384E+01    0.791313644063365018E+00    0.154117346650238562E+10    0.349568936377598206E+06   -0.753660828279439841E+02
    0.104365829748780192E+01    0.829410597704298258E+00    0.155315395224070716E+10    0.366879710906160588E+06   -0.753571428479799863E+02
    0.106135922601710631E+01    0.848865707400013214E+00    0.155959915739268994E+10    0.351085421971630654E+06   -0.753538722923734525E+02
    0.106135922601710631E+01    0.848865707400013214E+00    0.155959915739268994E+10    0.351085421971630654E+06   -0.753538722923734525E+02
    0.105644339403833798E+01    0.775140576820493532E+00    0.154763058971622014E+10    0.328646738774556550E+06   -0.753459725281447135E+02
    0.105644339403833798E+01    0.775140576820493532E+00    0.154763058971622014E+10    0.328646738774556550E+06   -0.753459725281447135E+02
    0.983421899314025794E+00    0.819179242700033061E+00    0.158917718767318702E+10    0.351265604099810065E+06   -0.753249274907996664E+02
    0.106820403566315036E+01    0.787372185944786640E+00    0.153852200042075872E+10    0.336618126032305008E+06   -0.753110639839486993E+02
    0.988050860272072451E+00    0.812795060880205256E+00    0.159962253172977352E+10    0.354742377287391282E+06   -0.753084523090555678E+02
    0.102881033121804011E+01    0.852552245320309598E+00    0.155579426028928995E+10    0.359081272408120800E+06   -0.753013107920391462E+02
    0.105745640045211498E+01    0.761260161225458809E+00    0.154729545345716739E+10    0.324097705773269699E+06   -0.752963832792881362E+02
    0.104896195529550074E+01    0.763844247893417538E+00    0.156214893385190368E+10    0.330453021158513729E+06   -0.752938943750298506E+02
    0.106978123893225430E+01    0.877763111694871423E+00    0.153383236166941285E+10    0.331645328381412895E+06   -0.752921591948438049E+02
    0.101868448520872756E+01    0.851162251378446033E+00    0.156426518921940517E+10    0.361267498594696575E+06   -0.752898425475811450E+02
    0.977102870924615563E+00    0.804050110716980626E+00    0.159386021236138749E+10    0.349337527211187698E+06   -0.752740136136276590E+02
    0.109075183128895503E+01    0.816899314262613085E+00    0.155919263897966671E+10    0.327907084664463182E+06   -0.752732173966703613E+02
    0.103758405352046768E+01    0.796046850624634761E+00    0.154027272941587973E+10    0.353263839941092359E+06   -0.752697409496577734E+02
    0.103758405352046768E+01    0.796046850624634761E+00    0.154027272941587973E+10    0.353263839941092359E+06   -0.752697409496577734E+02
    0.100798487981244089E+01    0.795411024495914720E+00    0.158626600144466138E+10    0.348015743935170642E+06   -0.752266676567266899E+02
    0.100082786059401641E+01    0.828338850129426874E+00    0.157596988841265130E+10    0.359464919393747929E+06   -0.752242309000347120E+02
    0.103915662668764530E+01    0.783455087425497965E+00    0.156673662011236119E+10    0.331682559079104802E+06   -0.752200779498618175E+02
    0.103567757908633884E+01    0.827863119664956848E+00    0.158135861302068734E+10    0.340069356066118460E+06   -0.752119612862222198E+02
    0.101501306983578732E+01    0.816996266773569069E+00    0.157477720023791623E+10    0.355036437652975554E+06   -0.752118402181389172E+02
    0.998835931477902839E+00    0.808533308033688058E+00    0.158155605087346959E+10    0.359138631347539835E+06   -0.752089232229811415E+02
    0.111461236535434183E+01    0.758668627889675928E+00    0.153814318591829991E+10    0.328016023283003364E+06   -0.752005295307760377E+02
    0.111461236535434183E+01    0.758668627889675928E+00    0.153814318591829991E+10    0.328016023283003364E+06   -0.752005295307760377E+02
    0.103920789081437870E+01    0.792674506835412185E+00    0.155447703159333277E+10    0.326817463780542719E+06   -0.751905770701310132E+02
    0.108618288096047988E+01    0.814133003992439708E+00    0.155466097459930158E+10    0.330649822325311194E+06   -0.751888839421600323E+02
    0.104154073287815629E+01    0.805553554121537729E+00    0.155934942577281761E+10    0.340039165221910458E+06   -0.751795058241513345E+02
    0.107754279783392981E+01    0.800111868328991616E+00    0.156636006474946213E+10    0.332375907744847587E+06   -0.751747923553831896E+02
    0.107754279783392981E+01    0.800111868328991616E+00    0.156636006474946213E+10    0.332375907744847587E+06   -0.751747923553831896E+02
    0.100658467676679186E+01    0.786575238695378598E+00    0.156872478495207381E+10    0.346515456814548001E+06   -0.751721206563934743E+02
    0.103314167112894117E+01    0.788635929435244964E+00    0.155370777194845152E+10    0.332291420158245717E+06   -0.751664347478596682E+02
    0.103314167112894117E+01    0.788635929435244964E+00    0.155370777194845152E+10    0.332291420158245717E+06   -0.751664347478596682E+02
    0.109291278785048829E+01    0.816791192174925129E+00    0.155039409229077625E+10    0.326294286470231600E+06   -0.751550485178291723E+02
    0.103475407079297677E+01    0.831128824134722777E+00    0.154415929875690269E+10    0.352431029445082007E+06   -0.751415047958298885E+02
    0.100598111363152420E+01    0.813704333868881857E+00    0.158012225414778113E+10    0.340256832899055968E+06   -0.751144014754786156E+02
    0.107253281592774674E+01    0.790803745517504542E+00    0.154884661420792556E+10    0.353415512808099214E+06   -0.750985565820421215E+02
    0.100595005433388773E+01    0.811649398018537305E+00    0.159074688227488303E+10    0.350546029017455410E+06   -0.750958082225855605E+02
    0.100595005433388773E+01    0.811649398018537305E+00    0.159074688227488303E+10    0.350546029017455410E+06   -0.750958082225855605E+02
    0.104653884231120098E+01    0.807103278896932785E+00    0.157047024267277288E+10    0.343508321341993462E+06   -0.750773537238309103E+02
    0.108501938440423240E+01    0.818930897779733602E+00    0.156045654895849085E+10    0.329596778137826070E+06   -0.750631147031066064E+02
    0.103042237306221307E+01    0.811802185574094448E+00    0.157011783083654284E+10    0.350038878291274072E+06   -0.750581655247669772E+02
    0.104034572728097663E+01    0.844444549619206342E+00    0.154694612082061005E+10    0.356644025821524207E+06   -0.750136745903081703E+02
    0.105528202613101341E+01    0.810983936853435061E+00    0.156502871099118996E+10    0.337757303334456228E+06   -0.750114848296828711E+02
    0.104283534983221049E+01    0.802163328383956653E+00    0.155382822492291164E+10    0.355052698499211634E+06   -0.750030464080955710E+02
    0.102168115750538480E+01    0.790220261510185207E+00    0.156504479712319422E+10    0.337973360804138181E+06   -0.749923265235818235E+02
    0.992233743834328830E+00    0.828636869596073300E+00    0.158125951001817822E+10    0.352139871295902180E+06   -0.749720204282491096E+02
    0.103446108485596211E+01    0.772599941154649361E+00    0.157076451893907356E+10    0.332022226183301595E+06   -0.749716208040268839E+02
    0.106254369205981369E+01    0.750521675685774881E+00    0.156798784999313712E+10    0.333617601168930705E+06   -0.749682893198226594E+02
    0.102115718286059121E+01    0.813298197934098965E+00    0.158235781000709224E+10    0.341056762557009817E+06   -0.749595861091685691E+02
    0.108231795049625723E+01    0.868824536013995452E+00    0.154570232724300933E+10    0.326207417947326787E+06   -0.749449865440333980E+02
    0.105398191056970747E+01    0.780117015731676577E+00    0.153661581926724172E+10    0.348043763522742200E+06   -0.749323895333292853E+02
    0.103233428317250397E+01    0.842805571876145354E+00    0.154341575019916892E+10    0.356804156655685103E+06   -0.749210435571061169E+02
    0.100711993724552284E+01    0.844491534443055247E+00    0.155649746995622921E+10    0.350056991422516585E+06   -0.748945615589623230E+02
    0.102962472428459595E+01    0.784496947857152183E+00    0.155854435360334945E+10    0.332457049879084458E+06   -0.748848668838863887E+02
    0.102962472428459595E+01    0.784496947857152183E+00    0.155854435360334945E+10    0.332457049879084458E+06   -0.748848668838863887E+02
    0.986893815711932576E+00    0.807850674747653485E+00    0.158743170649480987E+10    0.355117684150596382E+06   -0.748767190159684759E+02
    0.103469681910956512E+01    0.825442142523659328E+00    0.158042892359737587E+10    0.348124396695155825E+06   -0.748743625127870729E+02
    0.103469681910956512E+01    0.825442142523659328E+00    0.158042892359737587E+10    0.348124396695155825E+06   -0.748743625127870729E+02
    0.105242240793243802E+01    0.811340548549669638E+00    0.155425812878493595E+10    0.334370941470915801E+06   -0.748608599103381920E+02
    0.105242240793243802E+01    0.811340548549669638E+00    0.155425812878493595E+10    0.334370941470915801E+06   -0.748608599103381920E+02
    0.103113925769884807E+01    0.771626148754366525E+00    0.156180410426834369E+10    0.339009274116154353E+06   -0.748446193261643344E+02
    0.103113925769884807E+01    0.771626148754366525E+00    0.156180410426834369E+10    0.339009274116154353E+06   -0.748446193261643344E+02
    0.993410359441155522E+00    0.837341308183189525E+00    0.157627640897530818E+10    0.349238419148150540E+06   -0.748386743575846367E+02
    0.104399671607496014E+01    0.814331402053193543E+00    0.154000832122991276E+10    0.341824196716837876E+06   -0.748286943375911733E+02
    0.100505317522292104E+01    0.843149712933100037E+00    0.157638061488644838E+10    0.348253287428654090E+06   -0.748283248821290101E+02
    0.109445078407515828E+01    0.742811054414572958E+00    0.155074612937530136E+10    0.333077874654504994E+06   -0.748260354665741829E+02
    0.106708928591895158E+01    0.773975986247107617E+00    0.153494203773151517E+10    0.347740747608007805E+06   -0.748092360961765337E+02
    0.103154154154727218E+01    0.818659782752728660E+00    0.156191719682448316E+10    0.346258379316921171E+06   -0.747974712848723016E+02
    0.103154154154727218E+01    0.818659782752728660E+00    0.156191719682448316E+10    0.346258379316921171E+06   -0.747974712848723016E+02
    0.100207474320986578E+01    0.797415649215451605E+00    0.157770580161841416E+10    0.352681301249737211E+06   -0.747972485452415299E+02
    0.101314755977872628E+01    0.789695230242595247E+00    0.157961643386037707E+10    0.340310798011991545E+06   -0.747921705256988787E+02
    0.996149166123527441E+00    0.830743438161818837E+00    0.157586684227992153E+10    0.351081722743400256E+06   -0.747920274486682075E+02
    0.996947732210117232E+00    0.815189092219064548E+00    0.158590908885030723E+10    0.350073954956523958E+06   -0.747787959242565989E+02
    0.102558267575256523E+01    0.780258077321188015E+00    0.157867686780985355E+10    0.337461968793858250E+06   -0.747743936353840581E+02
    0.105023784690322430E+01    0.844062729641896770E+00    0.156247214805101275E+10    0.335459048543091281E+06   -0.747656469148429466E+02
    0.107746330700344806E+01    0.826826511721736157E+00    0.153004771519074178E+10    0.336290433062583732E+06   -0.747147604834200081E+02
    0.107746330700344806E+01    0.826826511721736157E+00    0.153004771519074178E+10    0.336290433062583732E+06   -0.747147604834200081E+02
    0.102302087355113702E+01    0.848978790416363260E+00    0.155099315756893301E+10    0.360282123221603571E+06   -0.747039678008279111E+02
    0.102302087355113702E+01    0.848978790416363260E+00    0.155099315756893301E+10    0.360282123221603571E+06   -0.747039678008279111E+02
    0.102230996978492827E+01    0.822337314583496681E+00    0.155377784916041827E+10    0.347143076185348793E+06   -0.746996941584755945E+02
    0.102275744733323259E+01    0.786718060236450967E+00    0.156250927117146611E+10    0.358952891650271311E+06   -0.746949593043699025E+02
    0.977892616076941334E+00    0.797501382212610910E+00    0.158461379078017783E+10    0.354643477774159575E+06   -0.746933807306376565E+02
    0.977892616076941334E+00    0.797501382212610910E+00    0.158461379078017783E+10    0.354643477774159575E+06   -0.746933807306376565E+02
    0.103202065056811954E+01    0.851224776943858341E+00    0.155304335860534716E+10    0.356377533515735646E+06   -0.746874459740692487E+02
    0.103022513059611454E+01    0.799237729344628001E+00    0.156281019280196190E+10    0.346270617142432020E+06   -0.746810337519426071E+02
    0.103022513059611454E+01    0.799237729344628001E+00    0.156281019280196190E+10    0.346270617142432020E+06   -0.746810337519426071E+02
    0.101025898367534750E+01    0.803631080536069575E+00    0.157736594523155046E+10    0.338651697959691577E+06   -0.746763719587968069E+02
    0.106766222644334907E+01    0.808084456407119234E+00    0.154121254916083574E+10    0.342354480068882694E+06   -0.746740994688767330E+02
    0.106766222644334907E+01    0.808084456407119234E+00    0.154121254916083574E+10    0.342354480068882694E+06   -0.746740994688767330E+02
    0.102477835380074245E+01    0.786800124523256539E+00    0.156517142348123741E+10    0.337231459451667615E+06   -0.746719016860697025E+02
    0.105512772542391353E+01    0.841124087496101236E+00    0.154903053138089085E+10    0.343932972935999453E+06   -0.746705005434814382E+02
    0.105038388099217728E+01    0.839933840838283263E+00    0.155933653817197371E+10    0.337952633128180634E+06   -0.746535804448026283E+02
    0.105038388099217728E+01    0.839933840838283263E+00    0.155933653817197371E+10    0.337952633128180634E+06   -0.746535804448026283E+02
    0.998914464091775423E+00    0.823923218316254147E+00    0.157609551961478019E+10    0.360386811122358136E+06   -0.746531840515550300E+02
    0.108874270246280824E+01    0.814352789335979210E+00    0.154075130869145560E+10    0.338842720441883605E+06   -0.746488982672668158E+02
    0.108874270246280824E+01    0.814352789335979210E+00    0.154075130869145560E+10    0.338842720441883605E+06   -0.746488982672668158E+02
    0.108654218076808329E+01    0.843455834994867537E+00    0.154940130410253024E+10    0.351137108641003957E+06   -0.746434374435412735E+02
    0.105844061596706163E+01    0.836178856670978021E+00    0.153947522149716949E+10    0.353679022843969055E+06   -0.746362157413124123E+02
    0.107477183206933624E+01    0.828372848066233569E+00    0.155727534813060546E+10    0.343246440336705593E+06   -0.746321664560529143E+02
    0.108600164065228855E+01    0.821461897473906522E+00    0.156715530974470687E+10    0.346687280873904761E+06   -0.746200064443730327E+02
    0.104519828438810980E+01    0.843445277536580384E+00    0.155324708093837667E+10    0.354461216064058011E+06   -0.746144441578578608E+02
    0.104910875047298480E+01    0.795669370535046827E+00    0.155641420155879784E+10    0.342391330341832479E+06   -0.746128268532930292E+02
    0.106689840818527903E+01    0.836549632846860902E+00    0.155608114909045362E+10    0.349886138909748406E+06   -0.746073507570363574E+02
    0.102043694072017921E+01    0.813919535600271082E+00    0.155284957430491209E+10    0.354096461719034472E+06   -0.745985518699195325E+02
    0.102957904421727542E+01    0.796561642568577088E+00    0.156256962975665069E+10    0.342546162458635867E+06   -0.745924058440436113E+02
    0.106307007014030463E+01    0.816814168187436351E+00    0.155008379208111691E+10    0.334166632375230081E+06   -0.745907958151708499E+02
    0.105319976722035591E+01    0.801627480090503663E+00    0.154308390307599092E+10    0.358974209442437452E+06   -0.745759676792081621E+02
    0.105783530200085285E+01    0.854486551432268371E+00    0.155275628532222581E+10    0.349633555196870468E+06   -0.745714429783000696E+02
    0.105868370755760388E+01    0.806818133120876357E+00    0.156321638222350717E+10    0.337632432344926754E+06   -0.745506432767090814E+02
    0.102623812056842412E+01    0.834964539009581674E+00    0.155944778471590042E+10    0.353844767544627364E+06   -0.745466104486962422E+02
    0.105704413341190340E+01    0.829184854401088245E+00    0.156764624635907054E+10    0.346207497220438614E+06   -0.745432040392319806E+02
    0.105704413341190340E+01    0.829184854401088245E+00    0.156764624635907054E+10    0.346207497220438614E+06   -0.745432040392319806E+02
    0.103635001575059493E+01    0.793465454418862404E+00    0.156127082878302002E+10    0.332228435072196298E+06   -0.745319743141397595E+02
    0.996213304444172110E+00    0.815490562270597685E+00    0.156236061877592897E+10    0.356456168061980803E+06   -0.745267960502025488E+02
    0.996213304444172110E+00    0.815490562270597685E+00    0.156236061877592897E+10    0.356456168061980803E+06   -0.745267960502025488E+02
    0.102163869133458718E+01    0.805652406136292409E+00    0.158287928102011466E+10    0.338812146885485970E+06   -0.745000512105766575E+02
    0.102163869133458718E+01    0.805652406136292409E+00    0.158287928102011466E+10    0.338812146885485970E+06   -0.745000512105766575E+02
    0.110259344618565369E+01    0.831417233585653115E+00    0.155541647903818107E+10    0.350523973243983055E+06   -0.744993080308090896E+02
    0.102556245203681695E+01    0.776053765871643986E+00    0.156595315678032446E+10    0.342993042786635633E+06   -0.744530481252173786E+02
    0.101709672601290557E+01    0.820319932153085851E+00    0.156097094219454503E+10    0.357921695809435158E+06   -0.744523959500749299E+02
    0.101183426774373375E+01    0.791555520404779944E+00    0.156317923540104604E+10    0.330992727919250494E+06   -0.744490513783195809E+02
    0.100524021432209043E+01    0.832758995002270908E+00    0.156615628463185048E+10    0.353559936931154574E+06   -0.744432652894472824E+02
    0.104211067376551947E+01    0.765936788403534408E+00    0.155719626462787533E+10    0.333452013402121083E+06   -0.744365093483048099E+02
    0.104211067376551947E+01    0.765936788403534408E+00    0.155719626462787533E+10    0.333452013402121083E+06   -0.744365093483048099E+02
    0.110166809703182889E+01    0.816720809721786178E+00    0.155200700641436744E+10    0.351462228246964572E+06   -0.744288058741487930E+02
    0.104820693062655690E+01    0.843965440698013936E+00    0.156231378516034818E+10    0.345924766889699735E+06   -0.744023313175645313E+02
    0.100879495667860231E+01    0.850828345566972732E+00    0.156815500929531550E+10    0.342703284336936078E+06   -0.743970423579723530E+02
    0.100879495667860231E+01    0.850828345566972732E+00    0.156815500929531550E+10    0.342703284336936078E+06   -0.743970423579723530E+02
    0.103805710979031596E+01    0.806030060639525203E+00    0.156153202881706405E+10    0.340495985721170029E+06   -0.743887003934887900E+02
    0.987930176426818352E+00    0.817791226757473844E+00    0.157236956164208698E+10    0.352988321792635892E+06   -0.743792801857287031E+02
    0.104495050548679336E+01    0.789150155057547043E+00    0.155893266484643197E+10    0.339607998102494515E+06   -0.743726165198409603E+02
    0.102013040867121862E+01    0.827147128339034587E+00    0.156630094020144606E+10    0.351877656212105998E+06   -0.743724965337193424E+02
    0.105969503422057909E+01    0.775554950639007146E+00    0.155709277011436033E+10    0.336889272189688054E+06   -0.743657956215913600E+02
    0.106515545138989642E+01    0.836911676419385575E+00    0.155343208791175842E+10    0.350346221655297675E+06   -0.743525259108439229E+02
    0.100316944969723543E+01    0.798043275627153381E+00    0.155634699668771458E+10    0.356560935695336317E+06   -0.743462671005862319E+02
    0.100316944969723543E+01    0.798043275627153381E+00    0.155634699668771458E+10    0.356560935695336317E+06   -0.743462671005862319E+02
    0.106792967965812213E+01    0.854519970066297319E+00    0.155549087201158810E+10    0.348507207204288512E+06   -0.743426413423549803E+02
    0.101621617014194898E+01    0.804724560271624867E+00    0.156545108756576943E+10    0.356395870236030838E+06   -0.743378981367466736E+02
    0.104551685571516639E+01    0.824284459001318748E+00    0.155181644575443816E+10    0.337613102060941164E+06   -0.743236137707048101E+02
    0.102571638091419048E+01    0.828035779785861958E+00    0.156307858593285966E+10    0.342206995482902159E+06   -0.743025302373767715E+02
    0.102857265019984490E+01    0.839543079235870682E+00    0.157765335268067789E+10    0.330999245810761233E+06   -0.743016786263884654E+02
    0.100574792390545098E+01    0.826049944741537701E+00    0.157690876599806547E+10    0.357818382430023164E+06   -0.742891228386700817E+02
    0.105590775291712768E+01    0.809004340090352159E+00    0.155739801128749299E+10    0.343055565239292569E+06   -0.742850234073876265E+02
    0.101516198962229787E+01    0.781272751098555318E+00    0.156651683161899710E+10    0.348147750207619276E+06   -0.742723255028550398E+02
    0.107725702665851153E+01    0.804947550789829158E+00    0.154836045810339522E+10    0.342397354071603273E+06   -0.742666554384720143E+02
    0.102861592234778731E+01    0.803066183255801036E+00    0.156401224927517247E+10    0.351388547879543912E+06   -0.742630059383679679E+02
    0.106097533223750751E+01    0.789351056951918206E+00    0.156182154151195049E+10    0.345832858775643690E+06   -0.742617932258788329E+02
    0.104043701682796663E+01    0.790797030767604436E+00    0.157014569866814923E+10    0.352656926603208529E+06   -0.742490114949629003E+02
    0.104043701682796663E+01    0.790797030767604436E+00    0.157014569866814923E+10    0.352656926603208529E+06   -0.742490114949629003E+02
    0.105256283147992624E+01    0.836748842004221061E+00    0.157240009882238388E+10    0.348367646999673743E+06   -0.742407388025997648E+02
    0.102705550851958627E+01    0.826299117113123316E+00    0.157280821810934973E+10    0.339534202705507516E+06   -0.742389576217347127E+02
    0.104917779919708232E+01    0.811993282267836847E+00    0.154968447438255692E+10    0.341579509512807883E+06   -0.742339792741360043E+02
    0.104917779919708232E+01    0.811993282267836847E+00    0.154968447438255692E+10    0.341579509512807883E+06   -0.742339792741360043E+02
    0.105508400893550380E+01    0.813711678871237520E+00    0.156212505384628797E+10    0.340984699473148212E+06   -0.742292689866414719E+02
    0.100011611405328038E+01    0.780514300628231794E+00    0.157380214696717238E+10    0.342493433217446262E+06   -0.742263819343919238E+02
    0.100011611405328038E+01    0.780514300628231794E+00    0.157380214696717238E+10    0.342493433217446262E+06   -0.742263819343919238E+02
    0.102853765288268906E+01    0.817761129244733542E+00    0.156799906175181103E+10    0.355141108534529922E+06   -0.742249420050699200E+02
    0.999017801396341332E+00    0.835828165332507034E+00    0.157375273462965965E+10    0.355768148264511023E+06   -0.742199894573127779E+02
    0.102073514442620294E+01    0.803399179682037445E+00    0.154882316969400859E+10    0.355315778274436016E+06   -0.742155463686620038E+02
    0.100528774906069818E+01    0.826024057160131608E+00    0.156883325017838216E+10    0.350354452489461633E+06   -0.742119549387902566E+02
    0.101032498864066089E+01    0.788233317319183779E+00    0.157528269232398486E+10    0.340302083659446565E+06   -0.742087049103931093E+02
    0.105320006832118818E+01    0.789537671057400914E+00    0.155655437904706812E+10    0.345219029244852951E+06   -0.742060843090053766E+02
    0.103466142477695189E+01    0.833759529174104230E+00    0.156080656342148089E+10    0.346845901169342338E+06   -0.742028678064054930E+02
    0.103107091031334175E+01    0.797663726063393419E+00    0.154911854489080954E+10    0.352909724989623122E+06   -0.741874679730693032E+02
    0.105137853080297194E+01    0.803227496392671103E+00    0.156027994322542214E+10    0.335452529937823012E+06   -0.741870469809644817E+02
    0.103075671315060657E+01    0.834979259769092153E+00    0.155977046315110826E+10    0.342476455505914870E+06   -0.741861942820084010E+02
    0.108521792400942618E+01    0.845182318000502253E+00    0.155683152031159472E+10    0.347475631095374993E+06   -0.741785168737719971E+02
    0.104334814372951912E+01    0.802261129554969532E+00    0.156382496362884283E+10    0.346626112867503427E+06   -0.741772497112880274E+02
    0.104565608459659276E+01    0.810386029034233513E+00    0.156541772861682367E+10    0.342530275261120056E+06   -0.741747054423455410E+02
    0.103873142012281972E+01    0.786213420279374020E+00    0.156008745455526423E+10    0.331631371789487079E+06   -0.741723724006659069E+02
    0.102335125319217068E+01    0.778539771380132528E+00    0.156883699492638278E+10    0.344675294543819560E+06   -0.741703921378062319E+02
    0.105711455654732278E+01    0.816603494461096258E+00    0.154637445822246289E+10    0.346877668063348683E+06   -0.741678725202719136E+02
    0.106331614406815644E+01    0.817460993014916593E+00    0.154465208146031451E+10    0.349355722043449176E+06   -0.741651417501935697E+02
    0.106331614406815644E+01    0.817460993014916593E+00    0.154465208146031451E+10    0.349355722043449176E+06   -0.741651417501935697E+02
    0.102448534370543998E+01    0.799588431629907781E+00    0.156356650179057288E+10    0.347315170048393367E+06   -0.741589944969943247E+02
    0.104507804943323457E+01    0.817894132577038580E+00    0.155369940838732576E+10    0.333895367148759426E+06   -0.741518737025486416E+02
    0.106904613209704391E+01    0.835479389906139680E+00    0.155340838656643367E+10    0.345759687592430157E+06   -0.741452138823456437E+02
    0.102166890553116563E+01    0.849658731895514219E+00    0.156518989403881693E+10    0.348528720115243632E+06   -0.741356473575643804E+02
    0.107899791234141840E+01    0.806188854728348225E+00    0.156035990972753453E+10    0.347732685414036212E+06   -0.741329175265990301E+02
    0.106334086156644680E+01    0.829305376285413232E+00    0.154752260464766121E+10    0.349416512837255199E+06   -0.741293878174576122E+02
    0.104563865159946534E+01    0.789628143578201325E+00    0.155834491853250718E+10    0.346310957190419373E+06   -0.741230359687780265E+02
    0.973025940346434637E+00    0.794687111223965292E+00    0.157556234689631844E+10    0.354521209501094534E+06   -0.741200800165273677E+02
    0.991424050486157449E+00    0.819836787402764777E+00    0.157173044446151924E+10    0.347280105571021617E+06   -0.741198832367824991E+02
    0.102854745894190658E+01    0.800826681061189483E+00    0.156311099285597205E+10    0.350929802733359102E+06   -0.741155485189049443E+02
    0.104264930847176851E+01    0.779990264770559438E+00    0.156220265465620184E+10    0.327810898337984167E+06   -0.741137282270167788E+02
    0.105036936957611160E+01    0.813878306736476542E+00    0.154945058999806166E+10    0.337798725909612316E+06   -0.741112036489697346E+02
    0.102312312509405601E+01    0.783736796274243197E+00    0.157104128555531836E+10    0.343525974386730697E+06   -0.741096989193162159E+02
    0.995853875612400796E+00    0.824092339600195345E+00    0.157549260092064095E+10    0.351044861368163663E+06   -0.741009704216671139E+02
    0.102924764720391448E+01    0.817871910831446947E+00    0.156333605190595651E+10    0.353160601508027292E+06   -0.740784273564953821E+02
    0.104230060835232496E+01    0.837193922264243717E+00    0.157149870305301380E+10    0.345399692806245235E+06   -0.740725668034678364E+02
    0.100819009588816577E+01    0.823569199126095164E+00    0.156386723711690712E+10    0.338794231272855715E+06   -0.740684862093012697E+02
    0.107431505282378081E+01    0.814652568211305272E+00    0.154316259180210686E+10    0.337850549335529504E+06   -0.740678044649759642E+02
    0.104258712179759017E+01    0.819081186603466183E+00    0.154820058897036171E+10    0.351202069260107120E+06   -0.740671305705885743E+02
    0.103530712409894843E+01    0.841850988127998967E+00    0.155697506606493926E+10    0.356294954621099518E+06   -0.740651756036208440E+02
    0.105642286791224449E+01    0.786389808321402484E+00    0.155595115502695680E+10    0.346846725775194820E+06   -0.740612232586719443E+02
    0.106301598224825566E+01    0.835236769118018696E+00    0.156365374740881157E+10    0.348452974537569098E+06   -0.740553304541929833E+02
    0.986133024552325876E+00    0.823209521540105627E+00    0.157187656053409433E+10    0.352004452623563120E+06   -0.740430635526943774E+02
    0.106935579622470733E+01    0.789530705945089117E+00    0.155674888980091023E+10    0.347848027728501649E+06   -0.740421943765213371E+02
    0.104049044736408036E+01    0.767337629590358006E+00    0.156486520524013138E+10    0.332447522986666416E+06   -0.740410050395759356E+02
    0.105102799576287498E+01    0.847817091148243218E+00    0.156029950652553606E+10    0.343281106994904170E+06   -0.740311315996566748E+02
    0.104561154946358781E+01    0.794726137389390797E+00    0.155794080931502962E+10    0.337844264625045937E+06   -0.740226040244593406E+02
    0.105348812245211532E+01    0.801716576999791375E+00    0.156987780743019533E+10    0.347414013077176758E+06   -0.740210068893861859E+02
    0.103330795739019354E+01    0.856982971029743634E+00    0.155385251069796276E+10    0.353947647997645370E+06   -0.740050928918084878E+02
    0.101802064024991945E+01    0.807049302803101831E+00    0.156142680010680556E+10    0.354409644803960982E+06   -0.737990262200000728E+02
    0.100520535372036246E+01    0.812088125939209871E+00    0.156685088995431304E+10    0.356769657838415063E+06   -0.739232878168478749E+02
    0.101221497946795158E+01    0.789294580582418526E+00    0.155985444642836332E+10    0.348668522621386859E+06   -0.733581329312844161E+02
    0.100676207816226038E+01    0.791095604095441551E+00    0.156175025013225532E+10    0.344310850584918633E+06   -0.739786019522935874E+02
    0.101224895401796688E+01    0.798070296115740874E+00    0.156103697996407366E+10    0.347608264209770481E+06   -0.732911616718848791E+02
    0.101224895401796688E+01    0.798070296115740874E+00    0.156103697996407366E+10    0.347608264209770481E+06   -0.732911616718848791E+02
    0.997494704764751106E+00    0.796784625398610391E+00    0.156411586494083095E+10    0.351810601250158390E+06   -0.738554903598013510E+02
    0.100128751285444295E+01    0.806743597942641610E+00    0.156454717760528445E+10    0.353709735362529696E+06   -0.739020529862680178E+02
    0.101168885298584810E+01    0.780969087579407528E+00    0.156475832511901021E+10    0.345668381193523877E+06   -0.735067511106734059E+02
    0.101123874559897242E+01    0.785462088398816149E+00    0.155850928392645693E+10    0.349654173398179235E+06   -0.733875644740156332E+02
    0.101123874559897242E+01    0.785462088398816149E+00    0.155850928392645693E+10    0.349654173398179235E+06   -0.733875644740156332E+02
    0.101606720537147632E+01    0.780419759447704031E+00    0.156136324485709071E+10    0.346862627575579332E+06   -0.738195101844452068E+02
    0.103260867531331879E+01    0.805899813107146201E+00    0.156810843220303273E+10    0.348436608888146176E+06   -0.737047669407159560E+02
    0.103475340593591625E+01    0.801065559226631585E+00    0.156893213971812844E+10    0.352459782529221498E+06   -0.736706062248011335E+02
    0.102388051670506042E+01    0.796493206736983428E+00    0.157285362991227555E+10    0.350268113607238804E+06   -0.735696156535690307E+02
    0.102477634475697843E+01    0.802308753884001469E+00    0.156681679172651505E+10    0.350738899221853295E+06   -0.737516783854841833E+02
    0.103259904160532634E+01    0.798893224212534392E+00    0.156019385865802026E+10    0.347704135927450086E+06   -0.736935438578828723E+02
    0.102633380899125992E+01    0.808823205960556013E+00    0.157332930962701201E+10    0.351251438756682677E+06   -0.739747411934733918E+02
    0.103505186272182725E+01    0.818262573071436350E+00    0.156141334895077324E+10    0.345519336294169188E+06   -0.732065504630398749E+02
    0.103505186272182725E+01    0.818262573071436350E+00    0.156141334895077324E+10    0.345519336294169188E+06   -0.732065504630398749E+02
    0.104086064763860486E+01    0.784674307945593341E+00    0.156932061658468819E+10    0.351175684774111316E+06   -0.735577995679268071E+02
    0.104086064763860486E+01    0.784674307945593341E+00    0.156932061658468819E+10    0.351175684774111316E+06   -0.735577995679268071E+02
    0.104265054503764598E+01    0.815405505251527440E+00    0.155823393032366848E+10    0.346485387249647698E+06   -0.733973129007076182E+02
    0.104100578628440799E+01    0.823320618301391249E+00    0.156568873220502186E+10    0.344011746207482473E+06   -0.736554677004047562E+02
    0.105555238200163659E+01    0.830935706278914221E+00    0.156830782833726597E+10    0.347270485121603706E+06   -0.738023144835152891E+02
    0.105477865854806829E+01    0.840848663234595950E+00    0.155956308628150916E+10    0.347059086648056807E+06   -0.737260336897073785E+02
    0.105506907883471368E+01    0.842555435410297093E+00    0.155848140231964922E+10    0.344960126144773851E+06   -0.737081866312417162E+02
    0.105955628638794663E+01    0.807851099563174468E+00    0.156570866232544041E+10    0.348085452876972209E+06   -0.737738993060513906E+02
    0.104457973511504987E+01    0.833611980225497540E+00    0.155516130222025776E+10    0.347380297131256724E+06   -0.736752767856013122E+02
    0.104992370948283642E+01    0.814784125347359556E+00    0.155888552206207585E+10    0.347394937868475798E+06   -0.734637403940426594E+02
    0.104992370948283642E+01    0.814784125347359556E+00    0.155888552206207585E+10    0.347394937868475798E+06   -0.734637403940426594E+02
    0.996247354211380332E+00    0.806061627503302791E+00    0.158377913324313879E+10    0.349952840671090875E+06   -0.740044463507567798E+02
    0.101423205569394059E+01    0.820821281998504126E+00    0.157854437001773548E+10    0.344087635050088866E+06   -0.738093798853448817E+02
    0.999010615831232407E+00    0.806489459080185433E+00    0.157564902174606347E+10    0.342928419856327062E+06   -0.735239779870176733E+02
    0.999010615831232407E+00    0.806489459080185433E+00    0.157564902174606347E+10    0.342928419856327062E+06   -0.735239779870176733E+02
    0.100033828688309345E+01    0.796008679039700962E+00    0.157839340989146948E+10    0.340955681024011865E+06   -0.738260961359971475E+02
    0.101208245243375461E+01    0.821772951948005925E+00    0.156825334101177120E+10    0.344695339692318172E+06   -0.739696934440270581E+02
    0.101715407129418400E+01    0.834781107156833180E+00    0.156141125361728454E+10    0.346129384210553661E+06   -0.735996633750398388E+02
    0.101826468086885713E+01    0.833011039051856361E+00    0.157052351168133640E+10    0.345530615719961876E+06   -0.734457226032757262E+02
    0.101826468086885713E+01    0.833011039051856361E+00    0.157052351168133640E+10    0.345530615719961876E+06   -0.734457226032757262E+02
    0.994757861618489003E+00    0.834930285321655585E+00    0.157428471603461623E+10    0.351490893304304976E+06   -0.738801035165972309E+02
    0.100808081620418188E+01    0.814046587913284547E+00    0.156910177933155775E+10    0.346326739618869731E+06   -0.738323537668797201E+02
    0.100191417100954672E+01    0.833084674618536081E+00    0.156791788667299485E+10    0.346569411193216394E+06   -0.737846797791334552E+02
    0.102751828147926183E+01    0.802244836843707620E+00    0.155992166368528175E+10    0.338958562721745286E+06   -0.739427218354877169E+02
    0.102820360134652855E+01    0.809708522651469309E+00    0.155942151765894437E+10    0.339707280976711540E+06   -0.736311542660373703E+02
    0.103829822144112938E+01    0.810031079559124123E+00    0.156635747265268159E+10    0.338026996412490204E+06   -0.738736338731935689E+02
    0.101457205289850871E+01    0.818771287080634735E+00    0.155953102912890697E+10    0.337092129863803100E+06   -0.738789865442412150E+02
    0.103020690654804103E+01    0.818215799539215638E+00    0.155974454058521223E+10    0.337813114236133464E+06   -0.739808736592157459E+02
    0.102056113125940473E+01    0.809988603440577215E+00    0.156415231068731093E+10    0.338156627191101434E+06   -0.735446814709181211E+02
    0.102440308806370006E+01    0.786948116951759147E+00    0.156735022397569084E+10    0.345152751121631358E+06   -0.737150880807966757E+02
    0.101991273939631122E+01    0.773537444167979427E+00    0.156931259107250428E+10    0.342235393063307216E+06   -0.734582964648774350E+02
    0.101991273939631122E+01    0.773537444167979427E+00    0.156931259107250428E+10    0.342235393063307216E+06   -0.734582964648774350E+02
    0.104054332279714989E+01    0.785183472884886768E+00    0.157422646362404776E+10    0.340992993103428511E+06   -0.739518275913199403E+02
    0.102050751385566563E+01    0.785243678789537825E+00    0.156278150405503821E+10    0.341055274495324120E+06   -0.739864159553222294E+02
    0.103507967689236624E+01    0.797859552023229224E+00    0.156246895558939147E+10    0.339887360778414411E+06   -0.737179992352144922E+02
    0.102514143822197323E+01    0.784229535856066473E+00    0.155820586496231604E+10    0.342093146634338074E+06   -0.739475715276962404E+02
    0.104612339958426404E+01    0.787430955128968879E+00    0.156343448097204638E+10    0.341443138743086485E+06   -0.736665570740044444E+02
    0.103811803472492681E+01    0.785280566717793782E+00    0.155907327271518755E+10    0.342196158605539240E+06   -0.737637932941123466E+02
    0.105220182848009358E+01    0.787035863924835599E+00    0.155731168237980843E+10    0.343147541042225901E+06   -0.738392630528471727E+02
    0.102722322069653482E+01    0.783715163859936226E+00    0.155917038212852836E+10    0.339717438281684997E+06   -0.738721375043589461E+02
    0.105101425756945277E+01    0.779097486818428830E+00    0.155611933265151930E+10    0.337043907422386517E+06   -0.738145160810899625E+02
    0.103567905265677518E+01    0.788500940878723799E+00    0.156139953382006073E+10    0.334186843595883867E+06   -0.733929491970238246E+02
    0.103567905265677518E+01    0.788500940878723799E+00    0.156139953382006073E+10    0.334186843595883867E+06   -0.733929491970238246E+02
    0.103839525118463394E+01    0.779796699052933473E+00    0.156175607214097261E+10    0.337068874059227877E+06   -0.739293291260969596E+02
    0.103948117451865762E+01    0.794737798368445159E+00    0.155595932626327753E+10    0.338369634805185720E+06   -0.739338192470737994E+02
    0.102191471558616254E+01    0.783366175073785698E+00    0.155925577048992586E+10    0.340146340194951510E+06   -0.735461532337396875E+02
    0.103090845362870898E+01    0.796180317358354817E+00    0.155442822962621903E+10    0.341802277424431755E+06   -0.738856870039509772E+02
    0.106146488736152822E+01    0.795956636052566058E+00    0.157058997940326619E+10    0.349364747109912278E+06   -0.739061164084525046E+02
    0.105074882262528169E+01    0.805383328507016216E+00    0.156647577408261156E+10    0.339171338892297761E+06   -0.738544731233047855E+02
    0.103754529350410873E+01    0.799112989211990588E+00    0.157745220452119040E+10    0.339524413543731440E+06   -0.735505926105998071E+02
    0.103754529350410873E+01    0.799112989211990588E+00    0.157745220452119040E+10    0.339524413543731440E+06   -0.735505926105998071E+02
    0.104536181290983543E+01    0.848674169354845631E+00    0.156334385269344497E+10    0.335776413151317218E+06   -0.736540032746589901E+02
    0.104536181290983543E+01    0.848674169354845631E+00    0.156334385269344497E+10    0.335776413151317218E+06   -0.736540032746589901E+02
    0.104588294422919126E+01    0.811181312508265417E+00    0.154866119086893916E+10    0.342143988690839673E+06   -0.734003764095639468E+02
    0.105555836517268453E+01    0.806505571303314017E+00    0.153982562944848895E+10    0.342992882850868220E+06   -0.735268332158954365E+02
    0.107208142754101199E+01    0.822640775241492150E+00    0.154785833987068367E+10    0.340547176384884398E+06   -0.738376679328139716E+02
    0.107236496263941472E+01    0.812535276784459359E+00    0.155069094231199384E+10    0.337333201281839982E+06   -0.738046953521111391E+02
    0.106046012826282698E+01    0.811571096746825038E+00    0.155462416591569972E+10    0.337498465716410603E+06   -0.734279426473746355E+02
    0.106993371623169309E+01    0.826109783262568786E+00    0.153782682611567521E+10    0.338190808914776018E+06   -0.738367299720140693E+02
    0.107677783505007008E+01    0.824005883263654759E+00    0.154450170725747705E+10    0.337811900526278070E+06   -0.737901327288631421E+02
    0.104510788272945354E+01    0.804326093738502834E+00    0.154093974913062906E+10    0.342910049726786441E+06   -0.736590938017956915E+02
    0.105112512620339205E+01    0.805762077848550806E+00    0.154922933932957149E+10    0.341818138516506413E+06   -0.736075446157616398E+02
    0.105124987940931591E+01    0.808529736964894497E+00    0.154930960236929965E+10    0.338320359753850440E+06   -0.736637277384493956E+02
    0.105124987940931591E+01    0.808529736964894497E+00    0.154930960236929965E+10    0.338320359753850440E+06   -0.736637277384493956E+02
    0.104245533081853536E+01    0.796866495678529851E+00    0.154777218545392108E+10    0.344322091327934409E+06   -0.738470886035076433E+02
    0.105732319610304426E+01    0.804249364777489983E+00    0.154501275541005993E+10    0.339894776305298612E+06   -0.738383134367411031E+02
    0.103485515754822477E+01    0.806426073857587244E+00    0.154651980815508938E+10    0.342670566647706786E+06   -0.737799398262088459E+02
    0.107864870311760397E+01    0.834263672262935962E+00    0.155296412076406670E+10    0.343082124311031424E+06   -0.739562781390892781E+02
    0.107205440434798760E+01    0.807117602666439282E+00    0.155159865632389688E+10    0.347909918524295324E+06   -0.738537290405978126E+02
    0.107286835380413437E+01    0.810327242601768916E+00    0.156074101443269491E+10    0.344089376398928114E+06   -0.737511879356546132E+02
    0.108686677204326343E+01    0.806659874193265125E+00    0.156081492625767303E+10    0.344665772521201870E+06   -0.739634596290041060E+02
    0.106095705588918343E+01    0.806182111534516022E+00    0.155859562680142689E+10    0.341678675940851215E+06   -0.734956509703801260E+02
    0.107815406719830431E+01    0.815261586983301090E+00    0.156125991086074567E+10    0.345503863016482210E+06   -0.738633370243263698E+02
    0.107087520747749654E+01    0.815401558081117361E+00    0.156557297171586895E+10    0.344026667048578733E+06   -0.740023724023513978E+02
    0.106362185744491500E+01    0.797212667902003957E+00    0.156164011187680030E+10    0.342301747090333200E+06   -0.738382227008735583E+02
    0.107770709487387917E+01    0.826727972038504344E+00    0.155381172469439960E+10    0.346798961075035157E+06   -0.737927551365852850E+02
    0.102656451762671974E+01    0.841870025980387737E+00    0.156320024161132240E+10    0.343740782135978981E+06   -0.739588352940896527E+02
    0.103638752957749891E+01    0.833355492394001640E+00    0.156143054956705403E+10    0.346429768670076504E+06   -0.739118532736559075E+02
    0.104323168970013147E+01    0.850637399116701332E+00    0.156272347637301612E+10    0.348607352566917660E+06   -0.738651033430907376E+02
    0.104250249061882294E+01    0.826457510843506160E+00    0.156030505857325625E+10    0.351215627052957308E+06   -0.737547007557608651E+02
    0.104460449060793392E+01    0.848452451352710302E+00    0.156049642387174845E+10    0.347302600875107455E+06   -0.738023134709501960E+02
    0.104118248918568601E+01    0.857596094390620234E+00    0.156262242931065798E+10    0.349397606219813402E+06   -0.736343280339886803E+02
    0.104484564047296713E+01    0.851763825116036433E+00    0.155833001200754499E+10    0.347199459633905964E+06   -0.739624635612926511E+02
    0.104911858082801235E+01    0.823430151368661711E+00    0.154482508642277408E+10    0.351402652230644890E+06   -0.739924701769217990E+02
    0.103738698859290346E+01    0.848843009115280989E+00    0.155150408690099454E+10    0.354969570323131338E+06   -0.739996611518714644E+02
    0.104615725829264750E+01    0.829091077673369092E+00    0.155999200216552854E+10    0.353611214029660448E+06   -0.739812032665060570E+02
    0.107416830646503603E+01    0.848289165947726964E+00    0.155753203755421400E+10    0.347330535253992537E+06   -0.733709979562995329E+02
    0.107359237088339987E+01    0.838986475239044349E+00    0.155050991184013939E+10    0.351544061027187738E+06   -0.737766051880036855E+02
