    0.284435720187279195E+00    0.581756205274770899E+00    0.413078379377061081E+10    0.600945645432582125E+06   -0.180953831981987889E+03
    0.314969464171525160E+00    0.535571161189889899E+00    0.421716705001736069E+10    0.594934976621369366E+06   -0.180021285418371377E+03
    0.275565361511906304E+00    0.572681863669595170E+00    0.405933121862564039E+10    0.592760832334979554E+06   -0.179895312738967846E+03
    0.331493038329579770E+00    0.561218691713082585E+00    0.405882851328779936E+10    0.614028812193212332E+06   -0.179199306437061779E+03
    0.324170362314271487E+00    0.602808215093433741E+00    0.389795599502188969E+10    0.587202282858498977E+06   -0.179176601129893868E+03
    0.320842804118388170E+00    0.564567946974374735E+00    0.413166972204668617E+10    0.584182425599580747E+06   -0.178776816853177309E+03
    0.260773994945823873E+00    0.572809831208729747E+00    0.409528975513988876E+10    0.632789984497654834E+06   -0.178449278517029626E+03
    0.336125013819193297E+00    0.594336466705380317E+00    0.407296830614004612E+10    0.583654413384755724E+06   -0.177872157409170768E+03
    0.296321897706481041E+00    0.571247372043467205E+00    0.407201413740723753E+10    0.578650556969994446E+06   -0.177746995143675747E+03
    0.237790513899296591E+00    0.584478476589053830E+00    0.425939926320527887E+10    0.597555474054860300E+06   -0.177650814015535587E+03
    0.335820268829670199E+00    0.624497182573731102E+00    0.408706832940347719E+10    0.589701789056954323E+06   -0.177583297333054787E+03
    0.301594871828117617E+00    0.610099167045902391E+00    0.420084411560557270E+10    0.547227265694102854E+06   -0.177499701329113861E+03
    0.267047561620791907E+00    0.580870589367413093E+00    0.432545301889423370E+10    0.622370440641573747E+06   -0.177474206538625964E+03
    0.297462060458561939E+00    0.586541140503718417E+00    0.407996376552899837E+10    0.579525621165669407E+06   -0.177423721326294867E+03
    0.284363908646388275E+00    0.537573754201190024E+00    0.428327867730815077E+10    0.597112423764876439E+06   -0.177421984029428387E+03
    0.284320540837030400E+00    0.540953844857254396E+00    0.413542625292323923E+10    0.605439669217949384E+06   -0.177345834582538174E+03
    0.321884903123551891E+00    0.606978777214358445E+00    0.418500099943253136E+10    0.567252060387198813E+06   -0.177046451212711020E+03
    0.294832190225664148E+00    0.566764230555038218E+00    0.432371308338723373E+10    0.545630711418190273E+06   -0.176938649552856077E+03
    0.329020903980113133E+00    0.552710105695784382E+00    0.417593218591808605E+10    0.546895215116651030E+06   -0.176839601163544728E+03
    0.342111205388227257E+00    0.568283720734955811E+00    0.420008007878826714E+10    0.532713349497779505E+06   -0.176831180582202876E+03
    0.364539951350695335E+00    0.605022298137049663E+00    0.403736932518894482E+10    0.584135067326118471E+06   -0.176722704928448479E+03
    0.292941373130403915E+00    0.547028721680208108E+00    0.421969344906814575E+10    0.555049444473530748E+06   -0.176692461880117264E+03
    0.298969264687262759E+00    0.495573760189719881E+00    0.423165193323837042E+10    0.532351115904998849E+06   -0.176674462620954785E+03
    0.247126642014349418E+00    0.543095394443661394E+00    0.430712778744897938E+10    0.576301732071385253E+06   -0.176672120317375970E+03
    0.269977685308255666E+00    0.570410216172090312E+00    0.428062706318878651E+10    0.573028959656045772E+06   -0.176489039564402447E+03
    0.351014314288133122E+00    0.562480773880142948E+00    0.413769645047216082E+10    0.570081911753979744E+06   -0.176436168590334432E+03
    0.301296403081666719E+00    0.582823020713688855E+00    0.428638349394100809E+10    0.546648135907403775E+06   -0.176419766875116295E+03
    0.320722261388787955E+00    0.553601818970315129E+00    0.421443929884853268E+10    0.547077722615148290E+06   -0.176411725751838929E+03
    0.292469672656662238E+00    0.516335085952892570E+00    0.427838265624454546E+10    0.595858664478462306E+06   -0.176304427387082569E+03
    0.292352592556566593E+00    0.586110479034258169E+00    0.422069300940301514E+10    0.605198260230273008E+06   -0.176277822064913920E+03
    0.303518651078077406E+00    0.590064646594159914E+00    0.414348444280086803E+10    0.546304820582084823E+06   -0.176272699648948048E+03
    0.328614188609634039E+00    0.546525165523686685E+00    0.417431128646163988E+10    0.624856391830673092E+06   -0.176209161593407771E+03
    0.283887831727898554E+00    0.611528119157523697E+00    0.424954437244052076E+10    0.590235900325248600E+06   -0.176114658886869847E+03
    0.329325703958788796E+00    0.576993899079206507E+00    0.419376899595892143E+10    0.584558451948705013E+06   -0.176106992426585123E+03
    0.292328839334272061E+00    0.573508859541665306E+00    0.432869582725629616E+10    0.584419928034372744E+06   -0.176026257568652170E+03
    0.354286990374964028E+00    0.555904303506730368E+00    0.393051767691597700E+10    0.598264011263352819E+06   -0.176026052545082564E+03
    0.324351970813979040E+00    0.542171335632630313E+00    0.405019652797281265E+10    0.585862675542798592E+06   -0.175986514578446361E+03
    0.324087273072556858E+00    0.558555418348318344E+00    0.397825732988611698E+10    0.589871017966118408E+06   -0.175980521717505326E+03
    0.316504656380674931E+00    0.571718685735882470E+00    0.421542584109162617E+10    0.571985124317684094E+06   -0.175960122873635299E+03
    0.350893223285492772E+00    0.506514205592934363E+00    0.404960460084412527E+10    0.557297315028195851E+06   -0.175959150808529444E+03
    0.336563993825107932E+00    0.600161318058994198E+00    0.407688483672490168E+10    0.543881723684571567E+06   -0.175948069618194864E+03
    0.375809824741450138E+00    0.584530149727693793E+00    0.394901614179667044E+10    0.589940926322616404E+06   -0.175929615599573566E+03
    0.268786477868479978E+00    0.516263996750535803E+00    0.422824915006509781E+10    0.597565347488434985E+06   -0.175923530198105311E+03
    0.254867332628667398E+00    0.553479595304060101E+00    0.428654939393089056E+10    0.594092066489337129E+06   -0.175889709357948107E+03
    0.328876514704759315E+00    0.546598725605409896E+00    0.411690245989744425E+10    0.557410561352614081E+06   -0.175866695553910887E+03
    0.277412232726072516E+00    0.612647778410372990E+00    0.421887336829452085E+10    0.581343543458091794E+06   -0.175812907903293791E+03
    0.316902471383795126E+00    0.582749958773042032E+00    0.400642706346340036E+10    0.560588583308001165E+06   -0.175774279838520073E+03
    0.346282433792284627E+00    0.530469450138148613E+00    0.402351808281179523E+10    0.566958493348518270E+06   -0.175746734506528128E+03
    0.315256080124636240E+00    0.550973429840275752E+00    0.420757411551004028E+10    0.567385553554304526E+06   -0.175741660009209141E+03
    0.300638251364250764E+00    0.556338842667734479E+00    0.421875283185304642E+10    0.572789289580105687E+06   -0.175735068853153052E+03
    0.314357783183440653E+00    0.605614018133163512E+00    0.427518299944906282E+10    0.552454336944203242E+06   -0.175716496167146659E+03
    0.292265319127451351E+00    0.548901235606753968E+00    0.433140328294589615E+10    0.577068616614584578E+06   -0.175712362691817304E+03
    0.308472372224318392E+00    0.592489141615698323E+00    0.425498723717351437E+10    0.536776730869228020E+06   -0.175658297965858424E+03
    0.323689101007269997E+00    0.610335187833579429E+00    0.402350842010928965E+10    0.573043297322920873E+06   -0.175605088255977080E+03
    0.284479885897207851E+00    0.538043446326046393E+00    0.428033021985326529E+10    0.586232240872420021E+06   -0.175545384094852011E+03
    0.329164848399788157E+00    0.578421813452799860E+00    0.413362232619780970E+10    0.567087676710242173E+06   -0.175545126895573333E+03
    0.264299108442726360E+00    0.560604736413294003E+00    0.427255847123448229E+10    0.578942839856316103E+06   -0.175533541701890670E+03
    0.352742741267158322E+00    0.559816346932291431E+00    0.407445752125535154E+10    0.567354119758298737E+06   -0.175484520267561635E+03
    0.307187129180851337E+00    0.562512550133731359E+00    0.420841206396033192E+10    0.594419001209973823E+06   -0.175481525576613706E+03
    0.280838992503025797E+00    0.551654051927620070E+00    0.419642118675872183E+10    0.561761212749351980E+06   -0.175473311336211708E+03
    0.277323705591205116E+00    0.559649526022196753E+00    0.430722428747989273E+10    0.592634963439788204E+06   -0.175423126575683455E+03
    0.269413896006799158E+00    0.528087216951840244E+00    0.436255700930735970E+10    0.584059278486935422E+06   -0.175328333068694008E+03
    0.303107055430961447E+00    0.547933818511800563E+00    0.407493929292039061E+10    0.619502865424500196E+06   -0.175276376518463678E+03
    0.321971855444885824E+00    0.582508642972069168E+00    0.401229816346144247E+10    0.550370873194497428E+06   -0.175273689280924771E+03
    0.273998421547004545E+00    0.564814002385181535E+00    0.428843572392521191E+10    0.573408261997053982E+06   -0.175273321040240376E+03
    0.301454500125139857E+00    0.595746959520291774E+00    0.412920875196637297E+10    0.618959490313935094E+06   -0.175231259305789507E+03
    0.274415999800774968E+00    0.546484165258317667E+00    0.418549089063762999E+10    0.596797667903666967E+06   -0.175231095505574615E+03
    0.282446019032964069E+00    0.515061761203312596E+00    0.412208635417525673E+10    0.589373475430150400E+06   -0.175230257821783823E+03
    0.292058725960150256E+00    0.560920087055396088E+00    0.411349576523645782E+10    0.575712403197056265E+06   -0.175218197985595538E+03
    0.333412608635590246E+00    0.571144065087012098E+00    0.406776277812125444E+10    0.561899795047766413E+06   -0.175215598681805886E+03
    0.284902487670533167E+00    0.600688664875183687E+00    0.426944094808538103E+10    0.584256489549965132E+06   -0.175205856263063509E+03
    0.317657551454206988E+00    0.618277770026437246E+00    0.418031241621518135E+10    0.594443191830942873E+06   -0.175169900823855812E+03
    0.292488503082571516E+00    0.578668913221074721E+00    0.430548631640243340E+10    0.553624823339184746E+06   -0.175164436776565651E+03
    0.311858405824020191E+00    0.575177926971183862E+00    0.409364740839195538E+10    0.576533833834214834E+06   -0.175150367432763488E+03
    0.283353991377406356E+00    0.601877161120325965E+00    0.426831685965063810E+10    0.553683099092443241E+06   -0.175144144560964804E+03
    0.299780598215901584E+00    0.528486640569810984E+00    0.416234818346773005E+10    0.570489118997694575E+06   -0.175128989907133644E+03
    0.322768667258757858E+00    0.555829234369286329E+00    0.407624040602666330E+10    0.577146378279782017E+06   -0.175122946203070057E+03
    0.304425276665945543E+00    0.570477073037127802E+00    0.410349481286770868E+10    0.573101760514104739E+06   -0.175116546577158147E+03
    0.261621076888828907E+00    0.552016368737358043E+00    0.421678474872412777E+10    0.600367114314737846E+06   -0.175101722087848827E+03
    0.264967494523610680E+00    0.519407661601183346E+00    0.414557008312733364E+10    0.592935779809920699E+06   -0.175101697492580399E+03
    0.280825106046851514E+00    0.574072930506956958E+00    0.413927576082693386E+10    0.554728199069214053E+06   -0.175086672728133550E+03
    0.314898722700860279E+00    0.527688579868481611E+00    0.415238067906135225E+10    0.567287920129982755E+06   -0.175079240651143380E+03
    0.330821106284081456E+00    0.599803052506627576E+00    0.412773728709653139E+10    0.570776310960139148E+06   -0.175069093352300143E+03
    0.329117739911611029E+00    0.540464572491865969E+00    0.399243175397402096E+10    0.566256539521608036E+06   -0.175048949569011256E+03
    0.321213480929857353E+00    0.543101814710266861E+00    0.411735562234342098E+10    0.571597012132736156E+06   -0.175036258957313777E+03
    0.308131712549319869E+00    0.580379616535925180E+00    0.427685474176701498E+10    0.589598351955620572E+06   -0.175034454455388413E+03
    0.282680397948578133E+00    0.496753698377999431E+00    0.409710293259027672E+10    0.599589537685309886E+06   -0.175010907974858810E+03
    0.289592539764906898E+00    0.580571523279201251E+00    0.426654459489949322E+10    0.557907976171532297E+06   -0.175008354036758931E+03
    0.316637558822785881E+00    0.608304555185128049E+00    0.419162018776177168E+10    0.546835217383032199E+06   -0.175007888109007922E+03
    0.305836198650501989E+00    0.594319247466036593E+00    0.410348505413593102E+10    0.553833510897046537E+06   -0.174984453136303358E+03
    0.302864122534248381E+00    0.557968078427347081E+00    0.420938218193821049E+10    0.582110586325629381E+06   -0.174976901510012340E+03
    0.300887621086102452E+00    0.535192854783611782E+00    0.424715236725347757E+10    0.572569235806383309E+06   -0.174972454823910027E+03
    0.298969170564857500E+00    0.526495258849208447E+00    0.426299223445790148E+10    0.555495454059456591E+06   -0.174968532186316594E+03
    0.314445861351355938E+00    0.571138661077974064E+00    0.424450848660870838E+10    0.585109566392514273E+06   -0.174924644033256101E+03
    0.319660006549912223E+00    0.598719728167154130E+00    0.409792085594558954E+10    0.566314187118608970E+06   -0.174894706830236260E+03
    0.274283309392424346E+00    0.588158908645164402E+00    0.412682023046652937E+10    0.583663897666271543E+06   -0.174867663832359995E+03
    0.323995961630131446E+00    0.574078032865781740E+00    0.408198080175682878E+10    0.587866984168032766E+06   -0.174859228825135943E+03
    0.295259145272454893E+00    0.563153907859121894E+00    0.416529207908107090E+10    0.566577703700780636E+06   -0.174850630650503831E+03
    0.293866796310063572E+00    0.565004801900104159E+00    0.427008858821148109E+10    0.570461407096142066E+06   -0.174847263393788182E+03
    0.352087893737751123E+00    0.571431256397335829E+00    0.409009071638309431E+10    0.561748823547303211E+06   -0.174829250351481903E+03
    0.344769543161709380E+00    0.556853637400987811E+00    0.415197418440684319E+10    0.562807743584227515E+06   -0.174827999495011198E+03
    0.344769543161709380E+00    0.556853637400987811E+00    0.415197418440684319E+10    0.562807743584227515E+06   -0.174827999495011198E+03
    0.305985506125797224E+00    0.590847271135100272E+00    0.412115743783298969E+10    0.563284778480905574E+06   -0.174780337244168095E+03
    0.277042843152638552E+00    0.562416072566500613E+00    0.435280039048852444E+10    0.567375537905276171E+06   -0.174774682101707185E+03
    0.277042843152638552E+00    0.562416072566500613E+00    0.435280039048852444E+10    0.567375537905276171E+06   -0.174774682101707185E+03
    0.316570234012895635E+00    0.588771617789804580E+00    0.410620950465460825E+10    0.563849226585148019E+06   -0.174773835729364464E+03
    0.317099769944446830E+00    0.627013210186772696E+00    0.402489795016702175E+10    0.579714529482273269E+06   -0.174768014034617465E+03
    0.266954531382276428E+00    0.591050557340886851E+00    0.417878824825095844E+10    0.594353547538753366E+06   -0.174764186052112564E+03
    0.309321190546556490E+00    0.567847725417433669E+00    0.418873713406696129E+10    0.546795153328804998E+06   -0.174762970373767757E+03
    0.335380312684745496E+00    0.592473597060788837E+00    0.411785354968681288E+10    0.570468958893163246E+06   -0.174755100797636601E+03
    0.335380312684745496E+00    0.592473597060788837E+00    0.411785354968681288E+10    0.570468958893163246E+06   -0.174755100797636601E+03
    0.302094290201544824E+00    0.540281304938081242E+00    0.409148747379117537E+10    0.602475280359865399E+06   -0.174751855998542226E+03
    0.294222072536878654E+00    0.561888928620449590E+00    0.409368353598931122E+10    0.574614029414782068E+06   -0.174739184764427819E+03
    0.296556115301571499E+00    0.578490117826974792E+00    0.412160756288683414E+10    0.567134950300787226E+06   -0.174721378274423813E+03
    0.317372630569181746E+00    0.571338660605675841E+00    0.418359319002110291E+10    0.589695559049614822E+06   -0.174717408633821123E+03
    0.310856708773287860E+00    0.580743202894565158E+00    0.406998990292359352E+10    0.569893353210322093E+06   -0.174705409019876981E+03
    0.310856708773287860E+00    0.580743202894565158E+00    0.406998990292359352E+10    0.569893353210322093E+06   -0.174705409019876981E+03
    0.269512055077689772E+00    0.540222247701627190E+00    0.417972055118550396E+10    0.566965010720364167E+06   -0.174704892646405938E+03
    0.312259827832182146E+00    0.560264381538392531E+00    0.403350477216398239E+10    0.591716692581313779E+06   -0.174703579070714852E+03
    0.272856740650746554E+00    0.560908614510076564E+00    0.426337411059875059E+10    0.583087328235326451E+06   -0.174697696381032301E+03
    0.300005221113929355E+00    0.593324020852285638E+00    0.419654767897766495E+10    0.597782339059404796E+06   -0.174694978783141210E+03
    0.296112490406949480E+00    0.590936672636839244E+00    0.410186104419874620E+10    0.573622899076022441E+06   -0.174692636354615331E+03
    0.307299702161113519E+00    0.526997543516770417E+00    0.411088749753703499E+10    0.603869444370604237E+06   -0.174685331422273748E+03
    0.302805356421044447E+00    0.562742281742804717E+00    0.413877149468152380E+10    0.549285364644861780E+06   -0.174652278967720946E+03
    0.302805356421044447E+00    0.562742281742804717E+00    0.413877149468152380E+10    0.549285364644861780E+06   -0.174652278967720946E+03
    0.321424371519148044E+00    0.535181226631237461E+00    0.416150135159519768E+10    0.552888333211442572E+06   -0.174647990449499190E+03
    0.350346453402760716E+00    0.584006541275988056E+00    0.406077678956969023E+10    0.564198359118417487E+06   -0.174631601782093441E+03
    0.288468010113473505E+00    0.554928240011375085E+00    0.414308351842185116E+10    0.559562323877122719E+06   -0.174622810588553392E+03
    0.288468010113473505E+00    0.554928240011375085E+00    0.414308351842185116E+10    0.559562323877122719E+06   -0.174622810588553392E+03
    0.316987034655407784E+00    0.552068342269547596E+00    0.396661359154913044E+10    0.578826137709162314E+06   -0.174610094799890646E+03
    0.328937786865252046E+00    0.538167893218113313E+00    0.400860304634266090E+10    0.569663452913886984E+06   -0.174580284301203449E+03
    0.328937786865252046E+00    0.538167893218113313E+00    0.400860304634266090E+10    0.569663452913886984E+06   -0.174580284301203449E+03
    0.284849872670051407E+00    0.526266789611044228E+00    0.414035320943389177E+10    0.596607850843919790E+06   -0.174538922580287647E+03
    0.302719370258484388E+00    0.599759850540331652E+00    0.427309283046908808E+10    0.592920810590978712E+06   -0.174532607927320726E+03
    0.297783120503541276E+00    0.548194327148265437E+00    0.422514478585159636E+10    0.576909550197784090E+06   -0.174527640437299908E+03
    0.271936303939172785E+00    0.602768693295097968E+00    0.424772394456052065E+10    0.600388238884167047E+06   -0.174483671031772474E+03
    0.290941517219793222E+00    0.548088122795352906E+00    0.414035964868974304E+10    0.566453791379732080E+06   -0.174476739840942145E+03
    0.281719678408445751E+00    0.559589714539643790E+00    0.409251976896759510E+10    0.569503993831883301E+06   -0.174474610725134966E+03
    0.281719678408445751E+00    0.559589714539643790E+00    0.409251976896759510E+10    0.569503993831883301E+06   -0.174474610725134966E+03
    0.261320419917824787E+00    0.600095818565641981E+00    0.423916360565610647E+10    0.575443880887358100E+06   -0.174471885750426054E+03
    0.265127779278172993E+00    0.542898331043045523E+00    0.418044724937441397E+10    0.583168839313082397E+06   -0.174452150244507664E+03
    0.304141556015727954E+00    0.594421078086739829E+00    0.412591628303214693E+10    0.571093970454138820E+06   -0.174432878994749728E+03
    0.304141556015727954E+00    0.594421078086739829E+00    0.412591628303214693E+10    0.571093970454138820E+06   -0.174432878994749728E+03
    0.339879729832493815E+00    0.513587211663755649E+00    0.411524035546891689E+10    0.564554660807635984E+06   -0.174414087134585486E+03
    0.299762990855619693E+00    0.555190861352039544E+00    0.421020081218677378E+10    0.596422680854987702E+06   -0.174372154277308596E+03
    0.328780443031818137E+00    0.582009526057703841E+00    0.407843929896726942E+10    0.566414131769727450E+06   -0.174361973202442101E+03
    0.329906213594098163E+00    0.567131982007325064E+00    0.408185562519583082E+10    0.573798263847242692E+06   -0.174359447415358602E+03
    0.325539651124974239E+00    0.609928579535076842E+00    0.408302597980398703E+10    0.565170676801515627E+06   -0.174348530700832271E+03
    0.288097168254485669E+00    0.587487370835809930E+00    0.416064075759025908E+10    0.563184453181098448E+06   -0.174316046250528416E+03
    0.323638500663482542E+00    0.578946661270233864E+00    0.396043735707836342E+10    0.583328723358585499E+06   -0.174312941750504308E+03
    0.308573081351813661E+00    0.563427684602432421E+00    0.406831239645199299E+10    0.576674628892626264E+06   -0.174310193006507404E+03
    0.308573081351813661E+00    0.563427684602432421E+00    0.406831239645199299E+10    0.576674628892626264E+06   -0.174310193006507404E+03
    0.288763188171571539E+00    0.587948274531009396E+00    0.428369397912602091E+10    0.588519088779699174E+06   -0.174305700172125739E+03
    0.290723440752880091E+00    0.548392343801297422E+00    0.412504684393813419E+10    0.575101109190331306E+06   -0.174287704544437531E+03
    0.290723440752880091E+00    0.548392343801297422E+00    0.412504684393813419E+10    0.575101109190331306E+06   -0.174287704544437531E+03
    0.320807816856737038E+00    0.554296897862464721E+00    0.403613778329951191E+10    0.592595581928850734E+06   -0.174271792875473182E+03
    0.331909486747319460E+00    0.571961624315869166E+00    0.399539185588605022E+10    0.568999374791314243E+06   -0.174247932536683436E+03
    0.291021810195496555E+00    0.585764696904601756E+00    0.412500450919017363E+10    0.572812270575327566E+06   -0.174243753518073504E+03
    0.299687714266780370E+00    0.569379398698334871E+00    0.419180313155399323E+10    0.559999754006406642E+06   -0.174233642367305407E+03
    0.330894037158941279E+00    0.617552717290142716E+00    0.414050593480052185E+10    0.579779063812840614E+06   -0.174218199030323348E+03
    0.330894037158941279E+00    0.617552717290142716E+00    0.414050593480052185E+10    0.579779063812840614E+06   -0.174218199030323348E+03
    0.286979376217368909E+00    0.539886265454154746E+00    0.415065326303608513E+10    0.571889898210431915E+06   -0.174213891628633519E+03
    0.286148485401555019E+00    0.599974197000688658E+00    0.415712793589024830E+10    0.577103036420168122E+06   -0.174209907977905402E+03
    0.315349788774680784E+00    0.581689552959597123E+00    0.400411294549307013E+10    0.597710617576795863E+06   -0.174192013038788332E+03
    0.315349788774680784E+00    0.581689552959597123E+00    0.400411294549307013E+10    0.597710617576795863E+06   -0.174192013038788332E+03
    0.312067592856648313E+00    0.588904657417697042E+00    0.411980176721414518E+10    0.584995007521767635E+06   -0.174188305583834136E+03
    0.289345056320344018E+00    0.550707036392740878E+00    0.422831834092217302E+10    0.592267027787972358E+06   -0.174182725426264369E+03
    0.323123461568257275E+00    0.588836252544700400E+00    0.399396862120864296E+10    0.595644044075410580E+06   -0.174175926251341252E+03
    0.325144580079345547E+00    0.543825395015306690E+00    0.406591076777490997E+10    0.581381076733821887E+06   -0.174146506237661697E+03
    0.325144580079345547E+00    0.543825395015306690E+00    0.406591076777490997E+10    0.581381076733821887E+06   -0.174146506237661697E+03
    0.299502348086351400E+00    0.625735679110624776E+00    0.407057535915975809E+10    0.563897942670414923E+06   -0.174144988658919658E+03
    0.314014607460399331E+00    0.587424074134984320E+00    0.412954276980534983E+10    0.573641314261312713E+06   -0.174137707702642615E+03
    0.323522822587665682E+00    0.570901246953460451E+00    0.409275684789099550E+10    0.571703032614653930E+06   -0.174127520020705077E+03
    0.323522822587665682E+00    0.570901246953460451E+00    0.409275684789099550E+10    0.571703032614653930E+06   -0.174127520020705077E+03
    0.312599301614540803E+00    0.598178604002068681E+00    0.409898241158955765E+10    0.570696993496317300E+06   -0.174126739338506042E+03
    0.281346427519720832E+00    0.565556150558125914E+00    0.416235384207002974E+10    0.551026783580611111E+06   -0.174114109115330280E+03
    0.281346427519720832E+00    0.565556150558125914E+00    0.416235384207002974E+10    0.551026783580611111E+06   -0.174114109115330280E+03
    0.293072125048253140E+00    0.573948314210572796E+00    0.407125338971386623E+10    0.561885561277721426E+06   -0.174112927571469271E+03
    0.319904692005886337E+00    0.588048450248283672E+00    0.404120556868482924E+10    0.580839132450326579E+06   -0.174110973072370768E+03
    0.319904692005886337E+00    0.588048450248283672E+00    0.404120556868482924E+10    0.580839132450326579E+06   -0.174110973072370768E+03
    0.263306774626917262E+00    0.524809988509044700E+00    0.422814889926924086E+10    0.585101311453163740E+06   -0.174110045000992955E+03
    0.301029537106045186E+00    0.548915470905140701E+00    0.421462741093935013E+10    0.570040115408652346E+06   -0.174094892553829567E+03
    0.300971837714754220E+00    0.569807886879391212E+00    0.421672015775527811E+10    0.575753789634086774E+06   -0.174093043795123691E+03
    0.271747097323694675E+00    0.523031736917428880E+00    0.428142854244863987E+10    0.587629045189129887E+06   -0.174086693583305930E+03
    0.283397662076538936E+00    0.602761383678175111E+00    0.415403944621707153E+10    0.586950378311879700E+06   -0.174078311253898164E+03
    0.305800744693372484E+00    0.562027284321759524E+00    0.420290479953866291E+10    0.564234351640849141E+06   -0.174061450484880652E+03
    0.338821194606823306E+00    0.567094673314646247E+00    0.406572389833324051E+10    0.560259336103587644E+06   -0.174059518026232723E+03
    0.287322428842337108E+00    0.529308938695651321E+00    0.425326595645704699E+10    0.579902472667644382E+06   -0.174053705984379519E+03
    0.287322428842337108E+00    0.529308938695651321E+00    0.425326595645704699E+10    0.579902472667644382E+06   -0.174053705984379519E+03
    0.285491682737501029E+00    0.586928290891993942E+00    0.416805396882433510E+10    0.589718646513959393E+06   -0.174039023507308968E+03
    0.285491682737501029E+00    0.586928290891993942E+00    0.416805396882433510E+10    0.589718646513959393E+06   -0.174039023507308968E+03
    0.289290888131467860E+00    0.595557163625761721E+00    0.420881794866682053E+10    0.576903254603948793E+06   -0.174034561454528045E+03
    0.277955446553308727E+00    0.571859256903352264E+00    0.406126670622038841E+10    0.564236408455707366E+06   -0.173988928758959048E+03
    0.277955446553308727E+00    0.571859256903352264E+00    0.406126670622038841E+10    0.564236408455707366E+06   -0.173988928758959048E+03
    0.297419222860397459E+00    0.614726011033880582E+00    0.406869544948423338E+10    0.561876134603741462E+06   -0.173975242327169440E+03
    0.291727412619883997E+00    0.567626541678357022E+00    0.413945050478774357E+10    0.580339784079114674E+06   -0.173972502181691709E+03
    0.323421443998808456E+00    0.565838298246442051E+00    0.401172467184555674E+10    0.565207545455707354E+06   -0.173968224478047887E+03
    0.323421443998808456E+00    0.565838298246442051E+00    0.401172467184555674E+10    0.565207545455707354E+06   -0.173968224478047887E+03
    0.275951926336066466E+00    0.543900639765988458E+00    0.421925729367028952E+10    0.594506942220718251E+06   -0.173961862855222137E+03
    0.279006848033177213E+00    0.600136262853029123E+00    0.415951595947375441E+10    0.580584317151494557E+06   -0.173956274497083427E+03
    0.264931715853760574E+00    0.579254375664191912E+00    0.418358223906332779E+10    0.592104876192868687E+06   -0.173948246270481917E+03
    0.264931715853760574E+00    0.579254375664191912E+00    0.418358223906332779E+10    0.592104876192868687E+06   -0.173948246270481917E+03
    0.284446561193146097E+00    0.551849612207789608E+00    0.420660365201040649E+10    0.554926216886773356E+06   -0.173936204922092884E+03
    0.284446561193146097E+00    0.551849612207789608E+00    0.420660365201040649E+10    0.554926216886773356E+06   -0.173936204922092884E+03
    0.309153185882859616E+00    0.576023107511564714E+00    0.413241767678083134E+10    0.576921183544511790E+06   -0.173915660519793391E+03
    0.279595155869292011E+00    0.539693556463616275E+00    0.421473884377863836E+10    0.557038559682108113E+06   -0.173912981861252376E+03
    0.293973443395207590E+00    0.568516425239917744E+00    0.415866976167975664E+10    0.597707632555673015E+06   -0.173912694283476156E+03
    0.293973443395207590E+00    0.568516425239917744E+00    0.415866976167975664E+10    0.597707632555673015E+06   -0.173912694283476156E+03
    0.312962068300827623E+00    0.582857803547237374E+00    0.418358539126749945E+10    0.585284704047874664E+06   -0.173911851378909802E+03
    0.255781356320227748E+00    0.541944540039690281E+00    0.416084629540837097E+10    0.595293633866033051E+06   -0.173910937068812927E+03
    0.333116988690571880E+00    0.558092139360525152E+00    0.408714987334121275E+10    0.578180113007092150E+06   -0.173899848627209138E+03
    0.280451458132359444E+00    0.521946242432895779E+00    0.412868571417364979E+10    0.595644620219530538E+06   -0.173894952931786321E+03
    0.280451458132359444E+00    0.521946242432895779E+00    0.412868571417364979E+10    0.595644620219530538E+06   -0.173894952931786321E+03
    0.302847206832821514E+00    0.586499992134073445E+00    0.402904835486704302E+10    0.567459334581861855E+06   -0.173882224655871767E+03
    0.302847206832821514E+00    0.586499992134073445E+00    0.402904835486704302E+10    0.567459334581861855E+06   -0.173882224655871767E+03
    0.292305402837962969E+00    0.567066814143734277E+00    0.411070401980984640E+10    0.565537219715109910E+06   -0.173874348449315420E+03
    0.268673185856596608E+00    0.579623774589950624E+00    0.431649966377999783E+10    0.591158032701894059E+06   -0.173867866904047048E+03
    0.295534080599108739E+00    0.564658237243583105E+00    0.425752230069228458E+10    0.568574014902749797E+06   -0.173854065177173709E+03
    0.300994014725074366E+00    0.550341141326860850E+00    0.419489472315775156E+10    0.555145237598870648E+06   -0.173848935821513010E+03
    0.300994014725074366E+00    0.550341141326860850E+00    0.419489472315775156E+10    0.555145237598870648E+06   -0.173848935821513010E+03
    0.315181554022106403E+00    0.523469229150639759E+00    0.410321187824173403E+10    0.578635047514477512E+06   -0.173833458528908295E+03
    0.278963755144974457E+00    0.535900486016120059E+00    0.425280525831487417E+10    0.579903208317099256E+06   -0.173825446530122747E+03
    0.285080731675521171E+00    0.539991456825614780E+00    0.415168729402141523E+10    0.574646661069619819E+06   -0.173822941364042208E+03
    0.270588500970558976E+00    0.525447016470598438E+00    0.430700342725818920E+10    0.581327474631650839E+06   -0.173819251092102775E+03
    0.301664613447801377E+00    0.550709560344719851E+00    0.416181244787062883E+10    0.570621730777789373E+06   -0.173792891914950388E+03
    0.307964080444095789E+00    0.544681389099345381E+00    0.412305795942591381E+10    0.610154523601028952E+06   -0.173788909606560082E+03
    0.318450160771764967E+00    0.549744191539673466E+00    0.414555667274430561E+10    0.565393527242558775E+06   -0.173784762669499059E+03
    0.318450160771764967E+00    0.549744191539673466E+00    0.414555667274430561E+10    0.565393527242558775E+06   -0.173784762669499059E+03
    0.351799320649305858E+00    0.578262885228682411E+00    0.406965156230901384E+10    0.561032814104718738E+06   -0.173775645857190909E+03
    0.351799320649305858E+00    0.578262885228682411E+00    0.406965156230901384E+10    0.561032814104718738E+06   -0.173775645857190909E+03
    0.293283670510966155E+00    0.550238612216383594E+00    0.414518365894969416E+10    0.603833742488723714E+06   -0.173773572357169002E+03
    0.293283670510966155E+00    0.550238612216383594E+00    0.414518365894969416E+10    0.603833742488723714E+06   -0.173773572357169002E+03
    0.337861601625374597E+00    0.585916431140309779E+00    0.406908714649936485E+10    0.564867516782919760E+06   -0.173771225852338773E+03
    0.306534854072244678E+00    0.569141919219577463E+00    0.412830378334596825E+10    0.569056304026859463E+06   -0.173768336133216053E+03
    0.269885968688786559E+00    0.587225318375502958E+00    0.426257500630207062E+10    0.586336302374715102E+06   -0.173768035558333509E+03
    0.304511149654742519E+00    0.551328619426341593E+00    0.407865151921566629E+10    0.559100214100125013E+06   -0.173765459573894674E+03
    0.312081034877120023E+00    0.595365742171159340E+00    0.404757401025130510E+10    0.584427266910514794E+06   -0.173763373576247432E+03
    0.316832285034736427E+00    0.629127485928557384E+00    0.413408041274048615E+10    0.562229136749431258E+06   -0.173756866053398539E+03
    0.316832285034736427E+00    0.629127485928557384E+00    0.413408041274048615E+10    0.562229136749431258E+06   -0.173756866053398539E+03
    0.296773080229284003E+00    0.541811433917771090E+00    0.413610970051069736E+10    0.567021244134408538E+06   -0.173748730546801823E+03
    0.296773080229284003E+00    0.541811433917771090E+00    0.413610970051069736E+10    0.567021244134408538E+06   -0.173748730546801823E+03
    0.316484479162322196E+00    0.606554185199210227E+00    0.410239306675546551E+10    0.566234697346926201E+06   -0.173742707506040972E+03
    0.332814429866490569E+00    0.599558758803442782E+00    0.413197509666877842E+10    0.582024083048831671E+06   -0.173738080945610903E+03
    0.324276235582879102E+00    0.591258761822095913E+00    0.422020543635318756E+10    0.594178131355944090E+06   -0.173699766212457291E+03
    0.287405749155427104E+00    0.565967555985150472E+00    0.422519330790430117E+10    0.592106095679859049E+06   -0.173695033861945973E+03
    0.271276460223643934E+00    0.563902342370286913E+00    0.419777617225162411E+10    0.592162236656889436E+06   -0.173679835097066530E+03
    0.289916383872782513E+00    0.537940195360050666E+00    0.409902325716419744E+10    0.556490248858205508E+06   -0.173673382052011277E+03
    0.294390253565876614E+00    0.542696934706995648E+00    0.414593903227184963E+10    0.578598573795106029E+06   -0.173651589453649478E+03
    0.294390253565876614E+00    0.542696934706995648E+00    0.414593903227184963E+10    0.578598573795106029E+06   -0.173651589453649478E+03
    0.309197122106021793E+00    0.573149224107535993E+00    0.421036369884982586E+10    0.593761488416921813E+06   -0.173646835582064455E+03
    0.309197122106021793E+00    0.573149224107535993E+00    0.421036369884982586E+10    0.593761488416921813E+06   -0.173646835582064455E+03
    0.311024738343196328E+00    0.569751974831925967E+00    0.420278668085270643E+10    0.592983882287784247E+06   -0.173612451050065459E+03
    0.312987046972867278E+00    0.576745841272356952E+00    0.404704688735269165E+10    0.596346494901897851E+06   -0.173601691658437687E+03
    0.307849157043819988E+00    0.566299189780193668E+00    0.408432729337209654E+10    0.567228902133240830E+06   -0.173597383863594871E+03
    0.307849157043819988E+00    0.566299189780193668E+00    0.408432729337209654E+10    0.567228902133240830E+06   -0.173597383863594871E+03
    0.316987618239520041E+00    0.595854860892254035E+00    0.403477292136482954E+10    0.594134116793955676E+06   -0.173594541211045225E+03
    0.315212865602691295E+00    0.572838332486102164E+00    0.414867761351017046E+10    0.574868662022536155E+06   -0.173582160637550516E+03
    0.315212865602691295E+00    0.572838332486102164E+00    0.414867761351017046E+10    0.574868662022536155E+06   -0.173582160637550516E+03
    0.260783277320152440E+00    0.577382785224263007E+00    0.423117720807051468E+10    0.585252333538620733E+06   -0.173578556315176399E+03
    0.292894264463643250E+00    0.566260285230155258E+00    0.420588848447913980E+10    0.586021958350006840E+06   -0.173566190085875121E+03
    0.286530826975983421E+00    0.567226771751006886E+00    0.420158613554148436E+10    0.590103450414601015E+06   -0.173566182855190277E+03
    0.304549033712816997E+00    0.552676703060783758E+00    0.409749162171820164E+10    0.574696928180685383E+06   -0.173563190680651019E+03
    0.262735912463931132E+00    0.546503777632274534E+00    0.422930702686945820E+10    0.596924096570556168E+06   -0.173559923680711051E+03
    0.311088689188813605E+00    0.570601549020679943E+00    0.415884723377170038E+10    0.601242318391529378E+06   -0.173556986480012142E+03
    0.324714426922675325E+00    0.579607676674766203E+00    0.415675758246947622E+10    0.570443607196919387E+06   -0.173551934621466643E+03
    0.318854172663247337E+00    0.580518348530705719E+00    0.409027480604708958E+10    0.597843718248903868E+06   -0.173545778292642467E+03
    0.280900873374849980E+00    0.598964445165642623E+00    0.418575228040714693E+10    0.582073564730075072E+06   -0.173543349351222105E+03
    0.280900873374849980E+00    0.598964445165642623E+00    0.418575228040714693E+10    0.582073564730075072E+06   -0.173543349351222105E+03
    0.300545240402791014E+00    0.551457013573239507E+00    0.416593705511920595E+10    0.572339150194759481E+06   -0.173542609637399096E+03
    0.298308185573986751E+00    0.578213000789228992E+00    0.411314153843561411E+10    0.582434132246744586E+06   -0.173539653007092227E+03
    0.317527128746588172E+00    0.614543112691242399E+00    0.415343311302352619E+10    0.573921307753485744E+06   -0.173534418168317529E+03
    0.338157393089480507E+00    0.561932928818581701E+00    0.416311072468093204E+10    0.575915660415760707E+06   -0.173533733944621645E+03
    0.327761714135834215E+00    0.578083348274048614E+00    0.407333002089269924E+10    0.580635196309384657E+06   -0.173508616487149709E+03
    0.301873712964187024E+00    0.570123707353590081E+00    0.408956243507657146E+10    0.574088753119893721E+06   -0.173500298089507538E+03
    0.301526113478341629E+00    0.572802463134979067E+00    0.403792084900040627E+10    0.586050626146961702E+06   -0.173493600377311196E+03
    0.260435304299238779E+00    0.534497814571891716E+00    0.418087627503431129E+10    0.598693925116792088E+06   -0.173485833908434188E+03
    0.308223307584933159E+00    0.569108855430925598E+00    0.402944881276720905E+10    0.580064819917717832E+06   -0.173472651473503475E+03
    0.314509996711839601E+00    0.555497067383149190E+00    0.424299763484187174E+10    0.552564092293365626E+06   -0.173460308998542359E+03
    0.314509996711839601E+00    0.555497067383149190E+00    0.424299763484187174E+10    0.552564092293365626E+06   -0.173460308998542359E+03
    0.307334902077643024E+00    0.554003822285399128E+00    0.422085104776831722E+10    0.549791194518237724E+06   -0.173454754525975147E+03
    0.316272736263524701E+00    0.626151863203163739E+00    0.410219205083036518E+10    0.575024348035882111E+06   -0.173448831745186880E+03
    0.276907597654209969E+00    0.538405722609140547E+00    0.417712200272558117E+10    0.585907951340524014E+06   -0.173441124784618637E+03
    0.283533971132070350E+00    0.573009202633150583E+00    0.424326930006801176E+10    0.592844458439931157E+06   -0.173431468298627237E+03
    0.284159605850503427E+00    0.548708783864883198E+00    0.409066139708458471E+10    0.587854714327375870E+06   -0.173421688701023356E+03
    0.326041189352665572E+00    0.596039201138711228E+00    0.407341054963187122E+10    0.585182640415619011E+06   -0.173400904814900684E+03
    0.315716878262627620E+00    0.594892053564708423E+00    0.420674680178387165E+10    0.593762467519322876E+06   -0.173393587632054164E+03
    0.292905600768038510E+00    0.533357448359632613E+00    0.415482937988626146E+10    0.579454664018154610E+06   -0.173391850942697005E+03
    0.317598284943985121E+00    0.544628749018083447E+00    0.408735279083769894E+10    0.567914636952719302E+06   -0.173379192975055958E+03
    0.277894921381530047E+00    0.528660646005371770E+00    0.426384711134214973E+10    0.575095679240506026E+06   -0.173377354643800288E+03
    0.316780807518495855E+00    0.539990621221548839E+00    0.407624109941623116E+10    0.573120087836786755E+06   -0.173377260711262011E+03
    0.282799033397904243E+00    0.584265091824591742E+00    0.411926980824505281E+10    0.588023751431245240E+06   -0.173373235278342491E+03
    0.282092640103175196E+00    0.556565421578883779E+00    0.415641053198298979E+10    0.579342370786692598E+06   -0.173367577996841362E+03
    0.326744197234302869E+00    0.578034652079581601E+00    0.403387072142410469E+10    0.582701413994594011E+06   -0.173364089425885396E+03
    0.277031530767536005E+00    0.561097480020938288E+00    0.417198280419330311E+10    0.587475222543301992E+06   -0.173359127658207683E+03
    0.329582807671254474E+00    0.587197858857582133E+00    0.411562349361928272E+10    0.574393972312845290E+06   -0.173348935343029183E+03
    0.305650393855637525E+00    0.569593817342618269E+00    0.414979351370485401E+10    0.570249186824562028E+06   -0.173341226679432964E+03
    0.336890985264757192E+00    0.584483834237102151E+00    0.400349374909790754E+10    0.588115470217433991E+06   -0.173336345232974423E+03
    0.328897046022950112E+00    0.592708220372212935E+00    0.402292277358802462E+10    0.582900891055893269E+06   -0.173333585042061969E+03
    0.276041952518950473E+00    0.556133333662315543E+00    0.416660108589663124E+10    0.567227361513013137E+06   -0.173333289128741768E+03
    0.297200123647618664E+00    0.570928671513519781E+00    0.416091267018900251E+10    0.579576624357537134E+06   -0.173321442943327952E+03
    0.297200123647618664E+00    0.570928671513519781E+00    0.416091267018900251E+10    0.579576624357537134E+06   -0.173321442943327952E+03
    0.272708059551631798E+00    0.540099392299506764E+00    0.414116255745478678E+10    0.574581658602706157E+06   -0.173321142020360554E+03
    0.307325955549414109E+00    0.573378810854625165E+00    0.418952263171185303E+10    0.588214854094373994E+06   -0.173317116151352536E+03
    0.307158680490974445E+00    0.562121910188182028E+00    0.426952378996910238E+10    0.563042069196108612E+06   -0.173315339659396500E+03
    0.295973434152826342E+00    0.587256179184855842E+00    0.412626232552405691E+10    0.586767470035488135E+06   -0.173294084506629645E+03
    0.320697875474535432E+00    0.578679241258895694E+00    0.416256594045969725E+10    0.566707542619972955E+06   -0.173287369266143116E+03
    0.293008340105266940E+00    0.531182753584289902E+00    0.410454254754170418E+10    0.558992076607984607E+06   -0.173275607956325672E+03
    0.329557704790756578E+00    0.583895824458198653E+00    0.409280314282964039E+10    0.573404012248536455E+06   -0.173273435683851545E+03
    0.281233324389685901E+00    0.534190890279677255E+00    0.409216052461646175E+10    0.558621746414473630E+06   -0.173250105360533354E+03
    0.296403265857130449E+00    0.548080738547810142E+00    0.413321014813170433E+10    0.561644820669366396E+06   -0.173239009038225277E+03
    0.325134761014074625E+00    0.590014191184135228E+00    0.405882508786303329E+10    0.583864881328857504E+06   -0.173234830171909152E+03
    0.309375302106176253E+00    0.541699419296705287E+00    0.405583641814353848E+10    0.581945583333744202E+06   -0.173227584862264933E+03
    0.318817303961018650E+00    0.548805263757456530E+00    0.415710886479506826E+10    0.564506097762499936E+06   -0.173214619395493173E+03
    0.324156210965249603E+00    0.568111704113956062E+00    0.405197469073632574E+10    0.592607763412958942E+06   -0.173210857584355324E+03
    0.318539872830543636E+00    0.551623474661881996E+00    0.409246551338767815E+10    0.564365965544681647E+06   -0.173205687226906946E+03
    0.284444261967604195E+00    0.572287151644990999E+00    0.422319996129666424E+10    0.591576991940619773E+06   -0.173204779969445724E+03
    0.284444261967604195E+00    0.572287151644990999E+00    0.422319996129666424E+10    0.591576991940619773E+06   -0.173204779969445724E+03
    0.311460511540637086E+00    0.566290057826251747E+00    0.422697917574368095E+10    0.590523372677834472E+06   -0.173202457875841503E+03
    0.300041345451812325E+00    0.570343353255253760E+00    0.418391691679985142E+10    0.560103352309123962E+06   -0.173190554591507663E+03
    0.310061272103544172E+00    0.585263576241571659E+00    0.406210756692635489E+10    0.577206364396625548E+06   -0.173182065421902450E+03
    0.323609482371146839E+00    0.565212918806202502E+00    0.412028312541740894E+10    0.577557682633371674E+06   -0.173156394864384168E+03
    0.282274597734480714E+00    0.597940183496934008E+00    0.411664364179923677E+10    0.586588940546983271E+06   -0.173156006502890733E+03
    0.290913435490391448E+00    0.569841602726861574E+00    0.415989619133491659E+10    0.569503897029614542E+06   -0.173150582462527353E+03
    0.315189901067470857E+00    0.565238308180632920E+00    0.412772896648743486E+10    0.578159135150054703E+06   -0.173149146658995733E+03
    0.301542817204909219E+00    0.567985798795598296E+00    0.419493280443598795E+10    0.587747880487165181E+06   -0.173145933770975375E+03
    0.267026852852800867E+00    0.597331108577733527E+00    0.424146474991867352E+10    0.583352452039267751E+06   -0.173138020822154402E+03
    0.286634884505724663E+00    0.558813025981320433E+00    0.419965251473731184E+10    0.570181851329350029E+06   -0.173134937664965832E+03
    0.300182063772696683E+00    0.592129598669889123E+00    0.414067038661750650E+10    0.572602025939915795E+06   -0.173133783471353723E+03
    0.318660329717568469E+00    0.627256816367098846E+00    0.407133595237334347E+10    0.577104627577324049E+06   -0.173127441703853663E+03
    0.315971439865197712E+00    0.554461490614208241E+00    0.403023232428365564E+10    0.578652967709479271E+06   -0.173124356341287807E+03
    0.295325105498645823E+00    0.552831259837354594E+00    0.422631184663984346E+10    0.579291214578842977E+06   -0.173122276272551233E+03
    0.323846328104936965E+00    0.595207312619840945E+00    0.400732458214894247E+10    0.595592551255791332E+06   -0.173121923646983475E+03
    0.320356168569133903E+00    0.576894074425241765E+00    0.405917898089018822E+10    0.590468756566622644E+06   -0.173116860128325754E+03
    0.305601240741115554E+00    0.579533463599906540E+00    0.411271013180997467E+10    0.569294556530878996E+06   -0.173113784150615430E+03
    0.336354484565380030E+00    0.580995736472075475E+00    0.415406903021529865E+10    0.589342652932025725E+06   -0.173104683195124466E+03
    0.327481461704159871E+00    0.597078542326388906E+00    0.401783293885736036E+10    0.591977128884677659E+06   -0.173099501789188054E+03
    0.311426607984625903E+00    0.581925897310550333E+00    0.406266424219111633E+10    0.591867580695492099E+06   -0.173088367072116256E+03
    0.343350986377163769E+00    0.527145015301403230E+00    0.413933669334143734E+10    0.566688963935747277E+06   -0.173077328364848711E+03
    0.259548011118964139E+00    0.591137993447813148E+00    0.418968102579808903E+10    0.576368945663259714E+06   -0.173075871526715446E+03
    0.288049829653244605E+00    0.578925673189758960E+00    0.411356004718208742E+10    0.577530100874048425E+06   -0.173066894864871415E+03
    0.317309293087307154E+00    0.571048154133047436E+00    0.407477842134333467E+10    0.571259919590590987E+06   -0.173066142620008407E+03
    0.248311977216951030E+00    0.584189911494979341E+00    0.426812277184579420E+10    0.589125391563071404E+06   -0.173065743793024126E+03
    0.299297172991756566E+00    0.569989568401374047E+00    0.408414822476925802E+10    0.565319644678194541E+06   -0.173036218637412844E+03
    0.342882923195741984E+00    0.563670864654357562E+00    0.411274842307459164E+10    0.569401599612633931E+06   -0.173035627370748045E+03
    0.354823608935397494E+00    0.573758763413770634E+00    0.408053856185757828E+10    0.568501216902573477E+06   -0.173023040099028094E+03
    0.295114496644164226E+00    0.587373702464469627E+00    0.404554340016477060E+10    0.575389908309725579E+06   -0.173022518907419027E+03
    0.327822284692907362E+00    0.587056209171782584E+00    0.413416149384201479E+10    0.586011885288975667E+06   -0.173017889508470034E+03
    0.322107033872405912E+00    0.601317543267028132E+00    0.409735689458330107E+10    0.591185505523643107E+06   -0.173015923942934194E+03
    0.289974010262093129E+00    0.556987253576529007E+00    0.417378481744280815E+10    0.575843581915569026E+06   -0.173015873346474734E+03
    0.288295141812815015E+00    0.571321018911780776E+00    0.416354771573491669E+10    0.584110236711278674E+06   -0.173013469464985945E+03
    0.320159057614127773E+00    0.585252530386313197E+00    0.415090958284541321E+10    0.591113742381550255E+06   -0.173007848831500269E+03
    0.259323544743760404E+00    0.533449803173242199E+00    0.422872211201853991E+10    0.589602272409180645E+06   -0.173007737770922461E+03
    0.323431586959380069E+00    0.583767052219792415E+00    0.409730675217649221E+10    0.585391703682847205E+06   -0.173007305312489450E+03
    0.333431754509406097E+00    0.556368114421358140E+00    0.408060161683111906E+10    0.576356276088480139E+06   -0.173000253477518129E+03
    0.309011382251228095E+00    0.625375905436053259E+00    0.414543096602470064E+10    0.574637487255732762E+06   -0.172993827653231051E+03
    0.276446309788319800E+00    0.582532203906593882E+00    0.419067762463800240E+10    0.576813352245055255E+06   -0.172993296133525746E+03
    0.300602851686983530E+00    0.573490108091191608E+00    0.411804366840984154E+10    0.594969388957099989E+06   -0.172985724412498996E+03
    0.281934283314757894E+00    0.596239975490768792E+00    0.415651580975760794E+10    0.570120429013470653E+06   -0.172985513378646374E+03
    0.312048434602904878E+00    0.597700511455682371E+00    0.409844545014132023E+10    0.574493431218756945E+06   -0.172980241225078714E+03
    0.322191751889976674E+00    0.559003352869345438E+00    0.408181060034502935E+10    0.578768356018473860E+06   -0.172976648635812609E+03
    0.299801321447410563E+00    0.557669619876605793E+00    0.416227703365613174E+10    0.565373524842369603E+06   -0.172966819020477203E+03
    0.310909120166596609E+00    0.570951773555640418E+00    0.420544050386721230E+10    0.569035093532604049E+06   -0.172965117550758634E+03
    0.307801572787307576E+00    0.554255610821828171E+00    0.417679087457770491E+10    0.560805518399039982E+06   -0.172964366125956531E+03
    0.322908671037576034E+00    0.544352753412804091E+00    0.412542510662847805E+10    0.567394678783596959E+06   -0.172963319840560757E+03
    0.324375936586317803E+00    0.570313134906336838E+00    0.409832074121434116E+10    0.583020754700322635E+06   -0.172957859369411977E+03
    0.305395010547454271E+00    0.557721493909157040E+00    0.425499646338386106E+10    0.568060544249623083E+06   -0.172951656350150699E+03
    0.310751851688895520E+00    0.593578043277985135E+00    0.408901502887471437E+10    0.579055425727450987E+06   -0.172943026957709606E+03
    0.299773853615594943E+00    0.567415339725604984E+00    0.409437079891237545E+10    0.566733854257867788E+06   -0.172936267473898056E+03
    0.269438223952085387E+00    0.548668187528454254E+00    0.423149152590168142E+10    0.582638242619586876E+06   -0.172935462288946781E+03
    0.283292940283174199E+00    0.541491641349669539E+00    0.419893912794019127E+10    0.584121848094410845E+06   -0.172934216099973668E+03
    0.314112219128751868E+00    0.539926451120158912E+00    0.415670269043332243E+10    0.567489784642743063E+06   -0.172931747069771347E+03
    0.312370832545032340E+00    0.568333276765477180E+00    0.402155192823760843E+10    0.594321182534614461E+06   -0.172931705641982489E+03
    0.315008629558791942E+00    0.557041741401889112E+00    0.411291663214446688E+10    0.567391878020425444E+06   -0.172930605328845331E+03
    0.304816035642513083E+00    0.588758253466393100E+00    0.403470481464004183E+10    0.587252057376412093E+06   -0.172568367536061999E+03
    0.325893700683521581E+00    0.590316033179974387E+00    0.408251905549909019E+10    0.581475216038869577E+06   -0.172744439162435867E+03
    0.321391623738279231E+00    0.586283926779932685E+00    0.410600005425916958E+10    0.588495958168406389E+06   -0.172538298154988780E+03
    0.294291366695814238E+00    0.592540958455397782E+00    0.418241650512094593E+10    0.573102234708837699E+06   -0.172642839964233502E+03
    0.290526851065905811E+00    0.591437837180118109E+00    0.415435720003588629E+10    0.570685402797751012E+06   -0.172748781512895562E+03
    0.291446036864936697E+00    0.591963472546151781E+00    0.415749319673246908E+10    0.574266169726897264E+06   -0.172299891915685322E+03
    0.291446036864936697E+00    0.591963472546151781E+00    0.415749319673246908E+10    0.574266169726897264E+06   -0.172299891915685322E+03
    0.276987776806366437E+00    0.590863562832027789E+00    0.419496622699486017E+10    0.575676826358957682E+06   -0.172474931878497785E+03
    0.326212439767768314E+00    0.577203888220998884E+00    0.413390954072538900E+10    0.577594816341791186E+06   -0.172647301632890617E+03
    0.308694445579298316E+00    0.581802100799750033E+00    0.414027655090474415E+10    0.574707015047432506E+06   -0.172594408067485688E+03
    0.310286979809367702E+00    0.584998490716174047E+00    0.413617113283133411E+10    0.577374910335842054E+06   -0.171988926749801237E+03
    0.310286979809367702E+00    0.584998490716174047E+00    0.413617113283133411E+10    0.577374910335842054E+06   -0.171988926749801237E+03
    0.326897811046129749E+00    0.604033965137590556E+00    0.410064841200449944E+10    0.574650543567883316E+06   -0.172575372524152385E+03
    0.319928405150162021E+00    0.605929791212702185E+00    0.407608578863965893E+10    0.578379268903469783E+06   -0.172518866917388578E+03
    0.317228888300905454E+00    0.599498377694533069E+00    0.412797099006006718E+10    0.577410270240333979E+06   -0.172387701164401761E+03
    0.317228888300905454E+00    0.599498377694533069E+00    0.412797099006006718E+10    0.577410270240333979E+06   -0.172387701164401761E+03
    0.319521519635444007E+00    0.575445016391281872E+00    0.409988056292532730E+10    0.575997233329534880E+06   -0.172766493716621028E+03
    0.337444827011084636E+00    0.583952889172279388E+00    0.409036673998091173E+10    0.574056429009270389E+06   -0.172565865594392477E+03
    0.328546374356949278E+00    0.572567725303305242E+00    0.406109025107545805E+10    0.569505100454926374E+06   -0.172782976747202554E+03
    0.310282027538992256E+00    0.570567867137278473E+00    0.414308982892893839E+10    0.579152779108079732E+06   -0.172515728690715150E+03
    0.311896703604712278E+00    0.557956753386952276E+00    0.409641793179168510E+10    0.582141233508799574E+06   -0.172405808558274515E+03
    0.317553375330817234E+00    0.570485784186580247E+00    0.413570258497511673E+10    0.589488413963527652E+06   -0.172030743294047710E+03
    0.317553375330817234E+00    0.570485784186580247E+00    0.413570258497511673E+10    0.589488413963527652E+06   -0.172030743294047710E+03
    0.314981300771781658E+00    0.560869573123220722E+00    0.413466388990490484E+10    0.590433025325115654E+06   -0.172590498105422029E+03
    0.322368918588340436E+00    0.574896429678046772E+00    0.410537058757906628E+10    0.588215871372636175E+06   -0.172674396913957310E+03
    0.324196939483826385E+00    0.567045651593697908E+00    0.413689204465943527E+10    0.585941461904998403E+06   -0.172462848475722240E+03
    0.319206031751665342E+00    0.574228606048719836E+00    0.413222192113144112E+10    0.593613800403868430E+06   -0.172795241444495616E+03
    0.324746381325511313E+00    0.575139651490202741E+00    0.409306903052740669E+10    0.582334600101446966E+06   -0.172671656154115965E+03
    0.308772846716036664E+00    0.559567502135482897E+00    0.413014056159259844E+10    0.581453278228078969E+06   -0.172714073509635227E+03
    0.322407477309107071E+00    0.570237262468699768E+00    0.413688439923503351E+10    0.578083825411537662E+06   -0.172677925279730573E+03
    0.322690843484450096E+00    0.583001416005790585E+00    0.410003407410685587E+10    0.580704057867611875E+06   -0.172473895414076139E+03
    0.313586454520130009E+00    0.558274273389781417E+00    0.403832807219614887E+10    0.592711075306737563E+06   -0.172738060663939734E+03
    0.295230445402326291E+00    0.576840775353428370E+00    0.419542114945473289E+10    0.586531620303002186E+06   -0.172541640555119301E+03
    0.303080704535891199E+00    0.567164975181932984E+00    0.416002638246937799E+10    0.597735755062715267E+06   -0.172842675691564580E+03
    0.302172662940821235E+00    0.575050574847197904E+00    0.413251420151408148E+10    0.591749248288199655E+06   -0.172848050355292401E+03
    0.325613160482087605E+00    0.568526226080618979E+00    0.408357604070715380E+10    0.578245721440139809E+06   -0.172310901987322495E+03
    0.320780564295708670E+00    0.554938706414352279E+00    0.409393400641669083E+10    0.574211479380551726E+06   -0.172790483102123915E+03
    0.308392233032656393E+00    0.546009686627431101E+00    0.403031915283585548E+10    0.576997708263644250E+06   -0.172751786517812548E+03
    0.320154278800422576E+00    0.540367213661063328E+00    0.405112165409917593E+10    0.579575990065076272E+06   -0.172484311133029905E+03
    0.326786598608827417E+00    0.543041153689218348E+00    0.405850255674776411E+10    0.579436201015542028E+06   -0.172881604437769511E+03
    0.333986563576715245E+00    0.567908274780756450E+00    0.407770468636628675E+10    0.578643492218197207E+06   -0.172423822119832408E+03
    0.323176904740345716E+00    0.567395592462594855E+00    0.409681316851752615E+10    0.574905661321721156E+06   -0.172552574715527754E+03
    0.325352671200812182E+00    0.563715657833447015E+00    0.407937143825336599E+10    0.578423508437110228E+06   -0.172703209612798219E+03
    0.309342661800870000E+00    0.539279001295376759E+00    0.401986792779772806E+10    0.577709509699567338E+06   -0.172717782302609578E+03
    0.308850069838994268E+00    0.549286255026443460E+00    0.414660088461287117E+10    0.570247055243208655E+06   -0.172825744855830266E+03
    0.314321210984816524E+00    0.549278382726038128E+00    0.411362912509300184E+10    0.566466986678982503E+06   -0.172897059567232418E+03
    0.330231944509944253E+00    0.567456839090474841E+00    0.413693335996563053E+10    0.567054268596495269E+06   -0.172394235107211586E+03
    0.330028460363328002E+00    0.541933438765386910E+00    0.415640577494753790E+10    0.560711457304911921E+06   -0.172896671897285472E+03
    0.309104891392914471E+00    0.536993241585102421E+00    0.413573545438183832E+10    0.563047580005507916E+06   -0.172408869994890324E+03
    0.324332484439014690E+00    0.549441936045947266E+00    0.412154183513440657E+10    0.568045198119152337E+06   -0.172562852950812555E+03
    0.311681897343022429E+00    0.552207616716699157E+00    0.415213138820515490E+10    0.563874886526035960E+06   -0.172727812739560477E+03
    0.312136923145326650E+00    0.563744064691210411E+00    0.416986031173745155E+10    0.565552322485095472E+06   -0.172866980730538415E+03
    0.287380666264137385E+00    0.575982827605887149E+00    0.419373623791653347E+10    0.565750937452032347E+06   -0.172077549292386152E+03
    0.287380666264137385E+00    0.575982827605887149E+00    0.419373623791653347E+10    0.565750937452032347E+06   -0.172077549292386152E+03
    0.298475996229562057E+00    0.569383928809048534E+00    0.420035921127907658E+10    0.566082328918792424E+06   -0.172923055085373420E+03
    0.291271303670487036E+00    0.572593888836456344E+00    0.415098659060933495E+10    0.562659638202990289E+06   -0.172543807661405594E+03
    0.304284171355900690E+00    0.566911755649175397E+00    0.411738873043986082E+10    0.572091547769886907E+06   -0.172650274606734115E+03
    0.300345107415319501E+00    0.572253052457402767E+00    0.410309993085420227E+10    0.570150002575764433E+06   -0.172559135752363289E+03
    0.303716945933172056E+00    0.577323179677682319E+00    0.411772518728978539E+10    0.571427603583562537E+06   -0.172748356137587848E+03
    0.304254189012169607E+00    0.559718624962659561E+00    0.414767268880260420E+10    0.576004669830057886E+06   -0.172579819664776153E+03
    0.300683641266755397E+00    0.553122526925469149E+00    0.410295877965036297E+10    0.566209054656616296E+06   -0.172615082565105695E+03
    0.311438043964029188E+00    0.579786270444080820E+00    0.413714204825701809E+10    0.571879034371527261E+06   -0.172401403859543649E+03
    0.312745049972227018E+00    0.581819679057873795E+00    0.419258008239294624E+10    0.574784441915112198E+06   -0.172488289183403737E+03
    0.309718945721088657E+00    0.565569675232763025E+00    0.420811162892927742E+10    0.567717424474250292E+06   -0.172495517095320167E+03
    0.306700638579403995E+00    0.578204177001485409E+00    0.409719023977437544E+10    0.577167319139994797E+06   -0.172636800835581028E+03
    0.281732642227193131E+00    0.517297074736271068E+00    0.405979590226162195E+10    0.588793059334149933E+06   -0.172796850947720856E+03
    0.291886856855709031E+00    0.538168390546662323E+00    0.408233034179095411E+10    0.588436812054696027E+06   -0.172444906726078784E+03
    0.276404695811540368E+00    0.567627089780678773E+00    0.413927573835607243E+10    0.577688546446715016E+06   -0.172679383498247631E+03
    0.288434350608819112E+00    0.545874802735694775E+00    0.415560561602089739E+10    0.575770266607072554E+06   -0.172392335995222197E+03
    0.281561022470133260E+00    0.547583645908519046E+00    0.415013426256858444E+10    0.573935439433277468E+06   -0.172863942221988367E+03
    0.275684324994408481E+00    0.546011144043944352E+00    0.408551745677709103E+10    0.584769780043997336E+06   -0.172679258939608303E+03
    0.269947115039218033E+00    0.582236138810419135E+00    0.419932584039230919E+10    0.577590120541021810E+06   -0.172917627795612418E+03
    0.262963025446386667E+00    0.578693951793361805E+00    0.417314640551500988E+10    0.576778093541015987E+06   -0.172886869142347791E+03
    0.281879504422173410E+00    0.545014632440441904E+00    0.420973101990412426E+10    0.582497311986543820E+06   -0.172926209832056941E+03
    0.277887406932839587E+00    0.548483961601824888E+00    0.421856039962381649E+10    0.579102746127893333E+06   -0.172345698583139836E+03
    0.277887406932839587E+00    0.548483961601824888E+00    0.421856039962381649E+10    0.579102746127893333E+06   -0.172345698583139836E+03
    0.269216312450189732E+00    0.538757806518749494E+00    0.417557459353726625E+10    0.582050336285924655E+06   -0.172780427517661735E+03
    0.285168403319752295E+00    0.558862281592764631E+00    0.419043601531079817E+10    0.586130107458381564E+06   -0.172259312777465254E+03
    0.285168403319752295E+00    0.558862281592764631E+00    0.419043601531079817E+10    0.586130107458381564E+06   -0.172259312777465254E+03
    0.298934414597475495E+00    0.585148995150918338E+00    0.412745242988115215E+10    0.577992291399550391E+06   -0.172294715477479429E+03
    0.298934414597475495E+00    0.585148995150918338E+00    0.412745242988115215E+10    0.577992291399550391E+06   -0.172294715477479429E+03
    0.286336817242680342E+00    0.571431068851298463E+00    0.411546951019639063E+10    0.578782744109553169E+06   -0.172137876448434923E+03
    0.300861213269194627E+00    0.584089512668464650E+00    0.413608064440962887E+10    0.581859483700314187E+06   -0.172686368802818635E+03
    0.294198116300191159E+00    0.574869341845232640E+00    0.416707542618015909E+10    0.581218741471086512E+06   -0.172844388281653664E+03
    0.292571019399202714E+00    0.580407685895562242E+00    0.418124355687716532E+10    0.585643946850733133E+06   -0.172752990287110379E+03
    0.297669942830452838E+00    0.564070014080432003E+00    0.415009075990826321E+10    0.579898798503951752E+06   -0.172439418636148275E+03
    0.306428807106272960E+00    0.574209853240200463E+00    0.415122832691027212E+10    0.584031210035283584E+06   -0.172837259943600372E+03
    0.290644579759746058E+00    0.567570806827960350E+00    0.415992867955307198E+10    0.580685417073175660E+06   -0.172315766874437173E+03
    0.290644579759746058E+00    0.567570806827960350E+00    0.415992867955307198E+10    0.580685417073175660E+06   -0.172315766874437173E+03
    0.293619717567733696E+00    0.569749375792616419E+00    0.415364442025802231E+10    0.578107582905950258E+06   -0.172885239978869322E+03
    0.292356507382525610E+00    0.568214826965560249E+00    0.414353867785054970E+10    0.577471803587017115E+06   -0.172374748436340553E+03
    0.290147389759700447E+00    0.576457716983721280E+00    0.410087208543849754E+10    0.578082637532722903E+06   -0.172071495899764699E+03
    0.297621219306321405E+00    0.591241702323847207E+00    0.411140160427532911E+10    0.587432057388424990E+06   -0.172550951994180338E+03
    0.288152536586594898E+00    0.590143585222422384E+00    0.409900187505809450E+10    0.586246868206096115E+06   -0.172295063485829274E+03
    0.293848810497017998E+00    0.587561041460238798E+00    0.411416649823784733E+10    0.584619125321694301E+06   -0.172319644427051742E+03
    0.306089717241326165E+00    0.580657268159083806E+00    0.416761831512549925E+10    0.578515248883069376E+06   -0.172908577798343345E+03
    0.289775703202891699E+00    0.579967836982948626E+00    0.414286287482936239E+10    0.576789060502442531E+06   -0.172564874573064287E+03
    0.287580808758855777E+00    0.581577384844615075E+00    0.411807777275065517E+10    0.581736416282862658E+06   -0.172761823870231865E+03
    0.296011104286736715E+00    0.591138573807853618E+00    0.413305606349152422E+10    0.581732398733269074E+06   -0.172719621362054795E+03
    0.298866781806180259E+00    0.568171645669381054E+00    0.413158160843659925E+10    0.578839210956606315E+06   -0.172574879225285770E+03
    0.300124487392155193E+00    0.566874273543947815E+00    0.413011182577185345E+10    0.576855283758779289E+06   -0.172699800429722529E+03
