    0.435758664211710389E+00    0.694028426626522865E+00    0.251346918285690689E+10    0.391153970178556745E+06   -0.166412941415367868E+03
    0.541331372841125091E+00    0.684401883563526603E+00    0.243167377906090498E+10    0.332093705194320180E+06   -0.165299001034106197E+03
    0.479820553814334194E+00    0.691024465644920483E+00    0.250929717729060602E+10    0.324782591551070160E+06   -0.164787424386786427E+03
    0.545997246373265743E+00    0.697605526457750980E+00    0.242888599267446518E+10    0.331072969372020860E+06   -0.164771386407465513E+03
    0.418549953146761911E+00    0.725018539970867959E+00    0.247540456765378952E+10    0.369543029816811904E+06   -0.163852060603671219E+03
    0.432038955055987162E+00    0.676527464809488333E+00    0.254797380535395002E+10    0.361793958846608060E+06   -0.163792414546331145E+03
    0.506153706502329048E+00    0.661773974045947622E+00    0.242779968961286497E+10    0.346323137822298799E+06   -0.163755879746929452E+03
    0.420817335811133952E+00    0.712213450371978141E+00    0.262339543182351112E+10    0.373628138320279890E+06   -0.163747846236413807E+03
    0.453019599195590594E+00    0.644758081822863982E+00    0.248798455154568052E+10    0.379753567641248519E+06   -0.163416287214023555E+03
    0.445059937956616081E+00    0.720035783420681419E+00    0.245288887628697872E+10    0.368974763050169859E+06   -0.163408499918466958E+03
    0.471303090694764559E+00    0.654579998421132903E+00    0.250951232332171965E+10    0.332653203493785055E+06   -0.163362003524098185E+03
    0.465370264426307301E+00    0.653054280555619204E+00    0.246456812963410378E+10    0.324574813197243086E+06   -0.162826884971153987E+03
    0.524617661248649725E+00    0.715220744781472018E+00    0.243066604761924267E+10    0.339704509433101164E+06   -0.162715430725705630E+03
    0.476830773301166022E+00    0.738936288188341450E+00    0.245347296536841154E+10    0.356906742032736307E+06   -0.162686540940384702E+03
    0.477776848904923279E+00    0.667178257490062876E+00    0.251328024467935228E+10    0.331779590006044949E+06   -0.162613352808407399E+03
    0.528320917118465627E+00    0.721838366634550255E+00    0.243548598821750164E+10    0.362500030152418825E+06   -0.162602083988872010E+03
    0.453555196060431987E+00    0.718828855034237435E+00    0.253536356037639380E+10    0.379760969012432150E+06   -0.162436987797373291E+03
    0.419540148888169429E+00    0.637106789050043698E+00    0.261343476123328924E+10    0.366669245297410758E+06   -0.162430160501144627E+03
    0.464285109094336124E+00    0.666005666038227417E+00    0.250471791454477501E+10    0.350709328524405195E+06   -0.162424208490932102E+03
    0.492768485427962977E+00    0.690913650528148349E+00    0.250364798925179958E+10    0.368055130372374028E+06   -0.162394610940000121E+03
    0.423491767117309015E+00    0.689501148374845219E+00    0.261630530531442261E+10    0.376010118461055041E+06   -0.162388928458384271E+03
    0.475798610000784106E+00    0.687545416484378169E+00    0.253799413148797607E+10    0.364888311087025562E+06   -0.162385864373476608E+03
    0.473579579293670505E+00    0.636889759463424188E+00    0.249648240981378460E+10    0.356965995547086990E+06   -0.162373406117119998E+03
    0.438477419320187800E+00    0.649574235868251471E+00    0.262727347937190485E+10    0.370860230776870507E+06   -0.162367288687113984E+03
    0.492915861982905879E+00    0.674179503253093948E+00    0.247519553630629063E+10    0.328665057577160653E+06   -0.162360346633260576E+03
    0.465422739479141867E+00    0.695328829398453419E+00    0.250949392355792904E+10    0.330537855865504593E+06   -0.162348504348904839E+03
    0.483377982642179793E+00    0.679014613135987322E+00    0.251190550922432804E+10    0.342439989924313326E+06   -0.162334704597517145E+03
    0.497075597488540966E+00    0.727973908605599629E+00    0.243203272847508335E+10    0.342787807123129081E+06   -0.162311511416612518E+03
    0.446321801905411819E+00    0.748781435933239869E+00    0.248614626410822725E+10    0.360182851959322114E+06   -0.162232687392201456E+03
    0.491055616680059648E+00    0.686212716864024408E+00    0.247813773209260511E+10    0.327289888746555196E+06   -0.162138987079141089E+03
    0.403497633401791900E+00    0.648010484837002743E+00    0.257885470741102791E+10    0.345005618213666836E+06   -0.162118864275722387E+03
    0.480415337621841909E+00    0.645481187367440423E+00    0.247872699055301046E+10    0.353476077030467219E+06   -0.162117355397885888E+03
    0.438085418932709192E+00    0.642881008919940378E+00    0.252986350558890104E+10    0.351074098977877002E+06   -0.162050235977612147E+03
    0.508828909657199846E+00    0.735310799064559539E+00    0.245663554735928345E+10    0.340404814655674680E+06   -0.162025682625997490E+03
    0.470175310826419501E+00    0.667219186893011962E+00    0.246616348551072264E+10    0.330411436536572175E+06   -0.161959998381534092E+03
    0.450103759940279624E+00    0.679776818504544966E+00    0.245352845749306536E+10    0.350089211276854214E+06   -0.161941704322464147E+03
    0.415657251893556179E+00    0.718340782050746807E+00    0.266624503252113104E+10    0.336053973048329935E+06   -0.161935755392772705E+03
    0.460712308550216831E+00    0.692828786683144404E+00    0.256813285513868141E+10    0.367996607792143011E+06   -0.161931912930157722E+03
    0.525595771684511659E+00    0.670122161501875979E+00    0.243711749816337442E+10    0.343860396863292204E+06   -0.161882724892406486E+03
    0.452628756350740014E+00    0.743519919540996277E+00    0.248143508774041939E+10    0.357348859600520576E+06   -0.161867757277015755E+03
    0.424832604434904781E+00    0.721106829594578169E+00    0.264587080401009226E+10    0.374119030477772758E+06   -0.161854598993120987E+03
    0.406526034555998395E+00    0.700866605483528193E+00    0.258920684788139248E+10    0.345459430054191675E+06   -0.161823320553946502E+03
    0.471032285816945950E+00    0.669784998471655513E+00    0.246367654718510771E+10    0.356424116238460585E+06   -0.161795210152698530E+03
    0.455361079600056118E+00    0.642546915557937304E+00    0.250137553369920158E+10    0.376517130022616533E+06   -0.161793269652473271E+03
    0.425599790549100077E+00    0.668627157060576405E+00    0.258969315702102900E+10    0.363801229137408722E+06   -0.161760352141217794E+03
    0.433686825034596379E+00    0.657224554264995930E+00    0.257321583636291838E+10    0.339257561294241459E+06   -0.161696783179639510E+03
    0.424436253094059579E+00    0.643604954742699853E+00    0.256787225151407051E+10    0.348373801666577638E+06   -0.161670847340846478E+03
    0.428944713549191614E+00    0.636001203728620457E+00    0.259415747221854401E+10    0.368228168715381180E+06   -0.161669675910463411E+03
    0.489220646969408257E+00    0.619654003776459295E+00    0.247369137835802746E+10    0.338094770838205877E+06   -0.161668517852245714E+03
    0.477168548135161685E+00    0.734365909808317952E+00    0.246355099085348558E+10    0.369699842818678531E+06   -0.161664541979899241E+03
    0.497848065431359232E+00    0.670441636664165674E+00    0.248408767580580950E+10    0.330828174925649364E+06   -0.161610862301234874E+03
    0.493902826213235113E+00    0.644873728303095639E+00    0.252759570074132299E+10    0.347299614147537912E+06   -0.161566128089594486E+03
    0.466399146835890011E+00    0.682182005121053425E+00    0.249561517720459700E+10    0.362522513370892149E+06   -0.161489860211339476E+03
    0.445959574394852842E+00    0.685904402944502056E+00    0.247648716853547096E+10    0.379972650338872976E+06   -0.161442378592534908E+03
    0.452283405142342221E+00    0.697256812256132452E+00    0.254595528880130148E+10    0.370585258720460639E+06   -0.161435938373709064E+03
    0.505561014046401080E+00    0.699296134361889088E+00    0.245457571659068203E+10    0.344686543638709292E+06   -0.161420013026843321E+03
    0.428673395049104067E+00    0.704218182754634103E+00    0.256012244444106531E+10    0.370746644940953236E+06   -0.161344337210144971E+03
    0.443428639023591808E+00    0.737049437880719971E+00    0.250098697711388302E+10    0.365482116304126044E+06   -0.161328830027986726E+03
    0.513326456519475838E+00    0.647262367016753437E+00    0.242250947747612190E+10    0.342877369182140392E+06   -0.161324877520626472E+03
    0.451668924256178272E+00    0.682113997124929483E+00    0.247952406618298483E+10    0.353125174259219610E+06   -0.161262618011396995E+03
    0.433055579688519710E+00    0.637797089084010782E+00    0.251142748397225046E+10    0.342602128104299481E+06   -0.161228878231482014E+03
    0.482129185142782246E+00    0.688403481701487241E+00    0.249577028843863297E+10    0.343569830531322397E+06   -0.161217543997269132E+03
    0.483060942019512218E+00    0.649472553446563960E+00    0.248521365652357244E+10    0.342713443195266882E+06   -0.161205755833408659E+03
    0.527510846658520660E+00    0.662347898039385985E+00    0.245507447445713472E+10    0.332661049948910368E+06   -0.161200718230980925E+03
    0.462112471855647355E+00    0.672411749099306455E+00    0.250605912398520041E+10    0.379197957570274419E+06   -0.161195618301134175E+03
    0.476153503704477565E+00    0.652107839979113368E+00    0.250868414871696377E+10    0.343355423848882259E+06   -0.161186334571750848E+03
    0.481708377226378770E+00    0.702244491568628337E+00    0.245181820747254086E+10    0.359761914264907187E+06   -0.161146893319208232E+03
    0.488830012538882364E+00    0.700182685949969130E+00    0.248856328088421631E+10    0.352126980084380368E+06   -0.161142435212057137E+03
    0.495257520103245197E+00    0.640121584614300687E+00    0.249771714132269764E+10    0.339029993486994063E+06   -0.161138616637072801E+03
    0.527383609668308440E+00    0.668782235504646216E+00    0.246090712600807428E+10    0.347382945051649236E+06   -0.161129622630287940E+03
    0.490498254680646173E+00    0.675955311458430241E+00    0.247977127688872671E+10    0.343046572646409040E+06   -0.161103352810009767E+03
    0.477458158275214706E+00    0.695924533798618850E+00    0.250544092596061277E+10    0.341224687849947310E+06   -0.161062745707306249E+03
    0.470030422782002244E+00    0.688351697077039137E+00    0.247629720059945107E+10    0.338028200585090497E+06   -0.161022268483771057E+03
    0.459933740536048963E+00    0.669159876998558723E+00    0.248934075867973804E+10    0.354300591029820440E+06   -0.160982720650117130E+03
    0.437499530299723105E+00    0.616065124431703470E+00    0.259047873311402082E+10    0.364535683943491429E+06   -0.160975768626457409E+03
    0.445104181416467792E+00    0.666915117997252338E+00    0.254502006703797150E+10    0.342545785711539851E+06   -0.160958193938332187E+03
    0.479161071561731988E+00    0.720550762271228606E+00    0.248213053247771072E+10    0.348639878908418759E+06   -0.160951816950699651E+03
    0.432016820569624760E+00    0.695748973280332805E+00    0.258434153419877815E+10    0.347728765316761914E+06   -0.160948311904655810E+03
    0.424092965810670630E+00    0.682392776440767346E+00    0.251317328725331926E+10    0.367747039521425497E+06   -0.160917603957102187E+03
    0.449812226052693442E+00    0.688055259053076185E+00    0.248820005012989330E+10    0.366686483959189965E+06   -0.160905950948007813E+03
    0.426735058183369098E+00    0.709389248715001752E+00    0.260076372994466448E+10    0.354654654503225291E+06   -0.160862924727238124E+03
    0.507481293846145487E+00    0.700286066378396299E+00    0.249878415578218508E+10    0.349966579744253890E+06   -0.160842799141685049E+03
    0.495970197054067863E+00    0.697354751436392917E+00    0.248958490128296041E+10    0.340612893244591134E+06   -0.160822839554255893E+03
    0.507724073243854046E+00    0.680771655063795667E+00    0.248289993037763357E+10    0.352013328572009050E+06   -0.160787938200138484E+03
    0.417507778923524697E+00    0.680979516258809259E+00    0.250830256854215622E+10    0.363276768563133257E+06   -0.160779703435548242E+03
    0.478870103998684404E+00    0.686834613411405837E+00    0.246907473434995270E+10    0.354784225687249098E+06   -0.160765650844659262E+03
    0.488320244395569647E+00    0.724741625399488942E+00    0.247506334313688374E+10    0.351895903143203876E+06   -0.160755343795809807E+03
    0.496174960077173932E+00    0.660143518695322395E+00    0.245610719755500269E+10    0.338752048266998550E+06   -0.160748646815774720E+03
    0.503594235549596037E+00    0.656003055833683124E+00    0.250468733519369078E+10    0.338650863962385396E+06   -0.160737977756021678E+03
    0.420408091378588089E+00    0.653024095592726450E+00    0.259496238627344370E+10    0.374217824116336647E+06   -0.160722697492075781E+03
    0.431371595257840190E+00    0.671829623398950027E+00    0.256509645706420803E+10    0.341769779544888705E+06   -0.160695141266369944E+03
    0.506139778210516478E+00    0.689227244256107596E+00    0.245927072487075329E+10    0.350199905232358258E+06   -0.160692735436899198E+03
    0.487567828507191825E+00    0.649073094466953382E+00    0.250629412011483431E+10    0.353174225827241084E+06   -0.160692607198787726E+03
    0.487567828507191825E+00    0.649073094466953382E+00    0.250629412011483431E+10    0.353174225827241084E+06   -0.160692607198787726E+03
    0.438224741876472867E+00    0.714919307278683913E+00    0.255388700585053205E+10    0.361532233778284572E+06   -0.160665601947642358E+03
    0.465264936649243677E+00    0.669983453542432272E+00    0.251700285334741211E+10    0.342517549770490907E+06   -0.160660544701327808E+03
    0.465264936649243677E+00    0.669983453542432272E+00    0.251700285334741211E+10    0.342517549770490907E+06   -0.160660544701327808E+03
    0.487760529665631992E+00    0.689566994280724543E+00    0.249817689750399780E+10    0.343487928479752329E+06   -0.160648733000112628E+03
    0.484547542032604195E+00    0.718099868239071348E+00    0.250776880031685925E+10    0.355805815718505997E+06   -0.160626788506889824E+03
    0.433605867573599479E+00    0.719327198375564247E+00    0.253148658518271065E+10    0.342229632072916080E+06   -0.160607771712185837E+03
    0.529007415793152247E+00    0.723748178488169636E+00    0.244195867464831209E+10    0.347172482652865059E+06   -0.160597138655787035E+03
    0.433896597529484673E+00    0.692106163974958832E+00    0.255727454049970102E+10    0.349615957429249771E+06   -0.160595145114436093E+03
    0.491062202621248722E+00    0.652732166067143460E+00    0.250652820341207314E+10    0.353897510109802650E+06   -0.160590436261254268E+03
    0.444007420658556529E+00    0.683901721552293118E+00    0.257722886455835152E+10    0.367379002749513893E+06   -0.160582766133572363E+03
    0.503095804977131356E+00    0.646882957112652868E+00    0.246171613236999893E+10    0.341867012082964822E+06   -0.160563699143623921E+03
    0.427275678077745913E+00    0.654364347326068962E+00    0.257039684614196348E+10    0.366685642708753992E+06   -0.160562775861865816E+03
    0.463635700842546850E+00    0.679674408564967525E+00    0.248334045677783203E+10    0.358184550593252119E+06   -0.160556809482722031E+03
    0.516412922977244171E+00    0.730886549874648406E+00    0.249235172146918440E+10    0.332598339527472097E+06   -0.160555041474158941E+03
    0.488032492537278040E+00    0.656017493232785132E+00    0.247508470622842598E+10    0.358187297270890034E+06   -0.160548242072306152E+03
    0.432974022991835017E+00    0.688185966959181439E+00    0.256245781538707972E+10    0.348760452101671195E+06   -0.160537282446994482E+03
    0.459211641984172803E+00    0.667381496731167978E+00    0.246329111297477198E+10    0.360776260377496190E+06   -0.160532482489779767E+03
    0.481766896015497881E+00    0.723828257560963362E+00    0.247037492468474960E+10    0.376773417009722849E+06   -0.160529664257406466E+03
    0.468956762122560211E+00    0.672096281889204228E+00    0.257921190121971560E+10    0.353698848220880667E+06   -0.160523551587183476E+03
    0.462514327098920819E+00    0.677926864800788120E+00    0.251288378714259481E+10    0.360137540445685270E+06   -0.160501014567233597E+03
    0.442639488203280473E+00    0.663309405704996635E+00    0.249268171959034538E+10    0.358266736890863162E+06   -0.160496132065854113E+03
    0.486343041281890265E+00    0.652110706443755461E+00    0.251020720197484636E+10    0.354250718912035751E+06   -0.160461335106589559E+03
    0.514111711328009813E+00    0.714782301415918475E+00    0.248793476785001230E+10    0.334035480920146161E+06   -0.160461220943245735E+03
    0.429384208049755411E+00    0.700682255806622578E+00    0.256727842065310574E+10    0.359527689942067198E+06   -0.160460398273349711E+03
    0.434935823697473800E+00    0.680416844093378881E+00    0.247350469454547548E+10    0.371942347861857794E+06   -0.160457353431317046E+03
    0.438917714912183954E+00    0.686673070512176853E+00    0.253122236369299459E+10    0.374354612203649362E+06   -0.160451057985709838E+03
    0.464804380564350861E+00    0.674008467879913198E+00    0.247427587923633528E+10    0.344105973312086775E+06   -0.160435698647240031E+03
    0.429967353351435599E+00    0.648351193021931671E+00    0.253835860080071354E+10    0.354740836811536632E+06   -0.160432901662575290E+03
    0.421509105462541389E+00    0.637553117455901930E+00    0.254962927781018782E+10    0.371137293740711699E+06   -0.160428943155206355E+03
    0.485422777288878116E+00    0.646147612278587413E+00    0.249427541236918592E+10    0.361350658857973467E+06   -0.160410532249971027E+03
    0.477291441290039864E+00    0.711842294610133486E+00    0.250457900802933311E+10    0.342143454801375337E+06   -0.160404572222246145E+03
    0.454169856007662243E+00    0.669407234037949994E+00    0.246282172644587946E+10    0.372762687529076589E+06   -0.160399727286562211E+03
    0.459897371208550843E+00    0.732608902397446915E+00    0.247534506426812792E+10    0.375009574385758664E+06   -0.160394942340529695E+03
    0.459397877722888259E+00    0.663003937281937183E+00    0.256647473434442806E+10    0.351830172186794865E+06   -0.160343364705383806E+03
    0.472063823289412876E+00    0.712527295834989083E+00    0.251874510141553402E+10    0.358111967993110477E+06   -0.160311653268685234E+03
    0.472063823289412876E+00    0.712527295834989083E+00    0.251874510141553402E+10    0.358111967993110477E+06   -0.160311653268685234E+03
    0.487005555018885039E+00    0.709404187883423187E+00    0.248914169475335360E+10    0.365605147212357784E+06   -0.160299913810979120E+03
    0.462003572258413209E+00    0.675925276244522699E+00    0.251269118625286245E+10    0.366086351165280619E+06   -0.160281949587175973E+03
    0.462564540390034251E+00    0.653124792175160174E+00    0.247132096374491835E+10    0.353332920811162970E+06   -0.160256745525516124E+03
    0.443586300966566427E+00    0.682386623249137791E+00    0.246838080115781355E+10    0.377126712250534096E+06   -0.160240915652278090E+03
    0.477391396077258945E+00    0.651078077286167733E+00    0.248123335082949829E+10    0.361036388516281266E+06   -0.160234463038889487E+03
    0.496296252511997826E+00    0.708850758115957547E+00    0.250189723784720564E+10    0.355066965190514398E+06   -0.160214641828526908E+03
    0.475966902475006615E+00    0.685665437194840965E+00    0.251547079057340717E+10    0.345119214153512439E+06   -0.160214173360391158E+03
    0.462053150405091928E+00    0.638924811562333161E+00    0.257626687366578817E+10    0.358872819706732291E+06   -0.160191641058448198E+03
    0.482160840674844160E+00    0.702274138573258710E+00    0.246915524757713938E+10    0.337591948354231194E+06   -0.160180977941843764E+03
    0.482160840674844160E+00    0.702274138573258710E+00    0.246915524757713938E+10    0.337591948354231194E+06   -0.160180977941843764E+03
    0.476376017797039419E+00    0.707734723332616333E+00    0.252544812719561768E+10    0.350023522492250253E+06   -0.160154779054413666E+03
    0.477567584337674045E+00    0.694096706117621753E+00    0.245717479998216629E+10    0.344484647726490221E+06   -0.160132289447101130E+03
    0.452791671479338020E+00    0.739315379708439746E+00    0.250665440776366329E+10    0.366378301546169503E+06   -0.160109819618064819E+03
    0.439872934955538253E+00    0.759434526143116351E+00    0.258076312861194849E+10    0.344715602730063489E+06   -0.160056142665519815E+03
    0.431507673076960363E+00    0.682938446154350842E+00    0.254005196241940928E+10    0.368756330720580299E+06   -0.160055961954975231E+03
    0.431507673076960363E+00    0.682938446154350842E+00    0.254005196241940928E+10    0.368756330720580299E+06   -0.160055961954975231E+03
    0.422660367436878792E+00    0.672059765807003107E+00    0.258709260103817940E+10    0.366561577094291395E+06   -0.160050995335368668E+03
    0.491147742067614967E+00    0.657418720777425136E+00    0.248104019365052748E+10    0.350802916457546642E+06   -0.160044373266521347E+03
    0.467655732432640303E+00    0.659398178766605003E+00    0.251569555815912867E+10    0.350585892321631312E+06   -0.160038463991148973E+03
    0.478340388675934369E+00    0.721642219074095426E+00    0.250280640259518719E+10    0.362898908919135341E+06   -0.160035443168577103E+03
    0.478340388675934369E+00    0.721642219074095426E+00    0.250280640259518719E+10    0.362898908919135341E+06   -0.160035443168577103E+03
    0.440783193506752380E+00    0.704263368759745489E+00    0.257048404007978725E+10    0.349299859273470589E+06   -0.160014252745453007E+03
    0.544983071743754821E+00    0.674261751581814561E+00    0.243008521923545265E+10    0.345416828283954295E+06   -0.160007752078280561E+03
    0.544983071743754821E+00    0.674261751581814561E+00    0.243008521923545265E+10    0.345416828283954295E+06   -0.160007752078280561E+03
    0.450867730936870548E+00    0.663528421768190046E+00    0.248183797857446051E+10    0.369538677078985085E+06   -0.159994739577770730E+03
    0.455472578234920100E+00    0.640642860913978485E+00    0.250453590896909380E+10    0.351983183109975711E+06   -0.159976400693547617E+03
    0.455472578234920100E+00    0.640642860913978485E+00    0.250453590896909380E+10    0.351983183109975711E+06   -0.159976400693547617E+03
    0.488148874931787824E+00    0.676639531788518767E+00    0.248739495949853516E+10    0.333991987527675286E+06   -0.159975934065710078E+03
    0.476877036487705297E+00    0.673314462577700112E+00    0.247074004730249739E+10    0.333766638744142139E+06   -0.159970061439169569E+03
    0.476877036487705297E+00    0.673314462577700112E+00    0.247074004730249739E+10    0.333766638744142139E+06   -0.159970061439169569E+03
    0.501248244478746940E+00    0.706759794681871334E+00    0.247535740580720139E+10    0.345654364911936224E+06   -0.159957851570259407E+03
    0.441802515694891262E+00    0.640325494267053763E+00    0.255087548543957186E+10    0.373225573699075903E+06   -0.159955611034293952E+03
    0.482458204190894746E+00    0.650388440345564423E+00    0.247592095129060316E+10    0.361621683377008361E+06   -0.159953604019756000E+03
    0.464243945800244029E+00    0.714588036569179241E+00    0.251044263841860485E+10    0.354078754608861345E+06   -0.159947426307858109E+03
    0.409309068780221108E+00    0.660631601371169275E+00    0.256094571493622398E+10    0.352081051595596247E+06   -0.159931882725420252E+03
    0.458720851818301467E+00    0.651076054567069296E+00    0.249800200329504204E+10    0.352184111906482489E+06   -0.159922966639589845E+03
    0.472375921837632884E+00    0.697927969191955100E+00    0.248095384508521557E+10    0.359191502176981885E+06   -0.159922631083097116E+03
    0.504245118864821040E+00    0.715176902712644669E+00    0.249694265004015017E+10    0.339568761124164215E+06   -0.159914730954783295E+03
    0.482257619417675087E+00    0.692673020544756213E+00    0.244601368155173969E+10    0.350970777901870490E+06   -0.159903778692859220E+03
    0.493877509337608156E+00    0.644363865258257729E+00    0.249485660309647131E+10    0.339381621036715282E+06   -0.159902847930230848E+03
    0.498651561047279424E+00    0.665084474915417445E+00    0.250102434747511053E+10    0.371737565811680397E+06   -0.159860030188138495E+03
    0.498651561047279424E+00    0.665084474915417445E+00    0.250102434747511053E+10    0.371737565811680397E+06   -0.159860030188138495E+03
    0.495378661041678825E+00    0.714969660356128855E+00    0.252196661400935650E+10    0.342216447657740791E+06   -0.159839681397208210E+03
    0.488142242287136874E+00    0.684704855157765468E+00    0.251933242786156130E+10    0.341328294485442515E+06   -0.159816526055952863E+03
    0.491042036921020941E+00    0.708810413170664955E+00    0.245952169022929430E+10    0.339952938511345594E+06   -0.159805100074077387E+03
    0.470172797390232267E+00    0.732108654594921138E+00    0.250203482798473930E+10    0.360689552439819614E+06   -0.159804737728578971E+03
    0.485575435785801590E+00    0.666481923912130014E+00    0.248404273196655846E+10    0.340401501643415249E+06   -0.159797980729003882E+03
    0.484040099592133122E+00    0.668905827580936307E+00    0.246643333465665579E+10    0.342523264791155467E+06   -0.159759713723229908E+03
    0.490619258609275855E+00    0.694481547486347051E+00    0.248022215435125017E+10    0.348936180271200370E+06   -0.159753327443132832E+03
    0.490619258609275855E+00    0.694481547486347051E+00    0.248022215435125017E+10    0.348936180271200370E+06   -0.159753327443132832E+03
    0.474652400530726937E+00    0.692740872285187770E+00    0.247059676845607901E+10    0.354734342694901105E+06   -0.159749782871568868E+03
    0.474652400530726937E+00    0.692740872285187770E+00    0.247059676845607901E+10    0.354734342694901105E+06   -0.159749782871568868E+03
    0.426104739134921251E+00    0.658882893157502814E+00    0.254567338983469963E+10    0.349481319813279435E+06   -0.159735845808278327E+03
    0.474183169984335684E+00    0.678452291344281644E+00    0.248715537405929184E+10    0.342369877178067341E+06   -0.159723948732653383E+03
    0.474183169984335684E+00    0.678452291344281644E+00    0.248715537405929184E+10    0.342369877178067341E+06   -0.159723948732653383E+03
    0.488541972905686905E+00    0.709431026008501053E+00    0.244692422500143337E+10    0.354858033228115004E+06   -0.159722350746093269E+03
    0.488541972905686905E+00    0.709431026008501053E+00    0.244692422500143337E+10    0.354858033228115004E+06   -0.159722350746093269E+03
    0.479879115314608584E+00    0.665825567278688801E+00    0.250705594171177244E+10    0.353049640605321620E+06   -0.159722166038767398E+03
    0.516511921637683891E+00    0.715895775550031477E+00    0.246102420414628124E+10    0.340514284916659759E+06   -0.159710040242846560E+03
    0.508601456467800750E+00    0.667442362550764834E+00    0.249878505154902220E+10    0.357287755018453521E+06   -0.159696256477570415E+03
    0.452130797030989573E+00    0.645493956848009809E+00    0.260202587297388554E+10    0.362297161695009796E+06   -0.159693871929013312E+03
    0.480055262388182469E+00    0.659903223360775115E+00    0.244572221128413725E+10    0.345358458681512682E+06   -0.159688666910061215E+03
    0.481717265808620398E+00    0.698236312442079399E+00    0.245397317613980818E+10    0.360344309673184238E+06   -0.159662251272889591E+03
    0.476816699473297634E+00    0.689803399452607380E+00    0.249852939466370535E+10    0.358564172107311198E+06   -0.159622662656015052E+03
    0.476816699473297634E+00    0.689803399452607380E+00    0.249852939466370535E+10    0.358564172107311198E+06   -0.159622662656015052E+03
    0.481710725924702432E+00    0.701633096177774807E+00    0.252423328330393839E+10    0.351904345653186785E+06   -0.159619996448625386E+03
    0.481710725924702432E+00    0.701633096177774807E+00    0.252423328330393839E+10    0.351904345653186785E+06   -0.159619996448625386E+03
    0.473365279144973672E+00    0.694800174101300350E+00    0.249438228611722279E+10    0.344401764184644213E+06   -0.159560109159981494E+03
    0.483692788178646638E+00    0.693676518690139243E+00    0.247969780531261587E+10    0.347086938203353086E+06   -0.159552257086603873E+03
    0.451402207930034272E+00    0.670494023975090947E+00    0.249794976482713985E+10    0.345201602345399966E+06   -0.159542973949901068E+03
    0.471521663055697871E+00    0.656252607726599990E+00    0.250217904228959131E+10    0.360839076242159354E+06   -0.159542370195954277E+03
    0.471521663055697871E+00    0.656252607726599990E+00    0.250217904228959131E+10    0.360839076242159354E+06   -0.159542370195954277E+03
    0.496476419696677163E+00    0.724345028408800662E+00    0.247116661235900879E+10    0.344179563150228059E+06   -0.159536091643401676E+03
    0.441217746377190745E+00    0.714782747279556041E+00    0.253710048569114637E+10    0.360173180113774084E+06   -0.159534259264056061E+03
    0.441217746377190745E+00    0.714782747279556041E+00    0.253710048569114637E+10    0.360173180113774084E+06   -0.159534259264056061E+03
    0.490535774942510716E+00    0.711861462040579429E+00    0.254871554879772091E+10    0.331649102081214427E+06   -0.159512584466951637E+03
    0.490535774942510716E+00    0.711861462040579429E+00    0.254871554879772091E+10    0.331649102081214427E+06   -0.159512584466951637E+03
    0.473355058010586971E+00    0.668360608424517277E+00    0.250438860719332504E+10    0.345642271568516153E+06   -0.159507142822660427E+03
    0.500350927896004660E+00    0.684074111879103164E+00    0.247144605994631052E+10    0.357737426816245250E+06   -0.159495298426746473E+03
    0.500350927896004660E+00    0.684074111879103164E+00    0.247144605994631052E+10    0.357737426816245250E+06   -0.159495298426746473E+03
    0.447328956270291789E+00    0.658320015570298622E+00    0.256028416966062737E+10    0.369793315279753122E+06   -0.159482262591520794E+03
    0.473137982852121497E+00    0.700313719929833489E+00    0.244945316888100719E+10    0.364651577779382234E+06   -0.159480388091118812E+03
    0.467969504762852095E+00    0.682227474980856119E+00    0.249026693228303385E+10    0.347925288907075301E+06   -0.159480285864707923E+03
    0.456229823961884384E+00    0.649332509870368391E+00    0.258496302901289082E+10    0.362257042622306442E+06   -0.159470146858003204E+03
    0.465635243993306469E+00    0.685293572001286044E+00    0.254209456013821697E+10    0.344381466162390658E+06   -0.159469478559580267E+03
    0.473091446574273544E+00    0.677374167521420656E+00    0.251143475752052832E+10    0.350778441591704730E+06   -0.159460321305368637E+03
    0.475367800058920709E+00    0.619051350569841841E+00    0.249270309044940472E+10    0.348768887032188242E+06   -0.159456261719739871E+03
    0.449590402654861887E+00    0.690001061959519824E+00    0.251461776154001331E+10    0.346741072128848289E+06   -0.159447199000217381E+03
    0.429629231412726298E+00    0.651126004176106665E+00    0.257351428104234457E+10    0.353098414905333659E+06   -0.159441336425579323E+03
    0.435375480712731799E+00    0.655379952391516252E+00    0.254388200366538000E+10    0.368756035788902256E+06   -0.159437923854803103E+03
    0.496493804488796542E+00    0.701316640148267112E+00    0.247039103652982807E+10    0.361342311304375937E+06   -0.159436678946203330E+03
    0.452434348676428399E+00    0.689152508697120414E+00    0.252372543039150286E+10    0.350562641547983279E+06   -0.159403178143219577E+03
    0.452434348676428399E+00    0.689152508697120414E+00    0.252372543039150286E+10    0.350562641547983279E+06   -0.159403178143219577E+03
    0.473716170944597392E+00    0.674876494534786264E+00    0.245083431841157150E+10    0.350746960140294454E+06   -0.159397432268141870E+03
    0.472210247287564555E+00    0.673289938884851669E+00    0.244115078774538183E+10    0.347956920298661978E+06   -0.159382411245963794E+03
    0.480881002140238267E+00    0.727942667603328708E+00    0.245722514463003826E+10    0.354274017218136869E+06   -0.159380306135036733E+03
    0.428663269013016324E+00    0.666389876693568972E+00    0.246635178646780348E+10    0.363414985150400898E+06   -0.159375836844410401E+03
    0.482278546553155052E+00    0.730692245671961338E+00    0.248195716062012959E+10    0.354216641331107763E+06   -0.159350558690913260E+03
    0.416914784830311858E+00    0.658505575124461284E+00    0.258562829796468973E+10    0.347557024993692525E+06   -0.159342432597438062E+03
    0.457077770025204222E+00    0.699881681909762854E+00    0.252020776900236845E+10    0.360349852081932186E+06   -0.159339818641665488E+03
    0.513815088615176330E+00    0.673306683074816004E+00    0.248776968186644220E+10    0.350938350842430489E+06   -0.159336842902509630E+03
    0.491870259994091841E+00    0.679484998163138343E+00    0.248202647030208063E+10    0.337353730236782809E+06   -0.159311345000572004E+03
    0.478053704740649787E+00    0.673705222945296445E+00    0.250940813352303028E+10    0.354330881613984762E+06   -0.159307971265188456E+03
    0.459529565222670855E+00    0.706885230334247883E+00    0.244991735077205801E+10    0.367866749444424699E+06   -0.159297400571568005E+03
    0.459529565222670855E+00    0.706885230334247883E+00    0.244991735077205801E+10    0.367866749444424699E+06   -0.159297400571568005E+03
    0.489552231974786922E+00    0.707978908569478982E+00    0.244183782159423685E+10    0.353261289809584676E+06   -0.159282180527637422E+03
    0.479620187864978620E+00    0.700906341489806017E+00    0.250774921894228888E+10    0.353309885432467388E+06   -0.159277091053864552E+03
    0.489434414973033527E+00    0.663815357454655697E+00    0.246085208470207071E+10    0.348791442965965951E+06   -0.159276689746756375E+03
    0.433744807148289668E+00    0.655207451414157926E+00    0.256040786715440035E+10    0.345109308891721303E+06   -0.159269166878413273E+03
    0.433744807148289668E+00    0.655207451414157926E+00    0.256040786715440035E+10    0.345109308891721303E+06   -0.159269166878413273E+03
    0.489254076295511264E+00    0.653871984664681882E+00    0.246079548119081020E+10    0.359904148194984300E+06   -0.159263821202819599E+03
    0.489254076295511264E+00    0.653871984664681882E+00    0.246079548119081020E+10    0.359904148194984300E+06   -0.159263821202819599E+03
    0.493658339263630730E+00    0.712369621931326691E+00    0.244243765016492319E+10    0.365962846793821082E+06   -0.159261369308010018E+03
    0.466563499270393034E+00    0.679919266946158452E+00    0.249959424304208279E+10    0.356359270044559438E+06   -0.159256900666756536E+03
    0.478212138319430768E+00    0.674450471776200988E+00    0.247914487639279842E+10    0.355888366330019489E+06   -0.159220193280568822E+03
    0.493992179630187656E+00    0.662465126898931889E+00    0.246776562212435198E+10    0.347336793669025588E+06   -0.159204804643811258E+03
    0.473151056927523017E+00    0.688605941313491954E+00    0.246531255635962391E+10    0.367363330274850712E+06   -0.159194462524901354E+03
    0.479612898564878154E+00    0.678333281351813699E+00    0.247098807733679676E+10    0.352262973921816912E+06   -0.159164544319700610E+03
    0.477249520673851790E+00    0.660228184875708113E+00    0.247816278867233992E+10    0.351242122842399694E+06   -0.159158761948565626E+03
    0.477352414320205531E+00    0.639233388857800566E+00    0.251047623024973392E+10    0.344379231614892255E+06   -0.159158484994737989E+03
    0.482529631783379043E+00    0.703318199317620074E+00    0.246225179483873844E+10    0.366657675680987304E+06   -0.159143530923891433E+03
    0.490604817127798187E+00    0.730051143555843218E+00    0.249054974123265934E+10    0.352572908612608677E+06   -0.159127381128736147E+03
    0.476441208598462618E+00    0.649653400908696721E+00    0.248552682326165390E+10    0.359281641421683540E+06   -0.159127071425761756E+03
    0.477597507380852493E+00    0.653430991481104950E+00    0.248774799648539591E+10    0.350418128997142427E+06   -0.159121708015773009E+03
    0.492362564604672037E+00    0.673495482850662075E+00    0.247416730261986923E+10    0.354151011072913476E+06   -0.159107391009431183E+03
    0.475347482602518523E+00    0.717303478610532785E+00    0.250383023448806143E+10    0.344527112933604338E+06   -0.159099489971418791E+03
    0.497114835102992147E+00    0.720229144687977385E+00    0.250692017902162743E+10    0.340876720545070420E+06   -0.159094061058408727E+03
    0.484719339887757561E+00    0.723712397941323360E+00    0.249371631238958979E+10    0.342577280771724763E+06   -0.159087275538912650E+03
    0.447399013055327532E+00    0.658981928724088561E+00    0.252394348639413357E+10    0.352658836484384199E+06   -0.159080414419387381E+03
    0.425254820821310331E+00    0.681600772019624213E+00    0.254473423818249035E+10    0.364633614954741090E+06   -0.159080412150242836E+03
    0.435914765920014990E+00    0.676158385920615501E+00    0.254567365038256168E+10    0.362652713752085518E+06   -0.159080228864441779E+03
    0.489113543470989398E+00    0.703471494641360273E+00    0.246007273965893507E+10    0.357743784916716220E+06   -0.159067987064969685E+03
    0.487925952559131793E+00    0.663183075635430441E+00    0.251264617652784634E+10    0.352632469626889622E+06   -0.159065166428175530E+03
    0.487925952559131793E+00    0.663183075635430441E+00    0.251264617652784634E+10    0.352632469626889622E+06   -0.159065166428175530E+03
    0.519148921519147377E+00    0.717452969837232057E+00    0.248443864440364981E+10    0.339509401145100070E+06   -0.159049864161753618E+03
    0.468344909971247558E+00    0.650130415967353770E+00    0.245700534834529972E+10    0.352468384664797341E+06   -0.159042103955303219E+03
    0.468344909971247558E+00    0.650130415967353770E+00    0.245700534834529972E+10    0.352468384664797341E+06   -0.159042103955303219E+03
    0.493056006624106868E+00    0.675898913867863715E+00    0.249691186632439470E+10    0.356296172062683676E+06   -0.159040155233750795E+03
    0.471977635465244127E+00    0.677637964133610993E+00    0.246360535590434647E+10    0.351407306646028883E+06   -0.159035324880074768E+03
    0.471977635465244127E+00    0.677637964133610993E+00    0.246360535590434647E+10    0.351407306646028883E+06   -0.159035324880074768E+03
    0.439175972583183416E+00    0.710963292430853766E+00    0.254337580246217632E+10    0.366050864593285834E+06   -0.159029747870294159E+03
    0.492184436757841792E+00    0.686710648820826997E+00    0.251777605010642290E+10    0.341879173315418826E+06   -0.159018027072324003E+03
    0.457629771436707633E+00    0.693644792575291547E+00    0.249183921445980167E+10    0.347625003768160066E+06   -0.159014592492381638E+03
    0.457629771436707633E+00    0.693644792575291547E+00    0.249183921445980167E+10    0.347625003768160066E+06   -0.159014592492381638E+03
    0.460924783539364391E+00    0.675044581490800599E+00    0.252096206820115900E+10    0.350438352942737401E+06   -0.159012629211331131E+03
    0.476972102139445409E+00    0.650733639754167648E+00    0.247376820039569712E+10    0.349620633930967131E+06   -0.159005509369425226E+03
    0.432296947250759345E+00    0.679598068703937130E+00    0.253526283513476944E+10    0.346795012797640346E+06   -0.159001562268498077E+03
    0.467533088472142699E+00    0.658210947855065509E+00    0.251161125945184088E+10    0.354975424183997035E+06   -0.158991227733119558E+03
    0.485449893063648830E+00    0.679919348110638033E+00    0.250995967338247538E+10    0.350865901362437464E+06   -0.158990671219088682E+03
    0.477267496331918839E+00    0.685397181793089505E+00    0.251670799259250498E+10    0.344250092955315486E+06   -0.158985393524837860E+03
    0.471399474557699039E+00    0.727839290346628864E+00    0.246963237741062880E+10    0.351818063638834865E+06   -0.158973793746033436E+03
    0.476308264781462432E+00    0.671287472101745220E+00    0.248613085244896841E+10    0.348111219783959503E+06   -0.158973750246990420E+03
    0.499458049525326686E+00    0.671398902795674157E+00    0.246187139398867846E+10    0.351108985520802788E+06   -0.158959504952736324E+03
    0.470567530077454999E+00    0.694276834034509793E+00    0.250000885478989363E+10    0.353853997030712722E+06   -0.158956387790877073E+03
    0.495695741826350122E+00    0.708437513729371027E+00    0.242722134809051800E+10    0.368198434259015485E+06   -0.158950390557467614E+03
    0.481374264918365713E+00    0.692534765516912287E+00    0.250670441665004110E+10    0.347688389065519208E+06   -0.158933519828950296E+03
    0.469159410501430896E+00    0.717094103995844723E+00    0.249527877213373566E+10    0.350046353337098495E+06   -0.158932773553849614E+03
    0.472753110699000945E+00    0.680209128460677270E+00    0.250044022130217886E+10    0.351998788907490263E+06   -0.158929135219599175E+03
    0.472753110699000945E+00    0.680209128460677270E+00    0.250044022130217886E+10    0.351998788907490263E+06   -0.158929135219599175E+03
    0.472903443793354805E+00    0.653460426996862687E+00    0.248766672278701019E+10    0.361287355761619227E+06   -0.158924437207638448E+03
    0.443845736613327602E+00    0.653825731134912047E+00    0.250934635611749840E+10    0.354246035028267186E+06   -0.158920715066937305E+03
    0.478843717753825393E+00    0.625735161188642586E+00    0.250624676573439693E+10    0.336853868568639504E+06   -0.158909694986168233E+03
    0.460029587602180101E+00    0.668798140694271126E+00    0.249248668053807783E+10    0.364392590446668793E+06   -0.158906413242579447E+03
    0.482187651532748174E+00    0.662593932868224211E+00    0.250825266820481014E+10    0.349474568294510304E+06   -0.158894270520071814E+03
    0.456368544175846325E+00    0.725427025952259275E+00    0.252028617167279387E+10    0.352611746111806133E+06   -0.158887453493488124E+03
    0.474049772818061876E+00    0.645043103181132338E+00    0.247567892386216354E+10    0.346959496733498527E+06   -0.158884090774442853E+03
    0.479575255275698942E+00    0.707523549008594266E+00    0.245975766769591665E+10    0.349051829461870948E+06   -0.158882293923425607E+03
    0.479575255275698942E+00    0.707523549008594266E+00    0.245975766769591665E+10    0.349051829461870948E+06   -0.158882293923425607E+03
    0.485452688485741302E+00    0.696262871183512821E+00    0.245766977605678749E+10    0.365906275402142026E+06   -0.158857014088795950E+03
    0.477744407008816152E+00    0.674191096544723312E+00    0.248111461475872850E+10    0.357062505986483069E+06   -0.158852894927152875E+03
    0.492706714114534094E+00    0.677593672235462741E+00    0.250057768472341347E+10    0.346466218333484198E+06   -0.158843650440734677E+03
    0.451027582877947308E+00    0.655140177456738027E+00    0.251672865167885733E+10    0.347945316838181927E+06   -0.158832193681936189E+03
    0.496039716870830150E+00    0.713991462603539961E+00    0.244582100410992861E+10    0.353787563519917603E+06   -0.158819052610351036E+03
    0.444280097260975615E+00    0.652180913227495829E+00    0.255025410191782045E+10    0.369470541542954685E+06   -0.158816832021106393E+03
    0.499805458190455687E+00    0.671817100275485579E+00    0.247839838442334080E+10    0.359377699907665083E+06   -0.158780497775796221E+03
    0.500909392048881741E+00    0.683992386270509733E+00    0.247622916997140408E+10    0.355570406938364322E+06   -0.158766762375978885E+03
    0.474759366269151661E+00    0.710202131430894390E+00    0.246129120176188898E+10    0.356371281702917011E+06   -0.158765521946944745E+03
    0.476426175470084923E+00    0.715479282904345038E+00    0.245474086611550713E+10    0.362048998015976278E+06   -0.158763347162537855E+03
    0.475560334311227850E+00    0.672196141458718976E+00    0.248942697984551191E+10    0.339367665637471131E+06   -0.158757167910424869E+03
    0.477789586558526436E+00    0.705421712651994159E+00    0.248742132345521450E+10    0.342438836097682768E+06   -0.158746389253787271E+03
    0.477789586558526436E+00    0.705421712651994159E+00    0.248742132345521450E+10    0.342438836097682768E+06   -0.158746389253787271E+03
    0.498541062020824766E+00    0.686372150563399064E+00    0.248985229704944181E+10    0.352206925905848795E+06   -0.158742616587603891E+03
    0.464484225772833992E+00    0.690442024329928294E+00    0.249238924873591089E+10    0.356678344684214913E+06   -0.158739139529511192E+03
    0.477798433547054258E+00    0.700402114971903078E+00    0.249376359140161943E+10    0.347432225155172928E+06   -0.158734313485443522E+03
    0.467787839919723558E+00    0.673793238424585716E+00    0.251113950588479519E+10    0.349869558867357904E+06   -0.158733518107585553E+03
    0.456990562629639718E+00    0.715661272048408126E+00    0.244456088266275167E+10    0.368454079587415210E+06   -0.158713601252308280E+03
    0.435645566802813966E+00    0.665152291993462708E+00    0.254420611574696159E+10    0.360727590336320631E+06   -0.158710876034644741E+03
    0.462358162544755646E+00    0.660079203343523435E+00    0.249215579864489365E+10    0.349225266020562791E+06   -0.158709995541838509E+03
    0.464646900473218827E+00    0.658148204647862833E+00    0.247675734547703457E+10    0.353488550457727339E+06   -0.158707432550748052E+03
    0.464646900473218827E+00    0.658148204647862833E+00    0.247675734547703457E+10    0.353488550457727339E+06   -0.158707432550748052E+03
    0.485230856394762822E+00    0.722518978915155596E+00    0.246596517799118376E+10    0.358053987314611266E+06   -0.158706559507833617E+03
    0.470457931767536919E+00    0.688209575603977441E+00    0.249199767546565151E+10    0.343425587497023400E+06   -0.158703142307437901E+03
    0.430829287137569239E+00    0.697250035256486989E+00    0.253292369789096165E+10    0.342566957424125925E+06   -0.158701535561002601E+03
    0.430829287137569239E+00    0.697250035256486989E+00    0.253292369789096165E+10    0.342566957424125925E+06   -0.158701535561002601E+03
    0.491533191369251110E+00    0.685946979850604599E+00    0.245407635141421700E+10    0.366293297885035980E+06   -0.158699750798097313E+03
    0.503722935889330037E+00    0.673963549236060722E+00    0.246355870094491863E+10    0.356517855187674577E+06   -0.158695725432982698E+03
    0.466735039109434202E+00    0.738133612948335571E+00    0.251480658945061445E+10    0.358910028953496309E+06   -0.158695015535851496E+03
    0.483763594816913167E+00    0.698642136479111109E+00    0.248440832662748289E+10    0.357640808629033738E+06   -0.158691717482203103E+03
    0.470605771859701205E+00    0.669961773610010969E+00    0.249888738368712521E+10    0.345209960911828326E+06   -0.158683596386326883E+03
    0.468196792741436218E+00    0.681911447720784381E+00    0.250431387414985943E+10    0.352743664965513686E+06   -0.158678441794749801E+03
    0.465728119418782505E+00    0.691527273606875603E+00    0.252594126217825317E+10    0.358999826506213692E+06   -0.158676450761058987E+03
    0.466139001719426738E+00    0.667180549011269886E+00    0.249802359650458193E+10    0.348943692879085371E+06   -0.158670545967413034E+03
    0.465634158245420982E+00    0.719582519071987559E+00    0.251709446343444395E+10    0.356638823247277702E+06   -0.158669487051620706E+03
    0.430776281448156606E+00    0.647584046912198286E+00    0.255248980286257172E+10    0.366946370356376574E+06   -0.158655068291305611E+03
    0.473594881560813641E+00    0.680679007968330474E+00    0.250259232976845694E+10    0.353868731348627945E+06   -0.158655062633695195E+03
    0.477373673717501723E+00    0.698501143531385260E+00    0.251074632614371538E+10    0.358375579259309103E+06   -0.158650285376053631E+03
    0.462169017335105237E+00    0.711255294239105496E+00    0.252066035114523411E+10    0.356909947550141485E+06   -0.158646048273937708E+03
    0.465930091105363542E+00    0.696981047976271473E+00    0.249318912511745119E+10    0.339211504635084770E+06   -0.158640102365576411E+03
    0.504252245880161376E+00    0.658892566864911267E+00    0.251247791088470554E+10    0.353561034326860274E+06   -0.158606760806912632E+03
    0.486904537402890858E+00    0.704689665094711426E+00    0.244467360206443691E+10    0.367175905048853077E+06   -0.158600467780376846E+03
    0.488176813141272481E+00    0.675043881148208680E+00    0.249151111806021738E+10    0.346903103192560840E+06   -0.158594128027900808E+03
    0.443246472421850279E+00    0.713774364414155649E+00    0.255472973640021944E+10    0.352275757471472491E+06   -0.158591965152878174E+03
    0.450808987354656965E+00    0.649645368415107782E+00    0.252497396549435568E+10    0.363333856718950206E+06   -0.158588805612959675E+03
    0.486660874146912226E+00    0.712313873813667175E+00    0.250381447163812685E+10    0.352531632603519829E+06   -0.158587510283345864E+03
    0.487996168049573131E+00    0.696543530826147173E+00    0.246001006069212389E+10    0.355438459625840012E+06   -0.158557265751244074E+03
    0.457463983621496040E+00    0.718257359344260049E+00    0.251671959338183069E+10    0.348410751880541095E+06   -0.158550801802638802E+03
    0.451406032070792107E+00    0.720621464073001761E+00    0.254262628145603752E+10    0.350189711277913826E+06   -0.158550341211740601E+03
    0.458130641024109497E+00    0.696404333198135994E+00    0.247341530748359489E+10    0.365494212807269592E+06   -0.158550144036602717E+03
    0.452210658310131519E+00    0.686627365111596166E+00    0.249281546100901413E+10    0.365610711125224829E+06   -0.158549810721032372E+03
    0.458085843414062555E+00    0.674604011092651223E+00    0.249765134365566874E+10    0.340132453881477239E+06   -0.158549490300613286E+03
    0.447847065624099760E+00    0.674289444190120157E+00    0.251103134907921839E+10    0.348803148084012151E+06   -0.158547014869815087E+03
    0.450768210675014658E+00    0.702585725942847628E+00    0.254584277032494259E+10    0.350099592821889208E+06   -0.158537829956614729E+03
    0.500581678984759026E+00    0.699249570906570472E+00    0.249205500376384544E+10    0.352162908228604589E+06   -0.158529077178227084E+03
    0.454682632954860499E+00    0.684502298428693923E+00    0.249288549726435137E+10    0.343973521454235713E+06   -0.158528735226739343E+03
    0.471479005081834546E+00    0.676794132864770859E+00    0.245292345685967255E+10    0.349725880506237561E+06   -0.158509908458797781E+03
    0.458308565607950913E+00    0.655528031884240026E+00    0.248901877437868404E+10    0.355504120086767012E+06   -0.158506414347044142E+03
    0.449842771388996920E+00    0.652789962945115043E+00    0.249780505059571028E+10    0.351250655608470261E+06   -0.158505072371025364E+03
    0.494848948884057227E+00    0.698192974319073567E+00    0.252468075912851334E+10    0.355813974984739965E+06   -0.158499372183155771E+03
    0.479410051166533846E+00    0.654430994793852250E+00    0.247341626057660580E+10    0.360927404059618362E+06   -0.158492943893584879E+03
    0.479958160020904467E+00    0.686057574775952972E+00    0.250803665185833311E+10    0.343123920845207002E+06   -0.158489177632430767E+03
    0.487612726425078524E+00    0.728272132083923385E+00    0.246867350574593544E+10    0.354730464266460738E+06   -0.158487842862760289E+03
    0.480998746514538722E+00    0.702546869605040758E+00    0.249967083336413097E+10    0.355661529892985243E+06   -0.158484286505842420E+03
    0.487798059623336888E+00    0.715524733841235605E+00    0.251041548603118515E+10    0.356938361105593503E+06   -0.158477727896729220E+03
    0.484371776037928081E+00    0.702427181481831919E+00    0.248282211403747702E+10    0.354142399895739974E+06   -0.158470281191769857E+03
    0.453589248592450422E+00    0.703810445579750699E+00    0.251421097696393251E+10    0.355506401656270202E+06   -0.158469079878416096E+03
    0.486921439824030911E+00    0.696088766468172082E+00    0.249183816761575222E+10    0.352821113060573349E+06   -0.158454031450664218E+03
    0.495952741320209778E+00    0.665132455649894538E+00    0.248603949052862358E+10    0.358599702529276896E+06   -0.158452950044867691E+03
    0.470037002373451973E+00    0.657608714206414646E+00    0.250578621981918430E+10    0.355152610330494703E+06   -0.158437974990752878E+03
    0.475116057045979201E+00    0.692499642634762491E+00    0.248488875963514185E+10    0.358529280380867538E+06   -0.158432151281935461E+03
    0.498845911978562317E+00    0.655113944147183158E+00    0.250980073349657011E+10    0.349858406881517207E+06   -0.158432145892526734E+03
    0.475554312238746502E+00    0.677251438036007070E+00    0.252147894889946127E+10    0.350524907583756663E+06   -0.158414246533457117E+03
    0.482405070171238737E+00    0.673970218682359512E+00    0.249688117851559782E+10    0.346522917868299701E+06   -0.158408705929401890E+03
    0.477739863583987290E+00    0.670775276362975070E+00    0.249735263212827110E+10    0.349307685433277918E+06   -0.158407155723911160E+03
    0.464005504355253007E+00    0.671549100378196595E+00    0.249302269241348314E+10    0.361584298840853444E+06   -0.158397040509579881E+03
    0.488759223734528625E+00    0.676563591409956366E+00    0.249444179314703369E+10    0.347916315635310952E+06   -0.158389746346979621E+03
    0.459584081108558917E+00    0.693274113885922638E+00    0.252133957662777948E+10    0.358077483931030554E+06   -0.158389014925549162E+03
    0.447188142736589300E+00    0.722603100114230568E+00    0.254125245498741293E+10    0.347893346498715109E+06   -0.158385443420450997E+03
    0.464063518952967269E+00    0.651491184480371910E+00    0.249861009872332716E+10    0.362247023072923475E+06   -0.158377624336567720E+03
    0.493951107680830503E+00    0.687679418989979307E+00    0.248762477790819359E+10    0.358383375495196145E+06   -0.158370807424757459E+03
    0.482203021783241759E+00    0.675135929159230042E+00    0.251737182623518038E+10    0.351734208858350641E+06   -0.158363934390117493E+03
    0.443618541960556945E+00    0.711264637428751456E+00    0.255980901629747391E+10    0.353947063208650565E+06   -0.158362639482825273E+03
    0.489015222145770756E+00    0.683219151549188997E+00    0.247459395541509390E+10    0.354314021810099541E+06   -0.158361904569725198E+03
    0.468636991816111903E+00    0.688125197765920849E+00    0.248981669028649998E+10    0.355340566093892267E+06   -0.158356424544910396E+03
    0.465606414076733643E+00    0.663839062632751720E+00    0.250898462667581320E+10    0.352874821994149359E+06   -0.158350082597529308E+03
    0.469503500369545246E+00    0.676915913527097235E+00    0.248608696813421631E+10    0.365054005971280043E+06   -0.158339541633233523E+03
    0.452408885893871238E+00    0.683371391838151876E+00    0.252460133061484289E+10    0.349661742276744277E+06   -0.158337136783615392E+03
    0.472134767236008834E+00    0.661801919392229543E+00    0.249338234190662956E+10    0.354172029467424727E+06   -0.158330605431395242E+03
    0.456371648649053718E+00    0.655689874900453606E+00    0.250149430496836996E+10    0.363300596088116756E+06   -0.158258988937694312E+03
    0.465530658520798835E+00    0.664379716646411378E+00    0.249508927442708635E+10    0.358665067806871375E+06   -0.158269004727926330E+03
    0.466540157906203734E+00    0.658597092342157353E+00    0.250387449651092339E+10    0.355539107737840153E+06   -0.157573663809711007E+03
    0.466540157906203734E+00    0.658597092342157353E+00    0.250387449651092339E+10    0.355539107737840153E+06   -0.157573663809711007E+03
    0.466796041361296821E+00    0.666518177694349845E+00    0.250077541845546722E+10    0.356998233226644224E+06   -0.158067314657423481E+03
    0.472752409981841260E+00    0.676622696336204310E+00    0.251113536475612450E+10    0.357699701071535703E+06   -0.157958736124613580E+03
    0.472752409981841260E+00    0.676622696336204310E+00    0.251113536475612450E+10    0.357699701071535703E+06   -0.157958736124613580E+03
    0.465810999059609765E+00    0.691233746276079142E+00    0.252005971776571560E+10    0.362906972564448020E+06   -0.158212240451072347E+03
    0.473011546922480153E+00    0.696420390431412795E+00    0.252326552137988329E+10    0.355074751594858186E+06   -0.157878551113310010E+03
    0.470376457437391871E+00    0.683592283806214063E+00    0.251970250876332998E+10    0.353759971915382252E+06   -0.158272594885548870E+03
    0.478564935364491462E+00    0.683580276928329678E+00    0.252446844307641506E+10    0.354719214106101193E+06   -0.158024282948338822E+03
    0.482845141959899582E+00    0.674507453124654877E+00    0.251737111108303118E+10    0.349344649272837734E+06   -0.157951399405770530E+03
    0.474359693281055927E+00    0.675311052220132435E+00    0.252144872741725063E+10    0.356295381098324608E+06   -0.158321648945770022E+03
    0.474595567015506259E+00    0.687192238864112070E+00    0.252905860211472082E+10    0.359577087072631752E+06   -0.157994065845621833E+03
    0.484877912689855028E+00    0.667259207834657087E+00    0.250726397881383133E+10    0.351746781306039193E+06   -0.157858858319431306E+03
    0.484877912689855028E+00    0.667259207834657087E+00    0.250726397881383133E+10    0.351746781306039193E+06   -0.157858858319431306E+03
    0.481440166819765258E+00    0.663462452751180987E+00    0.250124690121834946E+10    0.347976217903970799E+06   -0.158247128512100460E+03
    0.483636465411552030E+00    0.663594657700606216E+00    0.250434520896934509E+10    0.347588950173998019E+06   -0.158272509281867400E+03
    0.472313451549158936E+00    0.659591629894625164E+00    0.250027740250010490E+10    0.352221900420023943E+06   -0.157814146599366495E+03
    0.469546111725537563E+00    0.668424799672452163E+00    0.250117023898801088E+10    0.348612798941746936E+06   -0.157711770121464241E+03
    0.474259445800358392E+00    0.658734864978425705E+00    0.249141475579999733E+10    0.355460145107628778E+06   -0.157976652038280065E+03
    0.478134131856057520E+00    0.659891313861294737E+00    0.247842728033347416E+10    0.350292888217488537E+06   -0.157430629483289863E+03
    0.478134131856057520E+00    0.659891313861294737E+00    0.247842728033347416E+10    0.350292888217488537E+06   -0.157430629483289863E+03
    0.486912867502430624E+00    0.657499415092911654E+00    0.248181751805884409E+10    0.347713658045614196E+06   -0.157980416426788906E+03
    0.480502055980415232E+00    0.662726731160394156E+00    0.249039109660563564E+10    0.349522907038848090E+06   -0.157912405005189839E+03
    0.493174183571017444E+00    0.659164093168127518E+00    0.248223106493147659E+10    0.365205230167450558E+06   -0.158024542151110040E+03
    0.487866064110191233E+00    0.663850286725396810E+00    0.246818450557740211E+10    0.353881403676760150E+06   -0.158059572053900297E+03
    0.483083380129045337E+00    0.653078288086865300E+00    0.246727917066155386E+10    0.362735941321015649E+06   -0.157832990940478965E+03
    0.483083380129045337E+00    0.653078288086865300E+00    0.246727917066155386E+10    0.362735941321015649E+06   -0.157832990940478965E+03
    0.474094315880276673E+00    0.655621941606002512E+00    0.245746001404632807E+10    0.354717546449368470E+06   -0.157917756720700396E+03
    0.488335538603921038E+00    0.655931561734663049E+00    0.246403180876497173E+10    0.356342890726562706E+06   -0.158189971260047116E+03
    0.483716951782246884E+00    0.652568912994637262E+00    0.246128478060899162E+10    0.356035742648375570E+06   -0.157689529360487086E+03
    0.483716951782246884E+00    0.652568912994637262E+00    0.246128478060899162E+10    0.356035742648375570E+06   -0.157689529360487086E+03
    0.477077831253111040E+00    0.684680344902783844E+00    0.246078184956233072E+10    0.365525867366482678E+06   -0.158174415565115652E+03
    0.477342687984016412E+00    0.685340066010178273E+00    0.246329704230165434E+10    0.364820322424093727E+06   -0.158309528614723973E+03
    0.483437268160313738E+00    0.689062798491791639E+00    0.245950367581408262E+10    0.358305947741628101E+06   -0.158064783567908449E+03
    0.482437486505402968E+00    0.688437429241173238E+00    0.247155955089800978E+10    0.357213496966733714E+06   -0.157954147677922208E+03
    0.489826061472566521E+00    0.692526887574933081E+00    0.247023913918415737E+10    0.358594394818546309E+06   -0.158220192261057832E+03
    0.476728367463828517E+00    0.698656478383425483E+00    0.246238702170000553E+10    0.354452855734187469E+06   -0.158042093070313825E+03
    0.484692312911944811E+00    0.687492735501761931E+00    0.249083167198495436E+10    0.356685959894738044E+06   -0.157658095954087969E+03
    0.484692312911944811E+00    0.687492735501761931E+00    0.249083167198495436E+10    0.356685959894738044E+06   -0.157658095954087969E+03
    0.476851871569238639E+00    0.696479793963454163E+00    0.249675993726685095E+10    0.357857754826025164E+06   -0.157582538377888511E+03
    0.476851871569238639E+00    0.696479793963454163E+00    0.249675993726685095E+10    0.357857754826025164E+06   -0.157582538377888511E+03
    0.476220632665256993E+00    0.698780752862609766E+00    0.247838749043530273E+10    0.355606196956307278E+06   -0.157780905472504685E+03
    0.476220632665256993E+00    0.698780752862609766E+00    0.247838749043530273E+10    0.355606196956307278E+06   -0.157780905472504685E+03
    0.471490001375754864E+00    0.696371884754638959E+00    0.249090983419622469E+10    0.358362877620447427E+06   -0.158274747346187127E+03
    0.504253124694964749E+00    0.684113469850926137E+00    0.247894139683126307E+10    0.353995658960652479E+06   -0.158181008795101633E+03
    0.490040026698136788E+00    0.689122591890058089E+00    0.248558391474120283E+10    0.350885247625421733E+06   -0.158059879958208171E+03
    0.492410503631740493E+00    0.692274371526026666E+00    0.246798886227847576E+10    0.356179360556541709E+06   -0.157975401908408003E+03
    0.495382833911852449E+00    0.692463284508961330E+00    0.249579770528479290E+10    0.352126195798673958E+06   -0.158046005587212392E+03
    0.505751428104218581E+00    0.688205587599446389E+00    0.246436995377508926E+10    0.355237483039596467E+06   -0.157866632523208239E+03
    0.495489595444503828E+00    0.690346152348844555E+00    0.249481626209156370E+10    0.357073755177281681E+06   -0.157876269768118760E+03
    0.476135796821181678E+00    0.712660790013905476E+00    0.247617056532442570E+10    0.352973192356518761E+06   -0.157982544359451651E+03
    0.488385035936769740E+00    0.722855363402425954E+00    0.249736630825509071E+10    0.353851167189974920E+06   -0.158262847889978616E+03
    0.477024406267289092E+00    0.698151177375134324E+00    0.249738020523126602E+10    0.351786094021991128E+06   -0.157671757023524094E+03
    0.477024406267289092E+00    0.698151177375134324E+00    0.249738020523126602E+10    0.351786094021991128E+06   -0.157671757023524094E+03
    0.487655990696246489E+00    0.710137599689459442E+00    0.247860833106535625E+10    0.352854527439225756E+06   -0.158021408790011975E+03
    0.479142830413299914E+00    0.705462344880232184E+00    0.249696132610990810E+10    0.354318533343476942E+06   -0.157986015349525189E+03
    0.463295403673347428E+00    0.685964708843757709E+00    0.248912442965466070E+10    0.363583734872736735E+06   -0.158293476121099047E+03
    0.443759413694025273E+00    0.680987070165180786E+00    0.248734364715757799E+10    0.369893697192687483E+06   -0.158205825109179898E+03
    0.480491432395536211E+00    0.705641147743207853E+00    0.244015239382601309E+10    0.368278492571317533E+06   -0.158163773824767361E+03
    0.468078828355604548E+00    0.700432841017262220E+00    0.245061086882941151E+10    0.363253304206682660E+06   -0.158072860068753243E+03
    0.467367709032182832E+00    0.711458414917724991E+00    0.246189727540679216E+10    0.363786844168391137E+06   -0.158093545651110901E+03
    0.460017961260476727E+00    0.713543811423830387E+00    0.245419125962610054E+10    0.363603234878234740E+06   -0.158085420340588712E+03
    0.460017961260476727E+00    0.713543811423830387E+00    0.245419125962610054E+10    0.363603234878234740E+06   -0.158085420340588712E+03
    0.483921479544265065E+00    0.696888647437123865E+00    0.251251157911610222E+10    0.341081651828575297E+06   -0.158192135449919988E+03
    0.480060412080780818E+00    0.695168073515472162E+00    0.251129556211570358E+10    0.356369155764701776E+06   -0.157937548875652794E+03
    0.485731593459814759E+00    0.695769285011440974E+00    0.252182395262098074E+10    0.355472249025967263E+06   -0.158070170235012910E+03
    0.471470688894913281E+00    0.699899533048932376E+00    0.252390629591568661E+10    0.355554263057687436E+06   -0.157765979495357215E+03
    0.471470688894913281E+00    0.699899533048932376E+00    0.252390629591568661E+10    0.355554263057687436E+06   -0.157765979495357215E+03
    0.480464937342195475E+00    0.702002282001785272E+00    0.251802190835167360E+10    0.354097247742366744E+06   -0.157775311206186018E+03
    0.471377774786308379E+00    0.696113048813482571E+00    0.250308693609947014E+10    0.354677787377348926E+06   -0.158093569783784858E+03
    0.488673471661044190E+00    0.705890562224362750E+00    0.250983616482287264E+10    0.353149186315824976E+06   -0.157592696936391178E+03
    0.488673471661044190E+00    0.705890562224362750E+00    0.250983616482287264E+10    0.353149186315824976E+06   -0.157592696936391178E+03
    0.433039697485454289E+00    0.671510885758753506E+00    0.254632889577288771E+10    0.362930642785488802E+06   -0.158266895444335262E+03
    0.442840103334854185E+00    0.656545758500477916E+00    0.251206450571629953E+10    0.349553471598873090E+06   -0.157434064655311516E+03
    0.442840103334854185E+00    0.656545758500477916E+00    0.251206450571629953E+10    0.349553471598873090E+06   -0.157434064655311516E+03
    0.453492509541720989E+00    0.657486781201213955E+00    0.250887771483696461E+10    0.349179752148690051E+06   -0.158120727040202496E+03
    0.450236091189939514E+00    0.650595636331690041E+00    0.251358133139421368E+10    0.353480781486547319E+06   -0.157585056825336039E+03
    0.450236091189939514E+00    0.650595636331690041E+00    0.251358133139421368E+10    0.353480781486547319E+06   -0.157585056825336039E+03
    0.450867862409636611E+00    0.656469071766739187E+00    0.251781228851191473E+10    0.346393224997173529E+06   -0.157815526462210840E+03
    0.450867862409636611E+00    0.656469071766739187E+00    0.251781228851191473E+10    0.346393224997173529E+06   -0.157815526462210840E+03
    0.444015970496230872E+00    0.652716974398843242E+00    0.250808728707729864E+10    0.349857413064317487E+06   -0.157906027349983418E+03
    0.444015970496230872E+00    0.652716974398843242E+00    0.250808728707729864E+10    0.349857413064317487E+06   -0.157906027349983418E+03
    0.453051628566066511E+00    0.683883487200194207E+00    0.253409362252513933E+10    0.357454850502787391E+06   -0.157831384170941703E+03
    0.466926485807422298E+00    0.671512101631166480E+00    0.252032626497697830E+10    0.349514114138358505E+06   -0.157711129250954798E+03
    0.466926485807422298E+00    0.671512101631166480E+00    0.252032626497697830E+10    0.349514114138358505E+06   -0.157711129250954798E+03
    0.470397604185512574E+00    0.672200612817066556E+00    0.252488918948610783E+10    0.356284076571148704E+06   -0.157825072148779839E+03
    0.470397604185512574E+00    0.672200612817066556E+00    0.252488918948610783E+10    0.356284076571148704E+06   -0.157825072148779839E+03
    0.450673625086946639E+00    0.701986463729509236E+00    0.254134257266376734E+10    0.351009670551175135E+06   -0.157930796241388236E+03
    0.436887912827464975E+00    0.694923814410176366E+00    0.254027792771653128E+10    0.349033556987140852E+06   -0.158157553802975144E+03
    0.449878221258679101E+00    0.703518113401613743E+00    0.254259676574308729E+10    0.347706831420947274E+06   -0.157977563448235202E+03
    0.428055803475292984E+00    0.687200100544473891E+00    0.253669515254387093E+10    0.345714726412417716E+06   -0.158220835582886536E+03
    0.435178045018031923E+00    0.700544428237503070E+00    0.253271057039012289E+10    0.345223284739346127E+06   -0.158291821352630677E+03
    0.425019423348890313E+00    0.695457119394760515E+00    0.254386798182180738E+10    0.344089361522084568E+06   -0.158236985274739453E+03
    0.433156171248868960E+00    0.692749101467866168E+00    0.254162531868707466E+10    0.349365186160238169E+06   -0.158008771059039248E+03
    0.448574730804115862E+00    0.723405337446392682E+00    0.254201997135141945E+10    0.349124265039040765E+06   -0.157613159912448737E+03
    0.442366082565179730E+00    0.704885263231274983E+00    0.252301199805405140E+10    0.354832628648438898E+06   -0.157698282940380693E+03
    0.442366082565179730E+00    0.704885263231274983E+00    0.252301199805405140E+10    0.354832628648438898E+06   -0.157698282940380693E+03
    0.448081517569332621E+00    0.702714035813662541E+00    0.253170024176239347E+10    0.352934821068377758E+06   -0.158075668292598891E+03
    0.453645112746266399E+00    0.721313851019564023E+00    0.252471864136807728E+10    0.356801001607772661E+06   -0.157955245135289999E+03
    0.464275206682971120E+00    0.722945181827069572E+00    0.252666681545508337E+10    0.361958204906423634E+06   -0.157990012593451468E+03
    0.461414979148291104E+00    0.728303503170085076E+00    0.251957372483588839E+10    0.359417941429181548E+06   -0.157877014799693427E+03
    0.461598605314898824E+00    0.736195340619051564E+00    0.251346182427283859E+10    0.359678434352698387E+06   -0.158255726591296622E+03
    0.470253174588179557E+00    0.726715170311820646E+00    0.250361481635929394E+10    0.364908202994062332E+06   -0.158193028835309718E+03
    0.464533301745009175E+00    0.698273733924773321E+00    0.252419522310118723E+10    0.349887495314634289E+06   -0.158054376652452618E+03
    0.458598212430195440E+00    0.697919156344002811E+00    0.250134168793503809E+10    0.349397778463677561E+06   -0.157729752504358515E+03
    0.454368280199027030E+00    0.710114035992027937E+00    0.249620591021888542E+10    0.347697794973562064E+06   -0.158281745585021156E+03
    0.462170777992278736E+00    0.711535349354532887E+00    0.250342170198897362E+10    0.348913213162930857E+06   -0.158084627754305473E+03
    0.431228018095545895E+00    0.683450792055306344E+00    0.250278463461333227E+10    0.365915537683838920E+06   -0.158114579039546584E+03
    0.420839252003730235E+00    0.697335480726524182E+00    0.254726326731220865E+10    0.363627242378141556E+06   -0.158238301400715955E+03
    0.458183922619351425E+00    0.705586340190018646E+00    0.251885988014414597E+10    0.359255347868932586E+06   -0.158188439422425290E+03
    0.457020154062899586E+00    0.699539190037424596E+00    0.251602774572622681E+10    0.357459277601958311E+06   -0.157788565866384403E+03
    0.457020154062899586E+00    0.699539190037424596E+00    0.251602774572622681E+10    0.357459277601958311E+06   -0.157788565866384403E+03
    0.460663317840270758E+00    0.704813447617887334E+00    0.250739102438480377E+10    0.355241242259397288E+06   -0.158224274620519651E+03
    0.465500120244936588E+00    0.702698534225375315E+00    0.250665710580436134E+10    0.356640719339576201E+06   -0.158322086852238812E+03
