    0.816717972930054104E+00    0.831839068146240646E+00    0.155964163235648012E+10    0.350088153003571846E+06   -0.129929760414960668E+03
    0.977268083965021073E+00    0.729948781326844820E+00    0.149589261240985155E+10    0.309184822662519640E+06   -0.129164712511136202E+03
    0.931049792429707535E+00    0.719061535117652362E+00    0.150701224631380248E+10    0.304785457784831931E+06   -0.129128811557046873E+03
    0.871430816566397870E+00    0.715672068547721363E+00    0.151087873829297996E+10    0.338125942104659392E+06   -0.128626294859873553E+03
    0.795144498470109928E+00    0.794337671002246726E+00    0.156319085271184587E+10    0.310562704498287174E+06   -0.128607624661053535E+03
    0.795622063292414250E+00    0.725611051681771535E+00    0.156102968191876698E+10    0.333239005984908785E+06   -0.128282474400871138E+03
    0.929791239364991418E+00    0.855111257322135998E+00    0.151951639100907135E+10    0.318217362670858682E+06   -0.128045826940028121E+03
    0.965428124795770115E+00    0.696042806861885133E+00    0.149909417295703053E+10    0.322958019721624791E+06   -0.127945332235138835E+03
    0.882579867028412846E+00    0.690978571605180836E+00    0.153107022297355461E+10    0.302138832858850830E+06   -0.127909533586727264E+03
    0.934933738132157077E+00    0.752001743618469831E+00    0.149277630868937778E+10    0.328065991581277398E+06   -0.127768818261850328E+03
    0.936855975988349132E+00    0.792110045105726357E+00    0.151405486078966975E+10    0.317778843996152340E+06   -0.127656430791433749E+03
    0.927797400238830505E+00    0.775702728925168561E+00    0.149394329177233338E+10    0.339159444307196187E+06   -0.127529256841454085E+03
    0.885802531808108418E+00    0.788692637076666259E+00    0.152510652708748221E+10    0.358144705681964231E+06   -0.127415431169004677E+03
    0.970041566354984286E+00    0.810572773256007295E+00    0.149796146568694544E+10    0.317357709623568808E+06   -0.127357701276828692E+03
    0.847422505336367649E+00    0.732252357176621516E+00    0.154478985154486632E+10    0.348240888848111848E+06   -0.127167672733474987E+03
    0.821778113789344733E+00    0.732861604186498372E+00    0.157219666544671702E+10    0.324431064400889736E+06   -0.127053506052549068E+03
    0.793149974888441966E+00    0.769004438537096213E+00    0.158405346330689025E+10    0.343657632714295527E+06   -0.126882438521482840E+03
    0.959510771266184337E+00    0.758373952557177766E+00    0.148925160562740946E+10    0.337690719066611317E+06   -0.126792778169053690E+03
    0.951512692333804644E+00    0.820246194325868760E+00    0.149956223805334640E+10    0.339625011928674474E+06   -0.126643486474284302E+03
    0.898551303740841134E+00    0.818154377510402320E+00    0.153110656265428758E+10    0.321348548925526149E+06   -0.126619719082471931E+03
    0.935049147134146996E+00    0.787555779021732683E+00    0.150019469595895910E+10    0.314401156910709455E+06   -0.126602582533787725E+03
    0.884795291348317248E+00    0.775231583830116922E+00    0.153155134735693502E+10    0.316163878920551797E+06   -0.126573065947824233E+03
    0.862167497069287525E+00    0.730156211501828967E+00    0.155689833003480935E+10    0.313613353909386264E+06   -0.126515323961891582E+03
    0.912148764577924709E+00    0.817303343017110606E+00    0.148918208477816796E+10    0.337616139406150382E+06   -0.126481140263875290E+03
    0.923686262693277360E+00    0.801690721770121240E+00    0.151093265751216197E+10    0.347787642767072131E+06   -0.126427353711512978E+03
    0.945409353904752781E+00    0.834124756774862419E+00    0.150561827550160003E+10    0.323952759300953359E+06   -0.126415338122636228E+03
    0.816241922437776046E+00    0.738608764039442534E+00    0.156375745099416208E+10    0.325957396473060304E+06   -0.126340694487871772E+03
    0.920286823144975341E+00    0.733026824791485510E+00    0.151852155594856739E+10    0.343068013587463414E+06   -0.126298041633858787E+03
    0.835972673477299089E+00    0.832567981778261412E+00    0.157005895253122783E+10    0.317518713103633898E+06   -0.126295998589354696E+03
    0.828507739704599566E+00    0.756988613038600100E+00    0.153987673263461208E+10    0.328067657474724576E+06   -0.126240243342775514E+03
    0.847016384299176361E+00    0.728734111414492514E+00    0.156111262565662479E+10    0.334051550663278729E+06   -0.126227284452939770E+03
    0.924091920287992807E+00    0.798614920640438708E+00    0.152289719360006881E+10    0.331458874114942446E+06   -0.126207749957972098E+03
    0.887396760717276689E+00    0.729034830221717556E+00    0.152221854778846288E+10    0.339636253838794946E+06   -0.126207656666157902E+03
    0.808083574748708511E+00    0.772191191154973033E+00    0.157284750013237023E+10    0.335491981211750652E+06   -0.126141088366223414E+03
    0.954661476849816282E+00    0.820663937854252179E+00    0.148525109695676231E+10    0.324359615987943602E+06   -0.126096529153660271E+03
    0.821712235383508349E+00    0.737661797408871056E+00    0.155860443868125987E+10    0.346767339399564138E+06   -0.126050438659519273E+03
    0.927330414571825856E+00    0.799091210131156693E+00    0.150918613874153376E+10    0.331468519918800506E+06   -0.126040507986042883E+03
    0.970946934648373006E+00    0.760361539710864065E+00    0.149514962466145205E+10    0.338159767767945596E+06   -0.126011941313077898E+03
    0.920887934850779577E+00    0.852406426152751973E+00    0.149545103578829718E+10    0.338737752070842835E+06   -0.125986189820918469E+03
    0.873586992141625496E+00    0.763669226122615896E+00    0.153133157223102093E+10    0.342727103713673365E+06   -0.125915687149360011E+03
    0.926991010733666743E+00    0.700452746978416751E+00    0.148527168938016868E+10    0.331393557207026111E+06   -0.125866952174152971E+03
    0.871250907145411091E+00    0.791109521871070864E+00    0.153567682945851970E+10    0.326136912178902887E+06   -0.125864225599690613E+03
    0.820271745957483644E+00    0.693016904255340016E+00    0.157038608141378999E+10    0.336913824289182026E+06   -0.125839373815274726E+03
    0.951501077247314253E+00    0.811723734827286325E+00    0.148883474168964505E+10    0.329225995652144658E+06   -0.125813997333234710E+03
    0.922243532687597845E+00    0.755600595531388919E+00    0.153884831122708321E+10    0.316201326634843659E+06   -0.125784967762993830E+03
    0.882282500967532801E+00    0.730592640582624853E+00    0.151344127396694517E+10    0.337279164122123795E+06   -0.125760900284044453E+03
    0.898426621281094628E+00    0.724021773016758630E+00    0.153061797947788572E+10    0.344640660917931062E+06   -0.125757912737995966E+03
    0.893114201074448055E+00    0.756207790324570972E+00    0.154444003163543820E+10    0.311856469054560352E+06   -0.125739401150682369E+03
    0.945063408512818670E+00    0.757782067132316772E+00    0.151544233047897696E+10    0.313293170860718470E+06   -0.125733582770814394E+03
    0.899483699307755291E+00    0.759268077414224862E+00    0.152320802787379694E+10    0.337245726227430743E+06   -0.125727740124718522E+03
    0.959620587978321615E+00    0.807276877321320363E+00    0.149272500176890230E+10    0.322749082991359232E+06   -0.125696263172299780E+03
    0.878011701348169860E+00    0.707770600731708832E+00    0.153813152940268278E+10    0.334549092303498648E+06   -0.125605050252786469E+03
    0.961111152093556798E+00    0.769562938641418448E+00    0.151150059089470291E+10    0.315630365459285094E+06   -0.125593221935319519E+03
    0.872386983720099152E+00    0.759184686533827868E+00    0.153880773095277810E+10    0.330737753436197061E+06   -0.125571899028706611E+03
    0.959403024092706280E+00    0.725825591489755340E+00    0.151359335496426415E+10    0.313930428397099662E+06   -0.125552313787083690E+03
    0.939171978303407595E+00    0.692455120346349151E+00    0.151445690398127103E+10    0.322380234095565742E+06   -0.125490696889242784E+03
    0.986955135503963854E+00    0.778366203349520003E+00    0.148631322871057796E+10    0.331727671660594118E+06   -0.125466144652745811E+03
    0.889758755203182816E+00    0.715895813757022825E+00    0.151737408545069003E+10    0.340766418316385767E+06   -0.125458695337926912E+03
    0.860686974266591909E+00    0.757237250107865023E+00    0.154199708688648939E+10    0.312698071270818880E+06   -0.125447113801463246E+03
    0.939232853635925569E+00    0.775130007380491648E+00    0.151762565479007936E+10    0.328093839809627447E+06   -0.125439251510777325E+03
    0.937075534335054749E+00    0.748225339984136095E+00    0.152015321666251659E+10    0.345129862068496528E+06   -0.125426629462375587E+03
    0.845278135264776687E+00    0.807448462099344511E+00    0.153343302647904468E+10    0.319803433279007906E+06   -0.125417724351378155E+03
    0.941334065339720749E+00    0.737453871658168225E+00    0.152029064284306860E+10    0.325289785482803709E+06   -0.125413723076235328E+03
    0.863698918708968200E+00    0.782444102038371447E+00    0.155649834790356541E+10    0.326952726996113139E+06   -0.125396779829393196E+03
    0.935164829906444117E+00    0.786986154493169998E+00    0.150422719050924039E+10    0.335642636844082037E+06   -0.125359175419743622E+03
    0.910778699798830194E+00    0.790969849862521723E+00    0.152510220940595579E+10    0.315613849235129543E+06   -0.125341196408562382E+03
    0.938847681826940672E+00    0.759235938282638134E+00    0.151978466739068222E+10    0.322859068755974062E+06   -0.125297454734385326E+03
    0.892712369048581977E+00    0.711548949998037639E+00    0.153545916032789922E+10    0.325311244125251425E+06   -0.125281433972551582E+03
    0.925488033042830449E+00    0.788295943401056576E+00    0.150012162529469728E+10    0.338216383549934428E+06   -0.125279105954159661E+03
    0.847013448018861581E+00    0.772570946030960659E+00    0.153438113057700086E+10    0.345907671114721685E+06   -0.125241483693286099E+03
    0.899222200537954985E+00    0.754817271555990654E+00    0.153213471586519480E+10    0.340954442043638206E+06   -0.125237602317591239E+03
    0.887297388722935954E+00    0.785404837110780463E+00    0.150787621365760946E+10    0.320906371724408004E+06   -0.125230755577483734E+03
    0.836105496835229611E+00    0.781018523655275576E+00    0.156291822007896543E+10    0.331904090056786954E+06   -0.125225214806251557E+03
    0.875257025038129743E+00    0.726435889139340762E+00    0.152898741476472998E+10    0.340790590873587120E+06   -0.125219801553138126E+03
    0.892004493481517446E+00    0.736347569520685141E+00    0.150609162289051938E+10    0.340304073887173261E+06   -0.125215532776646057E+03
    0.869454277235168660E+00    0.823591751145722029E+00    0.151971988445183682E+10    0.336145859858462994E+06   -0.125184073131844997E+03
    0.951195780749162001E+00    0.760633049506028502E+00    0.150068149615771651E+10    0.313659959415785153E+06   -0.125177538866763271E+03
    0.863239800372068933E+00    0.777449115475669750E+00    0.154148250239622712E+10    0.335112508363244880E+06   -0.125154155896356500E+03
    0.903916077146390218E+00    0.800062967687319659E+00    0.151470092997611809E+10    0.314426892656717566E+06   -0.125131887882840303E+03
    0.881323135199641783E+00    0.754316565800458250E+00    0.152750798293258643E+10    0.331276208274125820E+06   -0.125121775969628231E+03
    0.883650333575537572E+00    0.731734130036358899E+00    0.153400219287764454E+10    0.314876222511140280E+06   -0.125118582146792320E+03
    0.893481369600754638E+00    0.791158937457789424E+00    0.151379571934683466E+10    0.322358855352364655E+06   -0.125115365284557754E+03
    0.967248450471936971E+00    0.817271303119228243E+00    0.149186390438454175E+10    0.327449599455511430E+06   -0.125101237454125112E+03
    0.966415560395779583E+00    0.781646934080946654E+00    0.149963310709777355E+10    0.323309219895017392E+06   -0.125086696268103978E+03
    0.943980770922799972E+00    0.788306307555926900E+00    0.150301156920369267E+10    0.318722672672139306E+06   -0.125076778015593646E+03
    0.887752270705890134E+00    0.720628234556043079E+00    0.152260307749589419E+10    0.340985426594178018E+06   -0.125061036084456106E+03
    0.818393148578604790E+00    0.810735361726537818E+00    0.156936743597740841E+10    0.331202713759574050E+06   -0.125045778212746839E+03
    0.942767819467822621E+00    0.752109314090385617E+00    0.150122604651728559E+10    0.315737414499239472E+06   -0.125045445155532946E+03
    0.932270096285324312E+00    0.785413382384432257E+00    0.150684071493556666E+10    0.317047222791015636E+06   -0.125040993589595359E+03
    0.873699981023133954E+00    0.769691252507034296E+00    0.152820017715675306E+10    0.328411595182911318E+06   -0.125022488812078194E+03
    0.984494994793860156E+00    0.736646378023877002E+00    0.149315852600055313E+10    0.321510670050360379E+06   -0.124954810028455285E+03
    0.984494994793860156E+00    0.736646378023877002E+00    0.149315852600055313E+10    0.321510670050360379E+06   -0.124954810028455285E+03
    0.844241980925778623E+00    0.776197943284957503E+00    0.155254062368881726E+10    0.334258532600171166E+06   -0.124950083710058067E+03
    0.942164845832874853E+00    0.755265518459492746E+00    0.152151098340107441E+10    0.339770104832685844E+06   -0.124949948860425138E+03
    0.916594477025885590E+00    0.790481928105264409E+00    0.152053991184757161E+10    0.310529543275232019E+06   -0.124922763352750195E+03
    0.806666476611074268E+00    0.706250255056555698E+00    0.156020565419266534E+10    0.341748675786090724E+06   -0.124910685935204299E+03
    0.923781102248431907E+00    0.795056234537938611E+00    0.151268917048166895E+10    0.328727094433081977E+06   -0.124882736804444647E+03
    0.864164055353363603E+00    0.748454078085770913E+00    0.152477641675896406E+10    0.319807078748070693E+06   -0.124882682832782677E+03
    0.890805358988750573E+00    0.692362318887554729E+00    0.151612090292091894E+10    0.340535544581655529E+06   -0.124831881699171646E+03
    0.962013910701250863E+00    0.707011707432225300E+00    0.149519276073636913E+10    0.319867384722987830E+06   -0.124816075887517513E+03
    0.903620166235383215E+00    0.757977618929284613E+00    0.151427719723086619E+10    0.308929378921725962E+06   -0.124808791800062949E+03
    0.903620166235383215E+00    0.757977618929284613E+00    0.151427719723086619E+10    0.308929378921725962E+06   -0.124808791800062949E+03
    0.981899996576091283E+00    0.811967586106903561E+00    0.149964446733284307E+10    0.329474217658773414E+06   -0.124800505552418088E+03
    0.860846112945264363E+00    0.801884091285882228E+00    0.151461840941703272E+10    0.332102789637966605E+06   -0.124786682987928543E+03
    0.891434764614707831E+00    0.745724512379746240E+00    0.151815961239065933E+10    0.337344595369591843E+06   -0.124747339482058820E+03
    0.821729835265814224E+00    0.691467720483887494E+00    0.155801439719863534E+10    0.325590605609530816E+06   -0.124740457181815032E+03
    0.963053922109741167E+00    0.766938420643369589E+00    0.149997731069705963E+10    0.317219430979369383E+06   -0.124731544886648749E+03
    0.963053922109741167E+00    0.766938420643369589E+00    0.149997731069705963E+10    0.317219430979369383E+06   -0.124731544886648749E+03
    0.910962354307192301E+00    0.765767409161675960E+00    0.152782068510940027E+10    0.322076661769147846E+06   -0.124731085676451684E+03
    0.884963658099052308E+00    0.766248078569549129E+00    0.153778526871963453E+10    0.316417233043491666E+06   -0.124726222003369273E+03
    0.946920648983248903E+00    0.757689525164179756E+00    0.150372980509411383E+10    0.333424355733002478E+06   -0.124725714376629881E+03
    0.873013945099945454E+00    0.785367682782888377E+00    0.152669979131594467E+10    0.318630550767439534E+06   -0.124719049214871006E+03
    0.873013945099945454E+00    0.785367682782888377E+00    0.152669979131594467E+10    0.318630550767439534E+06   -0.124719049214871006E+03
    0.936815868450477707E+00    0.761313615576880487E+00    0.151079119529707479E+10    0.324288662771270901E+06   -0.124714153173585814E+03
    0.875014555442624076E+00    0.758089841111881491E+00    0.152977093188512707E+10    0.327116772509264702E+06   -0.124713534983943333E+03
    0.875014555442624076E+00    0.758089841111881491E+00    0.152977093188512707E+10    0.327116772509264702E+06   -0.124713534983943333E+03
    0.894834877360107361E+00    0.745212155255258857E+00    0.152677147390786910E+10    0.319658477280133171E+06   -0.124709224707113393E+03
    0.869031652344506078E+00    0.770141129103229183E+00    0.152394571689589906E+10    0.325653101984596695E+06   -0.124705038181765246E+03
    0.898728373416448956E+00    0.788516323658634555E+00    0.152410109056630969E+10    0.320430268641411734E+06   -0.124695552311284217E+03
    0.849380027493535583E+00    0.804822268529161278E+00    0.153016861996256995E+10    0.321349869061902806E+06   -0.124662261652320382E+03
    0.856094831631933451E+00    0.692888560552553212E+00    0.155281325021773839E+10    0.338502126861967088E+06   -0.124649381934325845E+03
    0.891823606212768905E+00    0.804866764448826100E+00    0.150911947099880290E+10    0.329758523779510229E+06   -0.124638986590399668E+03
    0.890081352275984505E+00    0.783015895408601281E+00    0.151945680730344963E+10    0.315896085179713380E+06   -0.124613554933595935E+03
    0.925789025946357480E+00    0.745402854117086289E+00    0.151746053182316303E+10    0.320321734099229856E+06   -0.124607152410574855E+03
    0.849981634290306931E+00    0.698159929576638749E+00    0.154046959120567870E+10    0.340898735494115797E+06   -0.124586808883163826E+03
    0.912363846895305031E+00    0.683020275668347221E+00    0.150697723765921235E+10    0.324215913888233423E+06   -0.124577650397548410E+03
    0.912363846895305031E+00    0.683020275668347221E+00    0.150697723765921235E+10    0.324215913888233423E+06   -0.124577650397548410E+03
    0.829094028652293313E+00    0.766703264116587402E+00    0.157754997570195985E+10    0.314690060888540698E+06   -0.124569284624675049E+03
    0.864168819146928335E+00    0.805474722147377253E+00    0.153825949031854224E+10    0.337648267832046957E+06   -0.124527098007133162E+03
    0.890873363973358257E+00    0.808034869329350869E+00    0.152758184559533596E+10    0.316349692927076947E+06   -0.124495844209955891E+03
    0.882094091114886125E+00    0.788699935575411182E+00    0.153233996624364376E+10    0.319579268711106619E+06   -0.124494451327773120E+03
    0.852351141724706163E+00    0.811739586470463070E+00    0.154767695949509144E+10    0.316249837836084538E+06   -0.124490304632514949E+03
    0.876569501960931974E+00    0.769023863554092024E+00    0.152228726873088121E+10    0.337628384896500676E+06   -0.124478630793093615E+03
    0.835264369674284413E+00    0.712707789861209307E+00    0.155103243707094812E+10    0.338261767454857065E+06   -0.124475645378438372E+03
    0.842812656946437255E+00    0.762345933340803139E+00    0.153740496180641961E+10    0.319971137811899127E+06   -0.124470768680644724E+03
    0.842812656946437255E+00    0.762345933340803139E+00    0.153740496180641961E+10    0.319971137811899127E+06   -0.124470768680644724E+03
    0.864469784732299296E+00    0.756844127436536063E+00    0.154524576209864926E+10    0.342967263031315000E+06   -0.124470081892327158E+03
    0.889131130259462887E+00    0.794319355151298812E+00    0.155101238054270601E+10    0.321001861021122255E+06   -0.124459908493614051E+03
    0.891441632927015060E+00    0.831332203761304456E+00    0.153575439167766690E+10    0.330416064630204695E+06   -0.124452548257513129E+03
    0.797365828769921348E+00    0.722700213481890952E+00    0.156375459006292915E+10    0.337461604911257571E+06   -0.124447931852402192E+03
    0.919325301343682177E+00    0.749126045134158147E+00    0.151501036038462090E+10    0.321279641553641181E+06   -0.124417053109731029E+03
    0.846337777548336834E+00    0.700822842074583008E+00    0.154369916891249371E+10    0.328454192066591582E+06   -0.124406624218113691E+03
    0.837210221681246591E+00    0.816649364434444802E+00    0.154849858298623586E+10    0.336418777380219137E+06   -0.124402502293542000E+03
    0.836981401435712424E+00    0.721525021564823899E+00    0.155358896996176839E+10    0.344979628753028053E+06   -0.124395052179874483E+03
    0.836981401435712424E+00    0.721525021564823899E+00    0.155358896996176839E+10    0.344979628753028053E+06   -0.124395052179874483E+03
    0.938245125389330359E+00    0.785897364638837193E+00    0.150943454849198651E+10    0.325570150066439062E+06   -0.124384379502917852E+03
    0.938245125389330359E+00    0.785897364638837193E+00    0.150943454849198651E+10    0.325570150066439062E+06   -0.124384379502917852E+03
    0.888907482244147840E+00    0.768397840524034148E+00    0.153539154542284656E+10    0.332038631807981874E+06   -0.124380935387928758E+03
    0.932618500847905207E+00    0.792921641171225655E+00    0.150562236533469415E+10    0.331074574861085217E+06   -0.124372194818034501E+03
    0.912729507339182011E+00    0.718815602358645389E+00    0.153066257862458229E+10    0.321312090017238632E+06   -0.124371197687738231E+03
    0.896096624197923686E+00    0.736874040268074459E+00    0.149856324791941595E+10    0.331829528637613461E+06   -0.124362917451325444E+03
    0.893576029862831467E+00    0.774677181175256635E+00    0.153304874665482259E+10    0.338077577324646350E+06   -0.124340284628920401E+03
    0.893576029862831467E+00    0.774677181175256635E+00    0.153304874665482259E+10    0.338077577324646350E+06   -0.124340284628920401E+03
    0.898002220184568323E+00    0.777619390624691764E+00    0.154541471601268435E+10    0.330915290151678550E+06   -0.124315848676206357E+03
    0.898002220184568323E+00    0.777619390624691764E+00    0.154541471601268435E+10    0.330915290151678550E+06   -0.124315848676206357E+03
    0.923474669027579909E+00    0.721820897992245136E+00    0.151823778345596170E+10    0.327666764696286351E+06   -0.124313858355465456E+03
    0.919655779619165670E+00    0.735214679710630925E+00    0.152697288791205621E+10    0.322872210496447107E+06   -0.124301706770321175E+03
    0.919655779619165670E+00    0.735214679710630925E+00    0.152697288791205621E+10    0.322872210496447107E+06   -0.124301706770321175E+03
    0.882543706296449737E+00    0.762001775558434957E+00    0.154538329749707794E+10    0.336027444011864369E+06   -0.124299730058507436E+03
    0.843935217187008146E+00    0.752091783285866455E+00    0.154194724065300536E+10    0.331276063080835913E+06   -0.124272949294214257E+03
    0.862384712656958818E+00    0.744543521844602818E+00    0.155700957865801024E+10    0.319044147124760726E+06   -0.124264503873456903E+03
    0.925069138283043602E+00    0.819019780825363863E+00    0.150909710755985188E+10    0.327714655467479723E+06   -0.124262269827385126E+03
    0.892710158933369469E+00    0.809771977241429575E+00    0.153039008381177807E+10    0.330717517851813755E+06   -0.124252848677650093E+03
    0.870086730971971423E+00    0.697753535343472286E+00    0.153483977580483127E+10    0.332914277521127951E+06   -0.124248641351325404E+03
    0.864739155335149556E+00    0.756314096899231902E+00    0.155218726151790929E+10    0.324391079747136973E+06   -0.124218196029104092E+03
    0.836611609557152414E+00    0.772362364650093447E+00    0.153668224763885331E+10    0.328639335082756006E+06   -0.124215676973994448E+03
    0.872163206481712749E+00    0.785367697822754174E+00    0.153010612129177284E+10    0.334512846996614768E+06   -0.124206845159076309E+03
    0.872163206481712749E+00    0.785367697822754174E+00    0.153010612129177284E+10    0.334512846996614768E+06   -0.124206845159076309E+03
    0.866900711064328755E+00    0.734191122458092149E+00    0.154847226669224620E+10    0.320481514251294197E+06   -0.124189013746353595E+03
    0.923623869762580707E+00    0.790068989001630140E+00    0.153378806032729077E+10    0.320824077066799160E+06   -0.124185833987847005E+03
    0.919166295798958033E+00    0.831499816777710787E+00    0.151788689220940185E+10    0.327851226704907080E+06   -0.124183924084332702E+03
    0.911806515846654397E+00    0.717592736242882889E+00    0.153326538870099640E+10    0.340905726705131296E+06   -0.124181271407502990E+03
    0.916054076471207512E+00    0.831253758569441725E+00    0.151471756091177893E+10    0.327978213287091814E+06   -0.124173853472334514E+03
    0.916054076471207512E+00    0.831253758569441725E+00    0.151471756091177893E+10    0.327978213287091814E+06   -0.124173853472334514E+03
    0.899184988946665542E+00    0.793195423682432565E+00    0.152786976331893182E+10    0.315803225644428923E+06   -0.124168532842412986E+03
    0.899184988946665542E+00    0.793195423682432565E+00    0.152786976331893182E+10    0.315803225644428923E+06   -0.124168532842412986E+03
    0.903596273461678701E+00    0.728060038170824431E+00    0.151290566011345744E+10    0.322185353619626025E+06   -0.124166782400425220E+03
    0.828850323971430880E+00    0.749571624791064206E+00    0.154979022830602837E+10    0.334194346178883046E+06   -0.124155439746121715E+03
    0.918775325641583818E+00    0.823096619938878948E+00    0.152128696922640944E+10    0.335709743034015759E+06   -0.124147986349168974E+03
    0.897932366541533300E+00    0.776088837793676767E+00    0.152506321926812482E+10    0.330758621257636813E+06   -0.124141141050157017E+03
    0.874283118732615772E+00    0.701394252542839158E+00    0.153180583079405856E+10    0.329924854025694425E+06   -0.124129345281989245E+03
    0.921821904982142892E+00    0.756716738811859635E+00    0.153330939889343119E+10    0.321900914775317186E+06   -0.124119874821471413E+03
    0.909670255626580437E+00    0.837402799944081178E+00    0.152529892499471998E+10    0.336364825983886665E+06   -0.124111736253582876E+03
    0.869571559778426928E+00    0.766017465917478546E+00    0.154264034758463359E+10    0.335273449906976195E+06   -0.124101578586786076E+03
    0.942503188437365469E+00    0.752540691306646803E+00    0.150238947645410514E+10    0.319841033053690335E+06   -0.124101467837414248E+03
    0.875083703132761737E+00    0.776979534044954345E+00    0.154805777786058831E+10    0.316424492038568482E+06   -0.124092592148388945E+03
    0.881475867122647139E+00    0.742753935838718071E+00    0.152592916486379504E+10    0.337879323172922654E+06   -0.124058338948810515E+03
    0.884457582930662789E+00    0.803817343255148753E+00    0.153205599756437111E+10    0.318091166963156487E+06   -0.124056542603778226E+03
    0.925946572121841727E+00    0.814494647516343040E+00    0.151291457413320398E+10    0.323178495054378349E+06   -0.124023661066855098E+03
    0.834083846859822620E+00    0.754617805644317130E+00    0.155241039662246966E+10    0.324718009628342872E+06   -0.124023149805926920E+03
    0.834083846859822620E+00    0.754617805644317130E+00    0.155241039662246966E+10    0.324718009628342872E+06   -0.124023149805926920E+03
    0.894960753483058258E+00    0.794841177261654597E+00    0.152533780628541684E+10    0.344039204008437053E+06   -0.124000337735037334E+03
    0.866196478100802691E+00    0.795113799526702802E+00    0.152625371735605359E+10    0.329778924265256093E+06   -0.123984217074869917E+03
    0.932511754358442135E+00    0.739372624850786142E+00    0.152295662940920019E+10    0.325418789711118618E+06   -0.123952485641074702E+03
    0.873673278394443975E+00    0.769141699552903013E+00    0.152796321625042510E+10    0.336899632122148410E+06   -0.123950603237448433E+03
    0.923809009304286666E+00    0.797386833976947429E+00    0.151093451937294698E+10    0.333854903691954794E+06   -0.123949340618763557E+03
    0.890179991505972934E+00    0.805261098365954275E+00    0.152402890043188190E+10    0.331328651873297058E+06   -0.123938502227090666E+03
    0.890179991505972934E+00    0.805261098365954275E+00    0.152402890043188190E+10    0.331328651873297058E+06   -0.123938502227090666E+03
    0.866016040283668631E+00    0.784193555242505447E+00    0.154209712186061883E+10    0.323601876472270233E+06   -0.123913145459927563E+03
    0.866016040283668631E+00    0.784193555242505447E+00    0.154209712186061883E+10    0.323601876472270233E+06   -0.123913145459927563E+03
    0.892191813371302600E+00    0.737761436635943291E+00    0.151612087193471360E+10    0.335214501474604360E+06   -0.123902406402789836E+03
    0.814162188563025357E+00    0.741202348297391733E+00    0.155803222636352611E+10    0.343241306164289068E+06   -0.123896011719230955E+03
    0.814162188563025357E+00    0.741202348297391733E+00    0.155803222636352611E+10    0.343241306164289068E+06   -0.123896011719230955E+03
    0.853065751430928998E+00    0.779044823436312761E+00    0.155148942253897381E+10    0.323708505067699647E+06   -0.123883038176016001E+03
    0.863596771036022282E+00    0.813668880288238583E+00    0.155384475036207891E+10    0.330648736210525734E+06   -0.123882667057073689E+03
    0.855788803062540016E+00    0.754863296772204428E+00    0.155392891624462366E+10    0.330206500227616110E+06   -0.123874505128338285E+03
    0.902372202916903232E+00    0.710909883731790870E+00    0.152662715980307221E+10    0.325112967611873406E+06   -0.123868180263215024E+03
    0.910220958080304343E+00    0.780795720873478150E+00    0.151677968446790123E+10    0.319958174907150213E+06   -0.123861760230573012E+03
    0.893942277940011021E+00    0.748337107862383277E+00    0.152869652851037931E+10    0.335886884090993612E+06   -0.123841522175523167E+03
    0.893942277940011021E+00    0.748337107862383277E+00    0.152869652851037931E+10    0.335886884090993612E+06   -0.123841522175523167E+03
    0.852448747718262068E+00    0.766556361512335638E+00    0.153724936527212763E+10    0.326046852015707118E+06   -0.123821487403181180E+03
    0.852448747718262068E+00    0.766556361512335638E+00    0.153724936527212763E+10    0.326046852015707118E+06   -0.123821487403181180E+03
    0.917225343127642256E+00    0.783135961784199086E+00    0.151121591043882132E+10    0.321994059790882282E+06   -0.123818974280285332E+03
    0.917225343127642256E+00    0.783135961784199086E+00    0.151121591043882132E+10    0.321994059790882282E+06   -0.123818974280285332E+03
    0.832307502679480837E+00    0.748100999005971712E+00    0.155312879826079249E+10    0.332248316526767332E+06   -0.123791053749094658E+03
    0.924974252408798048E+00    0.743062007066848995E+00    0.150750657762793279E+10    0.324750607922516239E+06   -0.123783407875255591E+03
    0.817329334429183985E+00    0.698492284802369134E+00    0.156891333004484248E+10    0.333553610337538063E+06   -0.123758180176404835E+03
    0.817329334429183985E+00    0.698492284802369134E+00    0.156891333004484248E+10    0.333553610337538063E+06   -0.123758180176404835E+03
    0.900302306059189594E+00    0.772457008924077648E+00    0.151804276434375358E+10    0.325648634528115974E+06   -0.123730408485009420E+03
    0.860003192941609651E+00    0.786052046059877441E+00    0.154345077419598365E+10    0.332440629288792145E+06   -0.123716158741596161E+03
    0.865136137941133421E+00    0.781630956825629220E+00    0.154506037779710531E+10    0.324442925347676384E+06   -0.123696043573142504E+03
    0.857193974718259977E+00    0.758910569877862429E+00    0.153608384830319810E+10    0.336206482825327490E+06   -0.123693276346554342E+03
    0.874526999579170794E+00    0.753423373161837162E+00    0.153106338251844215E+10    0.333168243011105922E+06   -0.123693154816570768E+03
    0.895569088330837482E+00    0.786250124979243292E+00    0.151192157616272402E+10    0.325407114366133872E+06   -0.123674878409247981E+03
    0.895569088330837482E+00    0.786250124979243292E+00    0.151192157616272402E+10    0.325407114366133872E+06   -0.123674878409247981E+03
    0.906033531732268083E+00    0.809946504364685183E+00    0.151411440123455834E+10    0.323261213775952056E+06   -0.123666829901654694E+03
    0.871600088155833896E+00    0.805935982960147790E+00    0.152687564285314488E+10    0.337597561034336337E+06   -0.123640479910307761E+03
    0.850447123876812316E+00    0.779462884902143660E+00    0.155504400197184825E+10    0.334980169741506048E+06   -0.123623577810207124E+03
    0.850447123876812316E+00    0.779462884902143660E+00    0.155504400197184825E+10    0.334980169741506048E+06   -0.123623577810207124E+03
    0.937816947425500591E+00    0.768197755943757610E+00    0.150950606455626798E+10    0.327962611017953372E+06   -0.123621799637307817E+03
    0.857099492757569581E+00    0.677943228884569926E+00    0.154146224877883697E+10    0.327929832827642385E+06   -0.123618003870242248E+03
    0.857099492757569581E+00    0.677943228884569926E+00    0.154146224877883697E+10    0.327929832827642385E+06   -0.123618003870242248E+03
    0.846385574760572745E+00    0.774645774577242374E+00    0.154054208605753589E+10    0.335711342728232034E+06   -0.123609951287048801E+03
    0.918587944908758502E+00    0.800279552822209972E+00    0.151828030223562551E+10    0.325671885601257614E+06   -0.123604209077491632E+03
    0.816085119444151963E+00    0.699698862772224928E+00    0.156244592209716153E+10    0.326286432346104179E+06   -0.123603922924735201E+03
    0.867753766537372462E+00    0.798249792212681886E+00    0.153526192417242789E+10    0.325405600916217780E+06   -0.123581068934277667E+03
    0.856740002553883384E+00    0.718524740402345152E+00    0.152944331909913898E+10    0.320429663662859937E+06   -0.123559685472143414E+03
    0.856740002553883384E+00    0.718524740402345152E+00    0.152944331909913898E+10    0.320429663662859937E+06   -0.123559685472143414E+03
    0.852201773638895377E+00    0.809714194585363867E+00    0.154804920300947356E+10    0.322196629922610940E+06   -0.123543776361861148E+03
    0.852201773638895377E+00    0.809714194585363867E+00    0.154804920300947356E+10    0.322196629922610940E+06   -0.123543776361861148E+03
    0.875492108448868267E+00    0.775701252711514133E+00    0.152210996509724975E+10    0.332285610293141275E+06   -0.123543232735486555E+03
    0.860013251108418642E+00    0.809980236140742882E+00    0.154918963637880683E+10    0.338714770439145912E+06   -0.123533417138170847E+03
    0.909970451486983301E+00    0.804568258160466510E+00    0.152152412395685744E+10    0.319407694375568652E+06   -0.123530722606546348E+03
    0.868305003764152983E+00    0.728519763203870685E+00    0.155267870509276485E+10    0.312935192673166865E+06   -0.123527786123601970E+03
    0.868305003764152983E+00    0.728519763203870685E+00    0.155267870509276485E+10    0.312935192673166865E+06   -0.123527786123601970E+03
    0.828810629910550989E+00    0.774553570528118129E+00    0.155009539965038824E+10    0.341011995395121747E+06   -0.123527308265259677E+03
    0.901171690567691974E+00    0.775848786176699612E+00    0.151747713902294827E+10    0.333035024134855019E+06   -0.123510655380429071E+03
    0.878849775512514753E+00    0.769833431024648629E+00    0.151884087318303084E+10    0.331835929497215024E+06   -0.123501626271269004E+03
    0.899646224109075576E+00    0.746675977536141566E+00    0.152223049741656351E+10    0.324212707366849005E+06   -0.123498046139117974E+03
    0.886856009586952654E+00    0.757212652768922911E+00    0.153358270365511250E+10    0.328862305227531295E+06   -0.123479107724973019E+03
    0.918660510764015670E+00    0.750657327958884846E+00    0.152628283221543860E+10    0.331577013914316893E+06   -0.123475138796282948E+03
    0.918660510764015670E+00    0.750657327958884846E+00    0.152628283221543860E+10    0.331577013914316893E+06   -0.123475138796282948E+03
    0.924565165809090206E+00    0.787186730941709101E+00    0.150868138090760469E+10    0.326001923394381185E+06   -0.123472270772821133E+03
    0.837826086473048792E+00    0.778482992932110651E+00    0.155594383355174851E+10    0.325857864502175071E+06   -0.123463553302057775E+03
    0.874518567125809665E+00    0.870842275348755912E+00    0.153351054685957122E+10    0.338354657043020299E+06   -0.123433904801202218E+03
    0.874518567125809665E+00    0.870842275348755912E+00    0.153351054685957122E+10    0.338354657043020299E+06   -0.123433904801202218E+03
    0.900623343995584968E+00    0.811520941081923741E+00    0.152717833602883601E+10    0.319595557004786970E+06   -0.123426203792828886E+03
    0.860416212850263706E+00    0.768727920120354291E+00    0.155789848567432785E+10    0.329305344364688732E+06   -0.123422961044930659E+03
    0.860416212850263706E+00    0.768727920120354291E+00    0.155789848567432785E+10    0.329305344364688732E+06   -0.123422961044930659E+03
    0.872101101062080275E+00    0.770088515154677022E+00    0.153306518943459678E+10    0.333099090702256653E+06   -0.123396183023552084E+03
    0.872101101062080275E+00    0.770088515154677022E+00    0.153306518943459678E+10    0.333099090702256653E+06   -0.123396183023552084E+03
    0.845157903111950382E+00    0.751917081951229527E+00    0.155739979935740995E+10    0.332342149021605204E+06   -0.123380973640970439E+03
    0.900865869268661079E+00    0.796101501558472702E+00    0.152183371946087098E+10    0.331162966678072640E+06   -0.123378131313129117E+03
    0.889754881865851499E+00    0.778447543849772217E+00    0.151702619809685493E+10    0.335727111031412904E+06   -0.123377950802171213E+03
    0.889754881865851499E+00    0.778447543849772217E+00    0.151702619809685493E+10    0.335727111031412904E+06   -0.123377950802171213E+03
    0.884592961540138001E+00    0.776125297900964739E+00    0.153017939736302519E+10    0.329900721676775313E+06   -0.123375378443547987E+03
    0.849456273259895256E+00    0.755017231092870222E+00    0.154191437952068424E+10    0.324927095508104190E+06   -0.123367233711647700E+03
    0.849456273259895256E+00    0.755017231092870222E+00    0.154191437952068424E+10    0.324927095508104190E+06   -0.123367233711647700E+03
    0.885488719678426350E+00    0.764884123998905263E+00    0.154171755371665335E+10    0.338515466126706626E+06   -0.123357094459758557E+03
    0.926086833613926852E+00    0.729294890757461012E+00    0.151270383446505666E+10    0.320696092190650234E+06   -0.123352966274164132E+03
    0.926086833613926852E+00    0.729294890757461012E+00    0.151270383446505666E+10    0.320696092190650234E+06   -0.123352966274164132E+03
    0.884839140384506062E+00    0.756222849992807866E+00    0.153379283717020440E+10    0.326508804920524417E+06   -0.123349586507280833E+03
    0.875241567161004874E+00    0.825572888486191037E+00    0.152412006301545906E+10    0.332986961721964704E+06   -0.123344476877091751E+03
    0.875241567161004874E+00    0.825572888486191037E+00    0.152412006301545906E+10    0.332986961721964704E+06   -0.123344476877091751E+03
    0.912374720930298588E+00    0.781821472070101553E+00    0.153111669460073662E+10    0.331096786424090853E+06   -0.123338983911759357E+03
    0.869484032638055737E+00    0.796102696080587702E+00    0.153151816371464300E+10    0.313987057834667095E+06   -0.123337390860465661E+03
    0.860954812045246709E+00    0.799073195896877309E+00    0.152619420819989347E+10    0.334086822666717344E+06   -0.123335189218157353E+03
    0.907915328187368309E+00    0.743540478316353948E+00    0.151507690557142162E+10    0.326492501552710659E+06   -0.123327858757415953E+03
    0.821703079773988598E+00    0.701950755886815436E+00    0.155173752549282742E+10    0.331389256472915818E+06   -0.123327476601569657E+03
    0.821703079773988598E+00    0.701950755886815436E+00    0.155173752549282742E+10    0.331389256472915818E+06   -0.123327476601569657E+03
    0.900177662699085168E+00    0.805682316792655673E+00    0.151222558500114417E+10    0.326667040971745679E+06   -0.123325463307446540E+03
    0.893454944450955191E+00    0.762153056406467133E+00    0.152416243489180207E+10    0.330117004768309474E+06   -0.123323121204389835E+03
    0.851138555941083452E+00    0.753853700497353341E+00    0.153734306726902103E+10    0.337612624257761345E+06   -0.123317563668171701E+03
    0.869483333019976379E+00    0.800447023014728476E+00    0.154524577855323172E+10    0.330180308369194448E+06   -0.123307179408415692E+03
    0.910381758642892835E+00    0.732765328007966232E+00    0.152212174230070519E+10    0.332257128997976950E+06   -0.123303074732084127E+03
    0.890066694583907747E+00    0.732912960970487859E+00    0.152301086942749238E+10    0.336814166397784487E+06   -0.123298245946667294E+03
    0.894204269236812843E+00    0.809755606085090562E+00    0.152363227713724160E+10    0.327008073697513260E+06   -0.123290295206679716E+03
    0.843725154537333433E+00    0.770661310370829522E+00    0.155714171173267651E+10    0.333534077507472073E+06   -0.123287022808638966E+03
    0.843725154537333433E+00    0.770661310370829522E+00    0.155714171173267651E+10    0.333534077507472073E+06   -0.123287022808638966E+03
    0.865754321444164532E+00    0.765472833607339531E+00    0.153199193057919741E+10    0.333741631330960954E+06   -0.123286748103489458E+03
    0.874402466419835322E+00    0.806389990356232378E+00    0.151859076142021179E+10    0.332056929913111846E+06   -0.123285256052281852E+03
    0.878068936170562697E+00    0.735360977423480389E+00    0.152473042219687343E+10    0.327344522790463117E+06   -0.123283305026789122E+03
    0.906764350413987286E+00    0.705386040742824516E+00    0.152382191358001256E+10    0.328508657688436972E+06   -0.123280074957439751E+03
    0.906764350413987286E+00    0.705386040742824516E+00    0.152382191358001256E+10    0.328508657688436972E+06   -0.123280074957439751E+03
    0.900391217004352207E+00    0.729735809986539863E+00    0.153147801108978009E+10    0.338430185466344352E+06   -0.123278105592066723E+03
    0.917676130678824031E+00    0.733850568887266963E+00    0.152842693426937222E+10    0.332984456233159930E+06   -0.123275524989645746E+03
    0.841016722372776360E+00    0.692025371654451771E+00    0.154535996451135325E+10    0.335610484344812052E+06   -0.123272090026788831E+03
    0.890643138890171659E+00    0.742887486855286383E+00    0.152530744970475841E+10    0.337162654611835838E+06   -0.123270491146285593E+03
    0.875353629522776289E+00    0.807546560905263444E+00    0.153944591549769330E+10    0.337166974659321364E+06   -0.123259954257651302E+03
    0.834430252906232739E+00    0.736764255002139379E+00    0.156032254307415867E+10    0.337392195941726095E+06   -0.123258288165756255E+03
    0.834430252906232739E+00    0.736764255002139379E+00    0.156032254307415867E+10    0.337392195941726095E+06   -0.123258288165756255E+03
    0.900736998354974672E+00    0.759724879222185123E+00    0.151442571147261596E+10    0.332741609986585972E+06   -0.123251877857157950E+03
    0.896199647888481055E+00    0.741946581110555226E+00    0.153235581195491052E+10    0.335470263766706979E+06   -0.123238328628799451E+03
    0.840646379986467296E+00    0.713455667588568154E+00    0.154249895866678834E+10    0.336208064188683638E+06   -0.123233551925925468E+03
    0.842506109798930591E+00    0.760118578933733691E+00    0.154653665821149492E+10    0.338356693597181409E+06   -0.123214639845081848E+03
    0.828884730078263021E+00    0.700163027314196995E+00    0.154823683888209152E+10    0.335099653242494562E+06   -0.123211818942444282E+03
    0.914914258968713257E+00    0.780354702337563655E+00    0.151069410273278427E+10    0.335074797255948710E+06   -0.123199120201417998E+03
    0.914914258968713257E+00    0.780354702337563655E+00    0.151069410273278427E+10    0.335074797255948710E+06   -0.123199120201417998E+03
    0.877607877522213475E+00    0.813496637428568814E+00    0.153679653786262679E+10    0.335484606435124646E+06   -0.123190974762006292E+03
    0.876741729407549131E+00    0.789148671515003119E+00    0.154586449543998051E+10    0.335933315586446610E+06   -0.123186157378449622E+03
    0.859826577177844831E+00    0.768441768718363782E+00    0.154195781186382318E+10    0.337768068822805537E+06   -0.123183975682930622E+03
    0.901044103986454958E+00    0.790774082004828571E+00    0.152578006463485551E+10    0.326197665583935275E+06   -0.123171053186083924E+03
    0.895030506979971774E+00    0.775328324101232536E+00    0.153688900195749855E+10    0.323344424232193036E+06   -0.123170681399510926E+03
    0.895030506979971774E+00    0.775328324101232536E+00    0.153688900195749855E+10    0.323344424232193036E+06   -0.123170681399510926E+03
    0.859803545390743551E+00    0.798849448677722229E+00    0.152307700280891895E+10    0.331437988842904218E+06   -0.123158593502667955E+03
    0.885488149428677818E+00    0.764251117525377666E+00    0.154232327787285686E+10    0.330169451555172447E+06   -0.123158285031675021E+03
    0.852320289293672428E+00    0.754165146055047142E+00    0.155150205971496606E+10    0.331399330051832367E+06   -0.123157597448242043E+03
    0.898019944917165303E+00    0.723005393470354640E+00    0.152240546344887805E+10    0.326644864232447639E+06   -0.123156967810303883E+03
    0.932646064947710851E+00    0.811662708049062154E+00    0.151100030726991105E+10    0.332786034256748855E+06   -0.123156276160548430E+03
    0.851895872275318267E+00    0.803031163129462211E+00    0.155637557024308062E+10    0.329723292751962668E+06   -0.123151457373368274E+03
    0.867457216563751632E+00    0.742831977739780047E+00    0.154316784187341595E+10    0.329875790012116020E+06   -0.123142223415622254E+03
    0.867457216563751632E+00    0.742831977739780047E+00    0.154316784187341595E+10    0.329875790012116020E+06   -0.123142223415622254E+03
    0.828344837001201539E+00    0.773896935861684732E+00    0.155548090627919030E+10    0.335982438002724957E+06   -0.123124215418619485E+03
    0.851524841822674627E+00    0.763741783575984101E+00    0.154438735891506481E+10    0.336368463982907415E+06   -0.123116131773459713E+03
    0.845236129672548020E+00    0.766275915209691405E+00    0.153936215160404086E+10    0.334435662348855985E+06   -0.123105817961744890E+03
    0.841515612792820722E+00    0.751047962190715346E+00    0.155804861967134142E+10    0.336178416687864228E+06   -0.123101999770016732E+03
    0.887977250321597800E+00    0.744841575910126341E+00    0.152884098210458350E+10    0.336337392007980729E+06   -0.123101820215215014E+03
    0.845969693415618229E+00    0.776334078314630194E+00    0.154923149851414347E+10    0.326808319651097292E+06   -0.123098131738468879E+03
    0.857521366203628843E+00    0.755871445859334301E+00    0.155536040915247512E+10    0.328926566061683523E+06   -0.123096993823019318E+03
    0.856110117512832725E+00    0.790109242656639843E+00    0.154678710415389919E+10    0.332287125624928682E+06   -0.123094534631193056E+03
    0.914159044921775354E+00    0.726603265389602182E+00    0.153184550406178713E+10    0.334447037738016516E+06   -0.123090074050197245E+03
    0.835594611211956662E+00    0.702405059240260865E+00    0.155487588177346563E+10    0.336538500568717951E+06   -0.123082841459755116E+03
    0.868931800005710464E+00    0.734754751906862680E+00    0.153938478335831666E+10    0.331862585403123230E+06   -0.123076444208731871E+03
    0.883537507985137860E+00    0.781505058316468215E+00    0.153814065304419279E+10    0.333169632802111562E+06   -0.123052083301030578E+03
    0.874323055041475672E+00    0.733893444469650991E+00    0.153318847708045053E+10    0.331493178967941843E+06   -0.123051655379947107E+03
    0.901522425333181943E+00    0.764317615349142443E+00    0.152860655786758995E+10    0.321719008901862428E+06   -0.123047123906564352E+03
    0.870567484894591015E+00    0.752525762181762481E+00    0.155037634376324725E+10    0.324824787350416998E+06   -0.123043163737159887E+03
    0.858991452048811777E+00    0.780887720977295530E+00    0.155207865861581659E+10    0.334959815352302219E+06   -0.123042163399477516E+03
    0.870536031027562940E+00    0.733435569779760765E+00    0.154050049327689004E+10    0.323597849293149251E+06   -0.123039942472859707E+03
    0.836175172873179218E+00    0.770650463387679618E+00    0.154911756195275903E+10    0.327337582260731608E+06   -0.123038938800486022E+03
    0.860565624356729453E+00    0.748547133276005638E+00    0.153079839894956517E+10    0.328968370144002838E+06   -0.123036189787668633E+03
    0.866719001434859582E+00    0.713774672872624638E+00    0.154503082142300248E+10    0.337898660904496792E+06   -0.123032885789603839E+03
    0.930055932630020177E+00    0.780791450235873263E+00    0.151065643167320323E+10    0.334676350847441005E+06   -0.123031526135161215E+03
    0.865762043532508296E+00    0.743587414832446392E+00    0.154663140371439457E+10    0.319876491374768026E+06   -0.123027945112163337E+03
    0.839447390775472702E+00    0.765725156787807393E+00    0.156165799240114307E+10    0.334157416697371693E+06   -0.123023130483631121E+03
    0.909369987225306708E+00    0.759366145519179803E+00    0.152749551613064957E+10    0.318894773953337513E+06   -0.123017970688224040E+03
    0.888915921194306513E+00    0.774838059854694450E+00    0.153483807721373844E+10    0.330863885586161749E+06   -0.123013774057692984E+03
    0.894883879314352648E+00    0.810538749925227453E+00    0.152987185719485855E+10    0.325906756102300948E+06   -0.123010026291940974E+03
    0.851927646584226261E+00    0.737813552411065388E+00    0.155794423276522017E+10    0.326398684114350821E+06   -0.123007857994476979E+03
    0.884592121862025516E+00    0.821436148455718218E+00    0.153449705785670829E+10    0.328190361244864704E+06   -0.123003443037162484E+03
    0.844434776468873993E+00    0.762567702549581838E+00    0.154314555525755143E+10    0.332617135361713765E+06   -0.122997510703643187E+03
    0.895455349545042134E+00    0.762624128062999063E+00    0.151785121919466138E+10    0.331547799471768085E+06   -0.122993330859429861E+03
    0.857725291610591301E+00    0.733954496520011990E+00    0.153401303580101061E+10    0.332033717140323133E+06   -0.122990130559386074E+03
    0.865762131495813825E+00    0.772314403354845247E+00    0.152933543708260036E+10    0.332916827295130584E+06   -0.122973945919161139E+03
    0.884678294262881582E+00    0.740291332283406156E+00    0.152411139396001220E+10    0.325425014050419384E+06   -0.122964395925262323E+03
    0.884655824107055566E+00    0.780707067021793488E+00    0.152323735844261575E+10    0.322830524497949111E+06   -0.122947318498838627E+03
    0.841457404207824444E+00    0.764095100326438903E+00    0.153884507941555548E+10    0.336934490656819718E+06   -0.122945010359448219E+03
    0.905309821087534439E+00    0.755590490468034837E+00    0.152717120459759974E+10    0.328848316619235906E+06   -0.122942408081426990E+03
    0.901349869021086381E+00    0.782272196613662096E+00    0.153190113342273808E+10    0.330392642957198492E+06   -0.122941892114743354E+03
    0.879076974165971969E+00    0.773492417936672005E+00    0.154331749297305107E+10    0.324552533889035170E+06   -0.122941454447722265E+03
    0.890945121472313528E+00    0.741498592879989982E+00    0.152641542465475869E+10    0.332240253857878793E+06   -0.122940154810621237E+03
    0.887558538165819644E+00    0.761501980138141743E+00    0.153426826000666928E+10    0.318178694967243937E+06   -0.122935524206437876E+03
    0.923041745824723647E+00    0.784362957640088787E+00    0.153320875330127382E+10    0.316182735886735842E+06   -0.122930497695892441E+03
    0.899683487854530228E+00    0.761780595809907091E+00    0.152358355956159306E+10    0.325781740091350104E+06   -0.122921258969227665E+03
    0.906662706039261024E+00    0.773053225566274982E+00    0.152792406760499644E+10    0.335752673347007134E+06   -0.122905274455384301E+03
    0.875344515478722163E+00    0.805379666790121185E+00    0.153204036328504992E+10    0.325158091122349957E+06   -0.122899415366535720E+03
    0.909894440428272833E+00    0.780770646978691030E+00    0.152732493175993347E+10    0.334860776509461924E+06   -0.122896477877012160E+03
    0.898151952838788570E+00    0.801093973363111722E+00    0.152970567280892920E+10    0.327567911775900924E+06   -0.122879263388048372E+03
    0.857425634042841112E+00    0.747062106377608171E+00    0.154802957423891091E+10    0.329073829430273268E+06   -0.122871668453064672E+03
    0.844549767982227806E+00    0.766832976911531627E+00    0.155793587174229431E+10    0.328539952160294459E+06   -0.122868482787601437E+03
    0.927597782203869237E+00    0.795692072917527415E+00    0.152864627336184359E+10    0.319518742860573344E+06   -0.122866627319458615E+03
    0.865658180296106972E+00    0.772825522964002420E+00    0.153915767786883187E+10    0.327642479883177846E+06   -0.122853870731764530E+03
    0.899533526053567956E+00    0.787230629363252721E+00    0.152737727877051687E+10    0.329168562277599005E+06   -0.122837296777400894E+03
    0.904380656831729524E+00    0.768628152932130160E+00    0.152168220012876439E+10    0.327810445360631216E+06   -0.122834271703805868E+03
    0.866141839380878742E+00    0.733356100144412437E+00    0.153335115258159947E+10    0.326518351531024731E+06   -0.122832421601216083E+03
    0.848174147457159577E+00    0.791414891771061946E+00    0.154468991727089405E+10    0.331729421442262945E+06   -0.122823912938896996E+03
    0.841746913641639116E+00    0.781847143676825063E+00    0.154795665561272883E+10    0.325409411572266079E+06   -0.122822634604350185E+03
    0.896153103565688780E+00    0.750656876961047992E+00    0.153346066317541242E+10    0.329135935794380610E+06   -0.122811833529824952E+03
    0.862572988958680620E+00    0.724908431598190628E+00    0.154684919627838516E+10    0.323093937720872345E+06   -0.122809074758707922E+03
    0.897321124517152402E+00    0.740976272472821940E+00    0.152605102913680649E+10    0.332683110193433764E+06   -0.122505066109454390E+03
    0.897321124517152402E+00    0.740976272472821940E+00    0.152605102913680649E+10    0.332683110193433764E+06   -0.122505066109454390E+03
    0.894922363748600458E+00    0.750564282344570177E+00    0.152317346187514973E+10    0.328867789025593956E+06   -0.122676255529692213E+03
    0.900115113628610852E+00    0.753229554603223939E+00    0.152167824978751421E+10    0.325764979771171405E+06   -0.122800075019569420E+03
    0.904993714229853308E+00    0.761006443170805458E+00    0.152426450371478581E+10    0.329193708350431290E+06   -0.122451538235623161E+03
    0.883980471749174934E+00    0.735420249961907135E+00    0.152174514059285688E+10    0.328362522542490100E+06   -0.122616800418040839E+03
    0.887224161798308986E+00    0.771328780418992999E+00    0.151975418299452829E+10    0.330062471313397808E+06   -0.122719204691332905E+03
    0.911410298112196537E+00    0.755586714334889109E+00    0.151668251285863185E+10    0.327485678786156641E+06   -0.122766142612003136E+03
    0.909063779353462165E+00    0.730650574755670412E+00    0.151946258492766666E+10    0.326076049419173156E+06   -0.122632106785221453E+03
    0.897323748122505482E+00    0.754245487849301899E+00    0.152652856975264668E+10    0.332911699236945424E+06   -0.122583634790537374E+03
    0.899359933930954369E+00    0.768664512807755163E+00    0.152641501012833738E+10    0.331642814346162661E+06   -0.122797998287760862E+03
    0.870115544420357545E+00    0.765275845836419943E+00    0.153811315745124173E+10    0.330475118779191689E+06   -0.122664037396944209E+03
    0.855548345722524806E+00    0.772700678769277616E+00    0.153024801374738097E+10    0.331562138722319505E+06   -0.122474343699868015E+03
    0.860477341717099997E+00    0.755335386039603485E+00    0.153377836160876679E+10    0.331099067567655526E+06   -0.122701960098108970E+03
    0.865788172441081971E+00    0.757192317251674574E+00    0.153705427801029181E+10    0.331035024434507068E+06   -0.122095401649443914E+03
    0.865788172441081971E+00    0.757192317251674574E+00    0.153705427801029181E+10    0.331035024434507068E+06   -0.122095401649443914E+03
    0.884675258962041910E+00    0.739678857403890611E+00    0.152626060567753196E+10    0.329332684539917158E+06   -0.122184152577536679E+03
    0.882280113189731208E+00    0.747014320497700446E+00    0.152734790077884698E+10    0.331217687286728004E+06   -0.122435046570109790E+03
    0.884289483591110481E+00    0.741411331794172845E+00    0.152541806855892086E+10    0.332990822526192875E+06   -0.122470399940541057E+03
    0.888929487005599150E+00    0.754795031194195332E+00    0.153406900225416780E+10    0.328747933935047244E+06   -0.122055998016753193E+03
    0.888929487005599150E+00    0.754795031194195332E+00    0.153406900225416780E+10    0.328747933935047244E+06   -0.122055998016753193E+03
    0.892571875958558691E+00    0.767656285655101023E+00    0.153045187544189572E+10    0.329127869358065829E+06   -0.122632433676843121E+03
    0.894096258244803543E+00    0.756594907249760862E+00    0.153272821434033084E+10    0.332466626691452053E+06   -0.122545740036483551E+03
    0.878532011321087380E+00    0.739519359353160155E+00    0.152960254041039014E+10    0.326720845824184769E+06   -0.122419952701185139E+03
    0.878532011321087380E+00    0.739519359353160155E+00    0.152960254041039014E+10    0.326720845824184769E+06   -0.122419952701185139E+03
    0.873641435009011480E+00    0.756173399300819504E+00    0.152740256889211822E+10    0.329212140635608230E+06   -0.122670688575143458E+03
    0.885307614443076263E+00    0.697957829810167407E+00    0.152658095409784245E+10    0.325909140155880013E+06   -0.122569285091708451E+03
    0.893425903975569424E+00    0.758156989617369881E+00    0.153066606000841093E+10    0.334217854607118119E+06   -0.122574431411827035E+03
    0.890054023368735625E+00    0.722161903819197537E+00    0.152488660307687569E+10    0.331733750629070506E+06   -0.122751319882000175E+03
    0.913777050466865526E+00    0.803897898914159637E+00    0.151852160437343550E+10    0.326650098160109541E+06   -0.122624273918448409E+03
    0.884958485034181508E+00    0.803466205913804465E+00    0.152520610665762949E+10    0.323185954324233520E+06   -0.122600280168746337E+03
    0.897569915928393192E+00    0.807507780326071511E+00    0.152618450878957844E+10    0.328171453526286350E+06   -0.122573625465357310E+03
    0.883019128454359925E+00    0.796765061255214846E+00    0.152241953615197086E+10    0.322873239545046585E+06   -0.122542556646025218E+03
    0.884192693073854064E+00    0.805806242899972158E+00    0.152151895553707337E+10    0.324104180326303118E+06   -0.122689747063279015E+03
    0.889367563368346103E+00    0.793017685686052687E+00    0.152981333472740746E+10    0.326078492346049345E+06   -0.122284103326629065E+03
    0.891270071549750020E+00    0.794859132838231730E+00    0.152475527578821731E+10    0.327137779920454312E+06   -0.122767704903302359E+03
    0.878990145373633069E+00    0.826948575903136973E+00    0.152939811832486534E+10    0.325168579380554205E+06   -0.122332398552891448E+03
    0.903079694307370451E+00    0.780475338040472533E+00    0.152636772374545670E+10    0.326258169594727107E+06   -0.122647645702958158E+03
    0.913086082959781220E+00    0.766450079051006039E+00    0.151990912752502942E+10    0.323778321620016766E+06   -0.122600621920236662E+03
    0.911587524811730332E+00    0.791050414805466229E+00    0.152113958897139335E+10    0.324746209596083965E+06   -0.122397674368426578E+03
    0.913321626547671128E+00    0.791621093273698673E+00    0.152158122781238294E+10    0.325466273645195761E+06   -0.122771877147536856E+03
    0.915670729275448791E+00    0.775883768650834860E+00    0.152352142973051739E+10    0.326817242529673385E+06   -0.122680709682324363E+03
    0.892639285360061319E+00    0.784582108808173029E+00    0.153177721713583851E+10    0.327456339299732586E+06   -0.122516970120536030E+03
    0.868712865799115441E+00    0.745407164744898765E+00    0.153680627686724854E+10    0.320686001786914712E+06   -0.122499557068456909E+03
    0.876885280556212510E+00    0.781666902099444449E+00    0.153383444701903868E+10    0.324593450625896454E+06   -0.122427538225527954E+03
    0.868003669120807175E+00    0.782596837931809119E+00    0.153089889505995083E+10    0.325674603260667645E+06   -0.122572904576149796E+03
    0.893065728834268047E+00    0.743287737561728612E+00    0.152432077549103045E+10    0.324050436379625986E+06   -0.122637458594933634E+03
    0.910347473524284134E+00    0.761356505099708869E+00    0.153605466292376494E+10    0.321438376736867242E+06   -0.122637822428888839E+03
    0.894472000141172230E+00    0.755807172231920177E+00    0.153339555518555713E+10    0.322503039808368427E+06   -0.122483905040239520E+03
    0.883042183496719146E+00    0.752510216075600091E+00    0.153389000982248998E+10    0.322472056689704536E+06   -0.122179637131759122E+03
    0.883042183496719146E+00    0.752510216075600091E+00    0.153389000982248998E+10    0.322472056689704536E+06   -0.122179637131759122E+03
    0.898075102557046701E+00    0.783373788907178348E+00    0.154347802554966235E+10    0.322728604600606370E+06   -0.122117782174650984E+03
    0.861085819240013262E+00    0.770095226443352487E+00    0.154327890494228220E+10    0.329218691508913995E+06   -0.122687926339465420E+03
    0.841842812854633360E+00    0.721049096079148466E+00    0.154453019003336453E+10    0.331573663625695044E+06   -0.122338526989099904E+03
    0.820879956756096707E+00    0.724588885244667580E+00    0.155361324702716351E+10    0.328577029519018950E+06   -0.122198697071314058E+03
    0.846613538593042114E+00    0.758016207855958690E+00    0.155926677908245826E+10    0.323626846705383679E+06   -0.122388371792494922E+03
    0.837007420904005484E+00    0.770390404961825759E+00    0.155568183593849683E+10    0.325504746164782788E+06   -0.122243276583951200E+03
    0.837573888279726231E+00    0.768642138936865393E+00    0.154914601450164032E+10    0.328888534822115791E+06   -0.122772327419443570E+03
    0.848667084139273942E+00    0.741251774675541153E+00    0.154839777120664334E+10    0.328647340366973251E+06   -0.122050502898009995E+03
    0.848667084139273942E+00    0.741251774675541153E+00    0.154839777120664334E+10    0.328647340366973251E+06   -0.122050502898009995E+03
    0.837314845619406389E+00    0.802955853483840798E+00    0.154584596243656445E+10    0.329164993457335862E+06   -0.122692422634884721E+03
    0.842444576538784240E+00    0.800883783789541948E+00    0.155916776599425149E+10    0.330854749549445231E+06   -0.122799657499785724E+03
    0.840363986005971175E+00    0.762558165748880246E+00    0.156049951035988355E+10    0.331150336566737038E+06   -0.122686710654495556E+03
    0.867670234068717128E+00    0.758837148713835674E+00    0.153522355362096357E+10    0.326539515528930817E+06   -0.122185091612245259E+03
    0.862966338361934704E+00    0.783797224970898210E+00    0.153747779362363005E+10    0.325949365639176220E+06   -0.121930194374872343E+03
    0.862966338361934704E+00    0.783797224970898210E+00    0.153747779362363005E+10    0.325949365639176220E+06   -0.121930194374872343E+03
    0.858647230645358528E+00    0.755814204692342617E+00    0.153794625761643100E+10    0.327065777099042432E+06   -0.122254309455623897E+03
    0.858647230645358528E+00    0.755814204692342617E+00    0.153794625761643100E+10    0.327065777099042432E+06   -0.122254309455623897E+03
    0.843425430363151762E+00    0.743961088820655814E+00    0.153517660346493816E+10    0.325965674417981878E+06   -0.122164690604551041E+03
    0.845632551164577473E+00    0.727746192773834899E+00    0.153089553855535436E+10    0.325457199980803300E+06   -0.122290886182887974E+03
    0.846287790455424571E+00    0.700543243420614470E+00    0.154107562990176821E+10    0.329558373471712635E+06   -0.122200478602353328E+03
    0.840770425070424099E+00    0.707066191807049105E+00    0.154217186225151944E+10    0.330709605607552570E+06   -0.122461076234493405E+03
    0.876661648797070980E+00    0.739827571832650577E+00    0.153367844193575215E+10    0.323255638100401207E+06   -0.122574188138165553E+03
    0.859866712323131499E+00    0.724611845731849780E+00    0.154139847627266836E+10    0.324113162813652540E+06   -0.122715671745921981E+03
    0.861691292532733022E+00    0.735057078906723671E+00    0.154532899286666393E+10    0.327099077831990900E+06   -0.122621185593437204E+03
    0.848889051291135788E+00    0.757578359998207329E+00    0.154742087605023432E+10    0.323367246754123480E+06   -0.122369768502442014E+03
    0.867442236878854356E+00    0.731175758602373715E+00    0.154036045378854179E+10    0.331311178869692434E+06   -0.122454443479739609E+03
    0.878284439199645717E+00    0.689492957119154593E+00    0.153417853643866777E+10    0.329637974486841995E+06   -0.122759780097762146E+03
    0.867798298106137733E+00    0.695028528654309419E+00    0.153687034313809776E+10    0.329279407595258672E+06   -0.122460497723126792E+03
    0.862855898111548059E+00    0.714270120266438102E+00    0.153371835127827883E+10    0.333741637652228295E+06   -0.122223702933421009E+03
    0.872073015914825334E+00    0.723063755045311396E+00    0.154140728261659145E+10    0.334844318047391484E+06   -0.122784128829478021E+03
    0.867491576611338022E+00    0.699845606170740986E+00    0.154214286261652279E+10    0.337070276613903232E+06   -0.122653857212480432E+03
    0.876674756935958421E+00    0.705120927928948316E+00    0.152548144555159378E+10    0.329826651049715641E+06   -0.122377510376136527E+03
    0.876674756935958421E+00    0.705120927928948316E+00    0.152548144555159378E+10    0.329826651049715641E+06   -0.122377510376136527E+03
    0.880215727884253285E+00    0.701641386797687172E+00    0.153267358243121576E+10    0.330425392886946793E+06   -0.122491715358537306E+03
    0.866766677048971479E+00    0.730610158709717794E+00    0.154298223086007953E+10    0.330427109007221647E+06   -0.121979074378704340E+03
    0.873314808839992907E+00    0.789037479438670530E+00    0.154066668222396135E+10    0.334620641196051147E+06   -0.122749063098993972E+03
    0.887959608955611657E+00    0.759271975254408815E+00    0.154150502536757970E+10    0.329897835076548916E+06   -0.122720904836386808E+03
    0.867754080785031023E+00    0.789666935449323315E+00    0.153650890526301789E+10    0.330609228116302169E+06   -0.122611945949609861E+03
    0.876217151112966719E+00    0.792168177670264040E+00    0.154528641007029128E+10    0.330201374524305691E+06   -0.122806045620611428E+03
    0.877835181563540012E+00    0.790652756162561143E+00    0.154507325884990692E+10    0.330272162721231754E+06   -0.122595519776042920E+03
    0.857325257491707848E+00    0.788056164250642066E+00    0.154073351606768322E+10    0.333480504081776831E+06   -0.122625113125233256E+03
    0.881644771915302661E+00    0.779068022084158596E+00    0.153873303285894036E+10    0.335769319899394410E+06   -0.122684411358833131E+03
    0.889152344570913522E+00    0.796889285342512466E+00    0.153546659255722904E+10    0.336734828995827294E+06   -0.122699955407636310E+03
    0.865492644773524500E+00    0.812568090632805440E+00    0.154051069366461372E+10    0.334831090739382198E+06   -0.122666533771875663E+03
    0.845837746901600962E+00    0.749260515162604168E+00    0.154016201115311861E+10    0.338039280458209454E+06   -0.122583793329884145E+03
    0.859288157985198420E+00    0.755236837823650475E+00    0.153952012726519108E+10    0.332668980108056683E+06   -0.122682900863482431E+03
    0.866114049292624810E+00    0.750161668255850067E+00    0.154494330666983628E+10    0.334861495788083703E+06   -0.122572020473720016E+03
    0.867733523536331819E+00    0.738639922369607405E+00    0.154431928299350834E+10    0.333984243176697230E+06   -0.122728826068538865E+03
    0.854720805828498076E+00    0.768244800821806351E+00    0.153503571537353468E+10    0.335651476486200059E+06   -0.122656141449191978E+03
