    0.374740860821636961E+05    0.881476537310268538E+00    0.162573334652206576E+02    0.727028925475405301E-03    0.374738807793559608E+05    0.881479043272916929E+00    0.374808129360611565E+05    0.881478788892217646E+00   -0.145183721264539844E+02   -0.115555648496752417E+01
    0.373575324515069151E+05    0.876098414668629144E+00    0.436535199239440797E+01    0.556901201162815219E-04    0.373575172478292880E+05    0.876111886257004202E+00    0.373552497893024629E+05    0.876111860998525560E+00   -0.465098464334605168E+02   -0.320326304020059425E+02
    0.375572342461565495E+05    0.885382467449182586E+00    0.298630321584608271E+01    0.106415576168043173E-06    0.375577339881966764E+05    0.885382471252398107E+00    0.375555756536233603E+05    0.885382506910784128E+00   -0.319778068867634566E+02   -0.169204414227456184E+02
    0.374317760562120529E+05    0.879527334580239017E+00    0.274764484645027052E+01    0.105892646339177304E-06    0.374316138712715401E+05    0.879527357440218593E+00    0.374293870694122379E+05    0.879527331266920176E+00   -0.205328885436541171E+02   -0.535458348314623045E+01
    0.375162313041577509E+05    0.883430733803520774E+00    0.212357731485873069E+01    0.809340215563790164E-07    0.375162902680413172E+05    0.883430726485222029E+00    0.375178986167810435E+05    0.883430603124023661E+00   -0.199535874355393972E+02   -0.500365840130807982E+01
    0.374374330805367499E+05    0.879771291934458577E+00    0.229193304999002878E+01    0.856006539842192622E-07    0.374368232708271389E+05    0.879771319733023027E+00    0.374412473256655794E+05    0.879771174935309430E+00   -0.196707516371910991E+02   -0.438920452720535437E+01
    0.375107159942837825E+05    0.883186782760937872E+00    0.279511704419895146E+01    0.105367121277235083E-06    0.375112948131955127E+05    0.883186764150368453E+00    0.375060175030920291E+05    0.883186961024176376E+00   -0.193070818471846195E+02   -0.407993509335574345E+01
    0.375022954820816667E+05    0.882777938084016056E+00    0.400064895253221309E+01    0.114196074735828829E-03    0.375000060907250590E+05    0.882698860438680399E+00    0.375108276557007994E+05    0.882942620539129641E+00   -0.171798554613970147E+02   -0.262202824600989537E+01
    0.374951852365272061E+05    0.882454884066109724E+00    0.306169012610664915E+01    0.122878123093177694E-06    0.374953059500296004E+05    0.882454886453722609E+00    0.374886756008914890E+05    0.882455102850620010E+00   -0.170005109166385928E+02   -0.207258365848801063E+01
    0.374843890582532695E+05    0.881966970943983353E+00    0.254286130335361804E+01    0.103238273118071389E-06    0.374845420620567820E+05    0.881966963455204200E+00    0.374845420620567820E+05    0.881966963455204200E+00   -0.160359262807336336E+02   -0.136212021181424414E+01
    0.374901477459090311E+05    0.882210914621627373E+00    0.215590747932337434E+01    0.722360589715291461E-07    0.374903031384002170E+05    0.882210908598068833E+00    0.374944295185176597E+05    0.882210787682997877E+00   -0.166973800952830338E+02   -0.165771939583074701E+01
    0.374515304012744673E+05    0.880435708873639311E+00    0.369745027350053146E+01    0.109130207234928023E-03    0.374531387545787584E+05    0.880503188979770313E+00    0.374560981684959042E+05    0.880502973610573725E+00   -0.167723567652419057E+02   -0.224979219856166601E+01
    0.374582154983478176E+05    0.880747151958901076E+00    0.333105833779758198E+01    0.130331931147991869E-06    0.374580341296114202E+05    0.880747159511644062E+00    0.374580341296114202E+05    0.880747159511644062E+00   -0.164749580744523278E+02   -0.178634747994246812E+01
    0.374424920769053351E+05    0.880015259000751948E+00    0.277320310649876678E+01    0.107969170407872185E-06    0.374427742686652782E+05    0.880015256929962630E+00    0.374365124338734240E+05    0.880015465519378814E+00   -0.190253549604511676E+02   -0.355286535740833731E+01
    0.374637082446706481E+05    0.880991109012186691E+00    0.331055083598122168E+01    0.130757158806802669E-06    0.374632020411881676E+05    0.880991128020211511E+00    0.374580930012608151E+05    0.880991258535536392E+00   -0.161707213991199090E+02   -0.145230583090322485E+01
    0.374689005392917825E+05    0.881235072521470708E+00    0.264541962660732377E+01    0.107969170407872185E-06    0.374684993737319237E+05    0.881235088581343251E+00    0.374649160281540608E+05    0.881235274766034582E+00   -0.160047882989148604E+02   -0.124144203500572514E+01
    0.374741481920130682E+05    0.881479034112102822E+00    0.262667293826998804E+01    0.103238273118071389E-06    0.374738807793559608E+05    0.881479043272916929E+00    0.374738807793559608E+05    0.881479043272916929E+00   -0.159771435319093964E+02   -0.115555648496752417E+01
    0.376537876442514025E+05    0.889773701113346749E+00    0.454623998553285080E+01    0.173135847428772601E-06    0.376537509329630775E+05    0.889773736930643433E+00    0.376494644697251715E+05    0.889773946169203023E+00   -0.876904989502567247E+02   -0.730598491296667305E+02
    0.372514877840148256E+05    0.870744350018517022E+00    0.143639032407139866E+01    0.918569267238523962E-07    0.372500368821640950E+05    0.870744397765634170E+00    0.372523348770541634E+05    0.870744315633461330E+00   -0.143540247464117499E+03   -0.126130112191317579E+03
