    0.113008741201830021E+01    0.419685910528944106E+00    0.520038993255723715E+09   -0.101110243372145845E+03
    0.100192192270505398E+01    0.521185452334627541E+00    0.539425709662910223E+09   -0.100662672353154946E+03
    0.102378201063422725E+01    0.507116154180673462E+00    0.542588454359616280E+09   -0.100617698886733621E+03
    0.113277206712581968E+01    0.573249714625402973E+00    0.520775991722662210E+09   -0.100397734727096690E+03
    0.103576327459742457E+01    0.522667187449876280E+00    0.541031929270465374E+09   -0.100147053166871018E+03
    0.105764934363224183E+01    0.556388645190811104E+00    0.532848648473713517E+09   -0.996607984517969072E+02
    0.103468528036877561E+01    0.560772877220623300E+00    0.526597022945034146E+09   -0.996161877264394207E+02
    0.105966813645420577E+01    0.590081623371833786E+00    0.531857029735478401E+09   -0.995827626864669355E+02
    0.957810433885442847E+00    0.540997758487144154E+00    0.549141549855060101E+09   -0.995097145099706779E+02
    0.114024533244916904E+01    0.442008056131705018E+00    0.509313491184234023E+09   -0.994589537167576907E+02
    0.104632257107266735E+01    0.578563126531827621E+00    0.535068338917684078E+09   -0.994583062445797168E+02
    0.101849638623566374E+01    0.511927730462392816E+00    0.543271608380370259E+09   -0.993419489006513032E+02
    0.104416842747999405E+01    0.588658440125795934E+00    0.529670692916161776E+09   -0.988095888033731455E+02
    0.113668333222154083E+01    0.472836216592513736E+00    0.510973975209646463E+09   -0.987158250439299678E+02
    0.106340455342659501E+01    0.642459084345128772E+00    0.526845284600426555E+09   -0.986885689540345652E+02
    0.992697954159023288E+00    0.631110087958619559E+00    0.542025046277496815E+09   -0.985947789479825190E+02
    0.105734625880948196E+01    0.569011425056203279E+00    0.524604335865531802E+09   -0.985764395567753127E+02
    0.114792860706309674E+01    0.504604498765425902E+00    0.510188620020664573E+09   -0.985231008391879755E+02
    0.991838520678344104E+00    0.499373551016581985E+00    0.544979499244696259E+09   -0.984965816844688788E+02
    0.983407370932855907E+00    0.499305495802120802E+00    0.544533570163591981E+09   -0.984852725532857391E+02
    0.102974483001531447E+01    0.471519631000647976E+00    0.541295354794387579E+09   -0.984670090698555214E+02
    0.104225244155034513E+01    0.542868747456557443E+00    0.531182226063930631E+09   -0.984619391886806739E+02
    0.115261116582355139E+01    0.502692447218146654E+00    0.510283238592637539E+09   -0.983876460112693962E+02
    0.107899493164346483E+01    0.569475933804335810E+00    0.525104427959463120E+09   -0.983470826752693768E+02
    0.113101432011414293E+01    0.471076695189740491E+00    0.518089305267335773E+09   -0.983098778894509593E+02
    0.113074349539792740E+01    0.536410458371140209E+00    0.514350452675337791E+09   -0.983034249703502354E+02
    0.100706922097999230E+01    0.539433666236037723E+00    0.545133302476191044E+09   -0.981884225555574801E+02
    0.990940721901979571E+00    0.511720141579898424E+00    0.545535770672249913E+09   -0.981107381590379930E+02
    0.106756369249268568E+01    0.503934890411033010E+00    0.524084569738263130E+09   -0.980580723054688121E+02
    0.110120213527045352E+01    0.517823770363190050E+00    0.526039205498509049E+09   -0.980171112012605903E+02
    0.107832061953266578E+01    0.536290003042719121E+00    0.530818348418638110E+09   -0.979611972872157253E+02
    0.104436054467146233E+01    0.451430945713614307E+00    0.539245331029360056E+09   -0.978987963061590989E+02
    0.106203972636287602E+01    0.528112088194585994E+00    0.521894190938181758E+09   -0.978636023512907229E+02
    0.111034824585541925E+01    0.517863432110786448E+00    0.518502178198192477E+09   -0.978160148138440206E+02
    0.103936585780677881E+01    0.584107139553328381E+00    0.534594824666585326E+09   -0.978042245882338648E+02
    0.112771636433997635E+01    0.531177556828106745E+00    0.520316533173978448E+09   -0.977616693750313743E+02
    0.112837041210761413E+01    0.608942595232353057E+00    0.520859081797553420E+09   -0.977432080268239645E+02
    0.105025806545436384E+01    0.452765570526633354E+00    0.527871008367720485E+09   -0.977252080807290326E+02
    0.101346853049444841E+01    0.464397155507107584E+00    0.542637084283691645E+09   -0.977088809352315195E+02
    0.113379467917597210E+01    0.574233438434177401E+00    0.512537821718368769E+09   -0.977086625913275526E+02
    0.105382349944151299E+01    0.589825801144694850E+00    0.535693957184970379E+09   -0.976989214201597349E+02
    0.108895445794268886E+01    0.622686077703388463E+00    0.527963774261579633E+09   -0.976981185605607720E+02
    0.114774244163394901E+01    0.543543537036290658E+00    0.511642767612462163E+09   -0.976537477427715572E+02
    0.117421566312020209E+01    0.579663050849919870E+00    0.511381631342883110E+09   -0.976470124616734125E+02
    0.112965960435159696E+01    0.454657781797504157E+00    0.517894205610702157E+09   -0.976147099533252458E+02
    0.111937849905177278E+01    0.451015867794266612E+00    0.513634175852399826E+09   -0.975752509219572346E+02
    0.110566633453100960E+01    0.525519187406411348E+00    0.518029221423840523E+09   -0.975569973634183185E+02
    0.112538034162171030E+01    0.587975926681256311E+00    0.513383412190065026E+09   -0.974912235434561865E+02
    0.105579399579402211E+01    0.452364086307108337E+00    0.531569942165457249E+09   -0.974875801127276986E+02
    0.111720670567287916E+01    0.597718194540528103E+00    0.522477672411850929E+09   -0.974833872971234427E+02
    0.107933009273611846E+01    0.592704632303313161E+00    0.531356714959205508E+09   -0.974543844980910734E+02
    0.106075314103778617E+01    0.493172396536277091E+00    0.522957411598550677E+09   -0.974478741697812296E+02
    0.100038867372802898E+01    0.564794986896540507E+00    0.541174284579156160E+09   -0.974012081220129744E+02
    0.109094145400650233E+01    0.531927300586506391E+00    0.518192211193778396E+09   -0.973976522133894633E+02
    0.105610774458812040E+01    0.424256866931040477E+00    0.534006409369993806E+09   -0.973650361806668059E+02
    0.110701159039810437E+01    0.489781656782902530E+00    0.522269426878321052E+09   -0.973582562872457942E+02
    0.110126898629182124E+01    0.477137820807813640E+00    0.519158608321903229E+09   -0.972744530372903284E+02
    0.113637259986226846E+01    0.516638095143198584E+00    0.512101911039459944E+09   -0.972626976287406819E+02
    0.111607125874384483E+01    0.554596346144437646E+00    0.516612804502663255E+09   -0.972212588034469434E+02
    0.103974463584692733E+01    0.473943222233987882E+00    0.533145266237006068E+09   -0.972137571152952660E+02
    0.101518385055421634E+01    0.585352973823420442E+00    0.540557702988839030E+09   -0.972084387605611226E+02
    0.108285703543371858E+01    0.511291565603375631E+00    0.524402418535139799E+09   -0.972048208182550013E+02
    0.110166212583981404E+01    0.490130276454658897E+00    0.523568974585427046E+09   -0.972007045439450508E+02
    0.110636834433364561E+01    0.448251527907668645E+00    0.514081744719677687E+09   -0.970690001291615516E+02
    0.105701755260336583E+01    0.484141603217359773E+00    0.525051833419731617E+09   -0.970584080238496369E+02
    0.101274358392242148E+01    0.606360380362076512E+00    0.538210700673087478E+09   -0.970392345836587538E+02
    0.112036839813670719E+01    0.592000494886095296E+00    0.518175141961506128E+09   -0.970335144032455048E+02
    0.101065813402580384E+01    0.509612892704092602E+00    0.535116388010131001E+09   -0.970217040629416800E+02
    0.111206629673058521E+01    0.478603421380023875E+00    0.518111257099875808E+09   -0.970000263005373426E+02
    0.108535349289159333E+01    0.577545034855631911E+00    0.527277880488393903E+09   -0.969987135844290833E+02
    0.109318939619912592E+01    0.576624244181264345E+00    0.527386036111676574E+09   -0.969898238350180719E+02
    0.106507749797117257E+01    0.581785363297445457E+00    0.531668830512464046E+09   -0.969780418231207335E+02
    0.108735227062138784E+01    0.472153240584628264E+00    0.521045130371680975E+09   -0.969236870012444456E+02
    0.114068857646581168E+01    0.541648942856483018E+00    0.513360239711230636E+09   -0.969034908123440744E+02
    0.114146567293859680E+01    0.563602586440040909E+00    0.518123689110562444E+09   -0.968909060126796078E+02
    0.108832769984106736E+01    0.481325760939393277E+00    0.525025580826171756E+09   -0.968769691997473501E+02
    0.106020870434600623E+01    0.609060020700468385E+00    0.528092228483205914E+09   -0.968650130562692198E+02
    0.110646524133591018E+01    0.519925675845186674E+00    0.523759711713922977E+09   -0.968509172070806557E+02
    0.105064408255700381E+01    0.444860062680012547E+00    0.530746912462885022E+09   -0.968456325023461631E+02
    0.110685866899856200E+01    0.483392534445115984E+00    0.520952067463103414E+09   -0.968395081190670908E+02
    0.105594442589338788E+01    0.481562570906952203E+00    0.531782585437512159E+09   -0.968316737781770769E+02
    0.994774756753997402E+00    0.458869819079268382E+00    0.541664069149188519E+09   -0.967844621379693422E+02
    0.104552412170415243E+01    0.490294680175084707E+00    0.531861280584315538E+09   -0.967823043296498184E+02
    0.103437430073295067E+01    0.515343813103225301E+00    0.537799130064633489E+09   -0.967774667200560543E+02
    0.108520724240589561E+01    0.567620184751300272E+00    0.528236570920332432E+09   -0.967438112195959832E+02
    0.105275437364895019E+01    0.443611078032633444E+00    0.527529766954985857E+09   -0.967327473486220555E+02
    0.108271322787486590E+01    0.469278589158214743E+00    0.523416554837242246E+09   -0.967152357429723395E+02
    0.105212867961138334E+01    0.555315356736578281E+00    0.535320812962420583E+09   -0.966937610249867276E+02
    0.105452334603794307E+01    0.465816467272118118E+00    0.531715228900586486E+09   -0.966805468759410900E+02
    0.107802774408866364E+01    0.568308553185188359E+00    0.528587552790920496E+09   -0.966763077310888974E+02
    0.980669989854926372E+00    0.418004143808094142E+00    0.549983268063662529E+09   -0.966735307137499547E+02
    0.105467601773582320E+01    0.548581260260883496E+00    0.536471674877724528E+09   -0.966710148162684533E+02
    0.108762064618438803E+01    0.489734555306695185E+00    0.520143337733125329E+09   -0.966623729306229222E+02
    0.109054867129599842E+01    0.497614466623563345E+00    0.523755870058924913E+09   -0.966402083771703246E+02
    0.108138709745367767E+01    0.663882408032495874E+00    0.524516947534877539E+09   -0.966285181579028176E+02
    0.108906377304828061E+01    0.523706274981712738E+00    0.529734353359385610E+09   -0.966127837226001418E+02
    0.112873365478567500E+01    0.459467338672252978E+00    0.517428863561096311E+09   -0.966035085676408301E+02
    0.106054410853559089E+01    0.453472290002078893E+00    0.525448096829309821E+09   -0.965414133181678125E+02
    0.105791514634849104E+01    0.471176688013592582E+00    0.524979463430130482E+09   -0.964892390279000978E+02
    0.105314037350605472E+01    0.430424275458729966E+00    0.535581409639356375E+09   -0.964775906612855607E+02
    0.102637204033819818E+01    0.544313750385864381E+00    0.539792109178840756E+09   -0.964627691623474846E+02
    0.108992603423917434E+01    0.492300079245387323E+00    0.525314680225803256E+09   -0.964581738453527180E+02
    0.107264436515341677E+01    0.475752688476037022E+00    0.527938657153046370E+09   -0.964515808624328770E+02
    0.107585778138911725E+01    0.477214654979821518E+00    0.532227179541660190E+09   -0.963974646431209834E+02
    0.109022098182463179E+01    0.638169071752068717E+00    0.524368659450378180E+09   -0.963919982999532010E+02
    0.113225778725096182E+01    0.536618616604274123E+00    0.514671872617580295E+09   -0.963001761277663491E+02
    0.110626401743681591E+01    0.484724434118410485E+00    0.526517728328753471E+09   -0.962979264979855145E+02
    0.107006799200016700E+01    0.473690583458086678E+00    0.522214678712894201E+09   -0.962953890266976202E+02
    0.107735744069989781E+01    0.490765335215563425E+00    0.527508795227675080E+09   -0.962952578072966787E+02
    0.106193846661207325E+01    0.447631008954772369E+00    0.528690202756606698E+09   -0.962911524249188489E+02
    0.106752363555001328E+01    0.466470356340195735E+00    0.526461250490073919E+09   -0.962869379346512630E+02
    0.111199416009077967E+01    0.486551698277361666E+00    0.518323983413078785E+09   -0.962649070064983903E+02
    0.109629195001843538E+01    0.591916654527002706E+00    0.524446452907978535E+09   -0.962547783548902487E+02
    0.110779647846157836E+01    0.520689564426323415E+00    0.519563960625328541E+09   -0.962487245144901635E+02
    0.107379502628647816E+01    0.526722278607723027E+00    0.529175124470225096E+09   -0.962446879033894334E+02
    0.107379502628647816E+01    0.526722278607723027E+00    0.529175124470225096E+09   -0.962446879033894334E+02
    0.105459987854924364E+01    0.462798993115260515E+00    0.524392436494702935E+09   -0.962420533707104653E+02
    0.105459987854924364E+01    0.462798993115260515E+00    0.524392436494702935E+09   -0.962420533707104653E+02
    0.108969171906204076E+01    0.443613973152883645E+00    0.524051097214309335E+09   -0.962265358154849082E+02
    0.104873554683775394E+01    0.501688087097779345E+00    0.533615715897915244E+09   -0.961707079577887214E+02
    0.102011332302157043E+01    0.492075203610566447E+00    0.538758362263093472E+09   -0.961480123680466789E+02
    0.107221649374927264E+01    0.591939293382059972E+00    0.530179737244278550E+09   -0.961270553875748703E+02
    0.107221649374927264E+01    0.591939293382059972E+00    0.530179737244278550E+09   -0.961270553875748703E+02
    0.106492641033619484E+01    0.456852929921023332E+00    0.530073249149920583E+09   -0.961063028596718993E+02
    0.102741812636980234E+01    0.545877927239331484E+00    0.538599848306926847E+09   -0.961033772106046342E+02
    0.101963191321909918E+01    0.474257356495160209E+00    0.536785280984913349E+09   -0.960945179578059481E+02
    0.103855718304241873E+01    0.453062430263573290E+00    0.531850533581851244E+09   -0.960643812696648070E+02
    0.109224051943571054E+01    0.445725738784128467E+00    0.521894118712019086E+09   -0.960621139171714162E+02
    0.109224051943571054E+01    0.445725738784128467E+00    0.521894118712019086E+09   -0.960621139171714162E+02
    0.109767376561673657E+01    0.462809352918258199E+00    0.522010960937543869E+09   -0.960608593524557079E+02
    0.106022248262304664E+01    0.453556687836218941E+00    0.532019802608114839E+09   -0.960494717199647567E+02
    0.106397309560323583E+01    0.510386367506853844E+00    0.527580431225499392E+09   -0.960367461543465879E+02
    0.107389025700574092E+01    0.532631693483875068E+00    0.532655143173458576E+09   -0.960272332692400141E+02
    0.107389025700574092E+01    0.532631693483875068E+00    0.532655143173458576E+09   -0.960272332692400141E+02
    0.108039751809093443E+01    0.481922403678256117E+00    0.524541044346225023E+09   -0.960130513434393009E+02
    0.107106780600952423E+01    0.482176153956931586E+00    0.528109505525856614E+09   -0.959607324312644607E+02
    0.102267528119135220E+01    0.415944287275706870E+00    0.536648605732789874E+09   -0.959298655196710399E+02
    0.106172891646552103E+01    0.550588021552261608E+00    0.531727065720940113E+09   -0.959266628655712026E+02
    0.106172891646552103E+01    0.550588021552261608E+00    0.531727065720940113E+09   -0.959266628655712026E+02
    0.109468655784412272E+01    0.479734220030959335E+00    0.520919791598014832E+09   -0.959131388329912937E+02
    0.108845908082954534E+01    0.572695427530726775E+00    0.524119288418715119E+09   -0.958998071861221035E+02
    0.108845908082954534E+01    0.572695427530726775E+00    0.524119288418715119E+09   -0.958998071861221035E+02
    0.111723802950602802E+01    0.529822119668249769E+00    0.519308033593119979E+09   -0.958977082056630366E+02
    0.111652501782561120E+01    0.516419941429662188E+00    0.519141779226387858E+09   -0.958958171124676539E+02
    0.111291400346573033E+01    0.505366950852142338E+00    0.519423883534200549E+09   -0.958754326972776028E+02
    0.101336569600487758E+01    0.443196542746363775E+00    0.539661535915418744E+09   -0.958570589823648902E+02
    0.107498756791745897E+01    0.483146377567978291E+00    0.522302206022581100E+09   -0.958475020199957441E+02
    0.107498756791745897E+01    0.483146377567978291E+00    0.522302206022581100E+09   -0.958475020199957441E+02
    0.107219394586995720E+01    0.569711336430911430E+00    0.527986604906617165E+09   -0.958439466228901722E+02
    0.107538898537527206E+01    0.487527412018884831E+00    0.524675618372950673E+09   -0.958332273426317016E+02
    0.100442896260129566E+01    0.487623808061613317E+00    0.542935121587364078E+09   -0.958321473552726104E+02
    0.100442896260129566E+01    0.487623808061613317E+00    0.542935121587364078E+09   -0.958321473552726104E+02
    0.106096044092279240E+01    0.506720711258205725E+00    0.531708612911749125E+09   -0.958100523418302998E+02
    0.106096044092279240E+01    0.506720711258205725E+00    0.531708612911749125E+09   -0.958100523418302998E+02
    0.104487319125546319E+01    0.560081503336075315E+00    0.535169173308150530E+09   -0.958022734099965163E+02
    0.106860815438042156E+01    0.521752862581871923E+00    0.525212436758825660E+09   -0.957753040027592704E+02
    0.108565477670439248E+01    0.607787881133358354E+00    0.525448233484979033E+09   -0.957728297341316761E+02
    0.108565477670439248E+01    0.607787881133358354E+00    0.525448233484979033E+09   -0.957728297341316761E+02
    0.107648121105183425E+01    0.590984251552416850E+00    0.529336845750755429E+09   -0.957676417007043881E+02
    0.107648121105183425E+01    0.590984251552416850E+00    0.529336845750755429E+09   -0.957676417007043881E+02
    0.104999928068107562E+01    0.470187675336458000E+00    0.526750829781873107E+09   -0.957330116010768393E+02
    0.101669347815315625E+01    0.419147256782977706E+00    0.534391884046381116E+09   -0.957186682988189546E+02
    0.109601031072341981E+01    0.534219794520666369E+00    0.520751740737114429E+09   -0.956997256778935252E+02
    0.104275887706730086E+01    0.556594071470366103E+00    0.531046531854783654E+09   -0.956988043441472627E+02
    0.104275887706730086E+01    0.556594071470366103E+00    0.531046531854783654E+09   -0.956988043441472627E+02
    0.106441637254867350E+01    0.446325452129892497E+00    0.529926225968910456E+09   -0.956869806219779946E+02
    0.107153705666632182E+01    0.478962969301289121E+00    0.529828797208511114E+09   -0.956837185618911406E+02
    0.107153705666632182E+01    0.478962969301289121E+00    0.529828797208511114E+09   -0.956837185618911406E+02
    0.108342412029420077E+01    0.470689026441480252E+00    0.521474435777168036E+09   -0.956624333605990813E+02
    0.110008650749827575E+01    0.495376865282135981E+00    0.520431955402065039E+09   -0.956599813765228930E+02
    0.110008650749827575E+01    0.495376865282135981E+00    0.520431955402065039E+09   -0.956599813765228930E+02
    0.111423748777267018E+01    0.534812215675009028E+00    0.519969374111983657E+09   -0.956587442635199636E+02
    0.111423748777267018E+01    0.534812215675009028E+00    0.519969374111983657E+09   -0.956587442635199636E+02
    0.108491570577283802E+01    0.588152840596736226E+00    0.527513623652917147E+09   -0.956549236982082789E+02
    0.101449327724154448E+01    0.475413773228410719E+00    0.535343618697825670E+09   -0.956468150175177811E+02
    0.101449327724154448E+01    0.475413773228410719E+00    0.535343618697825670E+09   -0.956468150175177811E+02
    0.111526429614819889E+01    0.476885884852190856E+00    0.520053353012296081E+09   -0.956463168675675632E+02
    0.112075549912156336E+01    0.470266912740807896E+00    0.519451872556047797E+09   -0.956428998408110260E+02
    0.106441078681927048E+01    0.428371526325170393E+00    0.532540338413485765E+09   -0.956421261460803294E+02
    0.110554034840499216E+01    0.507191197348573652E+00    0.520132484955140352E+09   -0.956344917714143463E+02
    0.104651455619062839E+01    0.540235369545555955E+00    0.528337959318062544E+09   -0.956283781238846586E+02
    0.104651455619062839E+01    0.540235369545555955E+00    0.528337959318062544E+09   -0.956283781238846586E+02
    0.102849618426347922E+01    0.476364940274823567E+00    0.539789737398981214E+09   -0.956239041267002250E+02
    0.109852728237062802E+01    0.542322977458953304E+00    0.521740842982176304E+09   -0.956146056490253784E+02
    0.107271426885358823E+01    0.493957728960445763E+00    0.527394384503402948E+09   -0.956129931267844029E+02
    0.108480561823600463E+01    0.462063865580086386E+00    0.525499960446824789E+09   -0.956047063171890130E+02
    0.108480561823600463E+01    0.462063865580086386E+00    0.525499960446824789E+09   -0.956047063171890130E+02
    0.106343252953328804E+01    0.500878080717910734E+00    0.526854820420898438E+09   -0.956024813622227896E+02
    0.106343252953328804E+01    0.500878080717910734E+00    0.526854820420898438E+09   -0.956024813622227896E+02
    0.109664778307895472E+01    0.455539369082513801E+00    0.521582775064636230E+09   -0.955945054196426440E+02
    0.109664778307895472E+01    0.455539369082513801E+00    0.521582775064636230E+09   -0.955945054196426440E+02
    0.104404999268493892E+01    0.434313823294100843E+00    0.535286298798931479E+09   -0.955681980364743424E+02
    0.104404999268493892E+01    0.434313823294100843E+00    0.535286298798931479E+09   -0.955681980364743424E+02
    0.107914414534849246E+01    0.493991491031160024E+00    0.526907204915544629E+09   -0.955433750869685383E+02
    0.108131278051714319E+01    0.466619896528035483E+00    0.521709797954565525E+09   -0.955384112438603523E+02
    0.108131278051714319E+01    0.466619896528035483E+00    0.521709797954565525E+09   -0.955384112438603523E+02
    0.104161150621505949E+01    0.467142569721021417E+00    0.532772031776861906E+09   -0.955149775742608540E+02
    0.104161150621505949E+01    0.467142569721021417E+00    0.532772031776861906E+09   -0.955149775742608540E+02
    0.105027962951648135E+01    0.440372010334259656E+00    0.534731173223950982E+09   -0.955087289263231014E+02
    0.104788920884754422E+01    0.418474602501939685E+00    0.531717575047959208E+09   -0.955084461567059293E+02
    0.101561075578665716E+01    0.456215769137974902E+00    0.537208287525119305E+09   -0.955071180999989195E+02
    0.101561075578665716E+01    0.456215769137974902E+00    0.537208287525119305E+09   -0.955071180999989195E+02
    0.109855080784933290E+01    0.578884095972014734E+00    0.523929411478456259E+09   -0.954829472856230836E+02
    0.109855080784933290E+01    0.578884095972014734E+00    0.523929411478456259E+09   -0.954829472856230836E+02
    0.103811587598792543E+01    0.553958280974670814E+00    0.531584237489960909E+09   -0.954767012223179989E+02
    0.106318673009613951E+01    0.424854975944086277E+00    0.528237941057172418E+09   -0.954725529165659736E+02
    0.106318673009613951E+01    0.424854975944086277E+00    0.528237941057172418E+09   -0.954725529165659736E+02
    0.110807887287873919E+01    0.527614259088387882E+00    0.519872626251844525E+09   -0.954504194329132929E+02
    0.106597079687006224E+01    0.487142795229180692E+00    0.527946817596861839E+09   -0.954499411748468560E+02
    0.105997170302655630E+01    0.428209311996177178E+00    0.534889574011788487E+09   -0.954488462752133984E+02
    0.105997170302655630E+01    0.428209311996177178E+00    0.534889574011788487E+09   -0.954488462752133984E+02
    0.100399778432367937E+01    0.487231151164619902E+00    0.542580999978862524E+09   -0.954336485709869748E+02
    0.100399778432367937E+01    0.487231151164619902E+00    0.542580999978862524E+09   -0.954336485709869748E+02
    0.106283948695885733E+01    0.514417035356697028E+00    0.529419654520215034E+09   -0.954303573510754433E+02
    0.105821917316850267E+01    0.443291958973324185E+00    0.531685159502702117E+09   -0.954248471996870933E+02
    0.102007249173476633E+01    0.460033662520434206E+00    0.537174041804395795E+09   -0.954189801807481217E+02
    0.102007249173476633E+01    0.460033662520434206E+00    0.537174041804395795E+09   -0.954189801807481217E+02
    0.104941182504181585E+01    0.551862950657557860E+00    0.531250596357532382E+09   -0.954178001228689538E+02
    0.103575607568831196E+01    0.553275659315140445E+00    0.528721264075603843E+09   -0.953984469601982994E+02
    0.103575607568831196E+01    0.553275659315140445E+00    0.528721264075603843E+09   -0.953984469601982994E+02
    0.102359059904486949E+01    0.409493280757413203E+00    0.535185411932031512E+09   -0.953897563782645364E+02
    0.108024245155713694E+01    0.505666831070325173E+00    0.527393096916807890E+09   -0.953876750288393254E+02
    0.108024245155713694E+01    0.505666831070325173E+00    0.527393096916807890E+09   -0.953876750288393254E+02
    0.110499429440809527E+01    0.462076683319633474E+00    0.521188828844862342E+09   -0.953711904308650134E+02
    0.110499429440809527E+01    0.462076683319633474E+00    0.521188828844862342E+09   -0.953711904308650134E+02
    0.108950755453015780E+01    0.462921440985329724E+00    0.525209163657639980E+09   -0.953702892661691664E+02
    0.108950755453015780E+01    0.462921440985329724E+00    0.525209163657639980E+09   -0.953702892661691664E+02
    0.101824028295641233E+01    0.423871649473140266E+00    0.534324211034973383E+09   -0.953500342975825816E+02
    0.111190285157669155E+01    0.564506036847561177E+00    0.520751057142508984E+09   -0.953423587763855522E+02
    0.111190285157669155E+01    0.564506036847561177E+00    0.520751057142508984E+09   -0.953423587763855522E+02
    0.106495068734729759E+01    0.473610142383870780E+00    0.529434342672318459E+09   -0.953339574361558562E+02
    0.108999467898393654E+01    0.514229045446448652E+00    0.521840618447981238E+09   -0.953304714941658489E+02
    0.105123872673615493E+01    0.581415782049852226E+00    0.532533187006360888E+09   -0.953011143729039674E+02
    0.106437909907598560E+01    0.420909493936417078E+00    0.526262375464416623E+09   -0.952926455807434394E+02
    0.105861472390924893E+01    0.494778642042296823E+00    0.530092409326128483E+09   -0.952825474828358949E+02
    0.105861472390924893E+01    0.494778642042296823E+00    0.530092409326128483E+09   -0.952825474828358949E+02
    0.104959957394519532E+01    0.412900278795302000E+00    0.530015192545125842E+09   -0.952772937253428012E+02
    0.104959957394519532E+01    0.412900278795302000E+00    0.530015192545125842E+09   -0.952772937253428012E+02
    0.104647340865792571E+01    0.453368771646466939E+00    0.532884986912971497E+09   -0.952694119531206098E+02
    0.104647340865792571E+01    0.453368771646466939E+00    0.532884986912971497E+09   -0.952694119531206098E+02
    0.105606272979039728E+01    0.416988429054736542E+00    0.528667514515021563E+09   -0.952592489608349240E+02
    0.110967913850867528E+01    0.472421225890801821E+00    0.520013594231410265E+09   -0.952537550184837301E+02
    0.110967913850867528E+01    0.472421225890801821E+00    0.520013594231410265E+09   -0.952537550184837301E+02
    0.104528796190682538E+01    0.416904876406483993E+00    0.533232760587909222E+09   -0.952460302879196945E+02
    0.107107677967511128E+01    0.438484447782872877E+00    0.523733153200893164E+09   -0.952457012882162388E+02
    0.104432708042489786E+01    0.426889054164046655E+00    0.529283117041825056E+09   -0.952414854330189655E+02
    0.106531432781052482E+01    0.432743089324681307E+00    0.527302748198529363E+09   -0.952374867886134950E+02
    0.103064067088930500E+01    0.539274401759170630E+00    0.535378933175786376E+09   -0.952240575776243929E+02
    0.103064067088930500E+01    0.539274401759170630E+00    0.535378933175786376E+09   -0.952240575776243929E+02
    0.104138471126173737E+01    0.434692906427995851E+00    0.532411815480823755E+09   -0.952227326294905367E+02
    0.106761952656846204E+01    0.492452943856019232E+00    0.527682257821820736E+09   -0.952084231866415678E+02
    0.108111153875993282E+01    0.489672788332047304E+00    0.524338356745218754E+09   -0.951936901695867448E+02
    0.108111153875993282E+01    0.489672788332047304E+00    0.524338356745218754E+09   -0.951936901695867448E+02
    0.100865101278885039E+01    0.456833688277862748E+00    0.536193529755725741E+09   -0.951741130245667080E+02
    0.103175336412520813E+01    0.513286190625375838E+00    0.535782278916557789E+09   -0.951648374238443466E+02
    0.111045050649730359E+01    0.481583584319366764E+00    0.520921052546106815E+09   -0.951586284291112747E+02
    0.104619471979602729E+01    0.446924599099169484E+00    0.531148302079416752E+09   -0.951423082270931673E+02
    0.104619471979602729E+01    0.446924599099169484E+00    0.531148302079416752E+09   -0.951423082270931673E+02
    0.109481934495705957E+01    0.437800459416276766E+00    0.522234978033145308E+09   -0.951338728418327833E+02
    0.106147040593910935E+01    0.438747856718993745E+00    0.526811537223533034E+09   -0.951227751831275725E+02
    0.107126123961327147E+01    0.502792409266481499E+00    0.525737564079927564E+09   -0.951138776760948019E+02
    0.107126123961327147E+01    0.502792409266481499E+00    0.525737564079927564E+09   -0.951138776760948019E+02
    0.107901543834457558E+01    0.487807264928452611E+00    0.526845616686532617E+09   -0.951101670898256799E+02
    0.110018037530691393E+01    0.424559809366106933E+00    0.522035463440701127E+09   -0.951020723108366042E+02
    0.110018037530691393E+01    0.424559809366106933E+00    0.522035463440701127E+09   -0.951020723108366042E+02
    0.108388070329786390E+01    0.451162448265217009E+00    0.522792487889787316E+09   -0.950824097164381783E+02
    0.106207336710473532E+01    0.414762601723989377E+00    0.527636583833566666E+09   -0.950787300977913361E+02
    0.106986049642423553E+01    0.574964365546389189E+00    0.525701980976112485E+09   -0.950601383523364092E+02
    0.106986049642423553E+01    0.574964365546389189E+00    0.525701980976112485E+09   -0.950601383523364092E+02
    0.108100265749564062E+01    0.525608763633568898E+00    0.523241377937682986E+09   -0.950436766232750614E+02
    0.106462018147072279E+01    0.442165008406314897E+00    0.532559682117297053E+09   -0.950372895742502237E+02
    0.106975975514412869E+01    0.505566776368585380E+00    0.527940400495962858E+09   -0.950314807246133171E+02
    0.105027688438033473E+01    0.438864545495798453E+00    0.534331091735380411E+09   -0.950298234281010821E+02
    0.105027688438033473E+01    0.438864545495798453E+00    0.534331091735380411E+09   -0.950298234281010821E+02
    0.107535770887507187E+01    0.496730278688790605E+00    0.528225171427616477E+09   -0.950234489869503705E+02
    0.107535770887507187E+01    0.496730278688790605E+00    0.528225171427616477E+09   -0.950234489869503705E+02
    0.107344737055904171E+01    0.519338825810546467E+00    0.527644150467171907E+09   -0.950203040796982634E+02
    0.107344737055904171E+01    0.519338825810546467E+00    0.527644150467171907E+09   -0.950203040796982634E+02
    0.103942171008381923E+01    0.456140275369882886E+00    0.533785767663438082E+09   -0.950104582978940755E+02
    0.104351755847215477E+01    0.463112528416715463E+00    0.532403869703068256E+09   -0.949983974608173583E+02
    0.106082295885374522E+01    0.512242091909520525E+00    0.527716211998023391E+09   -0.949711535817360470E+02
    0.106082295885374522E+01    0.512242091909520525E+00    0.527716211998023391E+09   -0.949711535817360470E+02
    0.107495648881951378E+01    0.488047808750586398E+00    0.530444745697242737E+09   -0.949665299177297726E+02
    0.109291038188462486E+01    0.419470913348389374E+00    0.522083419874996185E+09   -0.949639715245376266E+02
    0.109291038188462486E+01    0.419470913348389374E+00    0.522083419874996185E+09   -0.949639715245376266E+02
    0.108241847952732706E+01    0.445922642529172464E+00    0.523088430849548101E+09   -0.949615478133070781E+02
    0.104584681716636618E+01    0.511323586109577732E+00    0.533292899977946401E+09   -0.949544553941509832E+02
    0.108784846863751006E+01    0.482146356293757350E+00    0.522928822529468775E+09   -0.949509457202537703E+02
    0.108784846863751006E+01    0.482146356293757350E+00    0.522928822529468775E+09   -0.949509457202537703E+02
    0.104748874151846350E+01    0.430537780015784577E+00    0.531351681420820832E+09   -0.949509076147494824E+02
    0.107758456696748794E+01    0.495979716771143941E+00    0.527420729609675407E+09   -0.949495874200810874E+02
    0.107833652276859593E+01    0.497154515929096874E+00    0.527834622556138635E+09   -0.949348755437960961E+02
    0.104598177176195151E+01    0.428501841529660865E+00    0.533587240401934028E+09   -0.949311700143684760E+02
    0.102462034016359560E+01    0.435883937707195912E+00    0.534061657962849617E+09   -0.949287253275790022E+02
    0.103828757119852000E+01    0.407110557575807164E+00    0.533884150679529309E+09   -0.949285936018380880E+02
    0.107818406339172745E+01    0.488871653070933831E+00    0.525310277724683762E+09   -0.949227717886982845E+02
    0.104052527802679573E+01    0.434754753831956720E+00    0.534597237119687080E+09   -0.949194474037664406E+02
    0.105213303192266916E+01    0.450251556174897871E+00    0.531733809798259854E+09   -0.948807189766647383E+02
    0.107447302734559358E+01    0.497581944757746086E+00    0.527255785959061980E+09   -0.948770900891458950E+02
    0.105138238297151321E+01    0.591077543318744958E+00    0.531299802088923097E+09   -0.948735362528692718E+02
    0.105138238297151321E+01    0.591077543318744958E+00    0.531299802088923097E+09   -0.948735362528692718E+02
    0.104253681894822758E+01    0.463415216021926923E+00    0.531896607997364759E+09   -0.948720586001132631E+02
    0.104078309357992427E+01    0.460048517960718328E+00    0.534065078543212652E+09   -0.948673086391757607E+02
    0.103328747948253641E+01    0.451374196148254470E+00    0.533056127606075168E+09   -0.948640085073032253E+02
    0.103581764642513985E+01    0.444314671209831147E+00    0.532596108686347604E+09   -0.948633153972475043E+02
    0.106122847956794453E+01    0.507355840742372166E+00    0.528503502565213203E+09   -0.948601499186144395E+02
    0.107223066863412297E+01    0.426995950295751214E+00    0.527388010743170142E+09   -0.948394871575241609E+02
    0.107223066863412297E+01    0.426995950295751214E+00    0.527388010743170142E+09   -0.948394871575241609E+02
    0.109060970681638936E+01    0.485407240953515284E+00    0.522264162698384404E+09   -0.948369358483233498E+02
    0.109060970681638936E+01    0.485407240953515284E+00    0.522264162698384404E+09   -0.948369358483233498E+02
    0.106610580870940308E+01    0.492857707413477897E+00    0.525150305086020708E+09   -0.948348316014628949E+02
    0.104344951738263125E+01    0.524933013114956992E+00    0.533929523734190345E+09   -0.948210328352472800E+02
    0.103665975091230522E+01    0.455510823565115075E+00    0.533479770992673755E+09   -0.948194715377968009E+02
    0.102126634653415982E+01    0.477383199109047140E+00    0.537457905933347106E+09   -0.948103197422179136E+02
    0.106840477489905572E+01    0.486608685937660823E+00    0.527248138500853896E+09   -0.948031686901864958E+02
    0.104929482429228704E+01    0.440849583902558351E+00    0.531182397354015350E+09   -0.947977995441214034E+02
    0.108569761081934635E+01    0.486466695690912942E+00    0.523753484729196787E+09   -0.947957920369224780E+02
    0.105582506055856684E+01    0.435236040430197590E+00    0.531753373580937147E+09   -0.947859128618609788E+02
    0.108726423329667177E+01    0.444733865076516466E+00    0.522274254251569390E+09   -0.947841463930014925E+02
    0.107802900879186536E+01    0.506647138169526556E+00    0.523378004564441442E+09   -0.947830623947158131E+02
    0.106508191409105257E+01    0.565775147639214993E+00    0.531325111391464949E+09   -0.947770316402180697E+02
    0.109106339676043240E+01    0.575370299605271640E+00    0.524125129122113943E+09   -0.947760715232031856E+02
    0.107738988741131037E+01    0.511779349555084195E+00    0.524384878835544348E+09   -0.947739987406275191E+02
    0.106295795710237506E+01    0.465232639326151443E+00    0.529724964587271690E+09   -0.947727118072055248E+02
    0.102157657166094440E+01    0.472804464365328414E+00    0.536522530453158975E+09   -0.947694051268792066E+02
    0.106240484784185951E+01    0.518618434960051999E+00    0.528444197980443001E+09   -0.947645418694436614E+02
    0.108132070645276723E+01    0.515607489098011129E+00    0.525842556454005122E+09   -0.947581026402558280E+02
    0.106814028218073576E+01    0.504894508354716720E+00    0.525851575726900101E+09   -0.947551195195415943E+02
    0.106090168327018741E+01    0.446542549255550369E+00    0.530985228087669849E+09   -0.947444292056618451E+02
    0.108778699827134462E+01    0.489564817112844608E+00    0.523230218406101465E+09   -0.947420278483330378E+02
    0.103588600459118685E+01    0.449368056550216721E+00    0.533216782627955675E+09   -0.947349546790539279E+02
    0.108505756178594792E+01    0.498705672050212101E+00    0.526171543603937507E+09   -0.947303293228858792E+02
    0.102743916480930331E+01    0.493038155615403539E+00    0.536084921264485717E+09   -0.947261507545288737E+02
    0.105940047018941863E+01    0.458094381001616924E+00    0.528175833588147759E+09   -0.947251634125520496E+02
    0.103288907676784159E+01    0.435811990523671255E+00    0.534432573975321889E+09   -0.947210318229888912E+02
    0.101423095455639101E+01    0.442983312588605571E+00    0.540790313107327938E+09   -0.947165176756355436E+02
    0.107667979572040040E+01    0.479552746449915190E+00    0.522854976072331309E+09   -0.947163371494956721E+02
    0.108198272913101090E+01    0.504146027401565888E+00    0.523265932716872931E+09   -0.947155254345726263E+02
    0.106668418894997741E+01    0.525731879238497513E+00    0.525256958377935052E+09   -0.947128757201055578E+02
    0.103186882446248074E+01    0.445452272585002973E+00    0.534696156792324543E+09   -0.947119103248614920E+02
    0.108571397530811153E+01    0.503578561042981931E+00    0.524636778014478922E+09   -0.946934910932173466E+02
    0.106122769130075234E+01    0.504961323286996944E+00    0.529644235210177302E+09   -0.946927692628593292E+02
    0.103905204081239400E+01    0.424857013667905292E+00    0.533517698191600561E+09   -0.946849147181415560E+02
    0.108410448410534221E+01    0.499666536414887119E+00    0.526357242545212507E+09   -0.946806504221263481E+02
    0.108517057597737510E+01    0.462006552541755156E+00    0.522271904820498943E+09   -0.946670447468766838E+02
    0.104099734909800201E+01    0.395659793958959227E+00    0.533279308927278399E+09   -0.946489217200892483E+02
    0.105356529218305894E+01    0.502769527744074907E+00    0.531970847809464455E+09   -0.946343547230585358E+02
    0.106262130206927874E+01    0.431199671435557264E+00    0.528618865778303981E+09   -0.946299707534410572E+02
    0.107650055005826339E+01    0.481480511145189638E+00    0.525910607721242547E+09   -0.946228275082743124E+02
    0.106791773652212463E+01    0.531590377955602378E+00    0.525874189150350332E+09   -0.946181406315754430E+02
    0.103239854996834923E+01    0.443513523791821740E+00    0.535418536220725894E+09   -0.946142405043795947E+02
    0.106819712300498515E+01    0.442804350546449399E+00    0.528710166836278439E+09   -0.946079229521794787E+02
    0.107144599882121572E+01    0.494838975315595064E+00    0.525218774291818738E+09   -0.945937309609462602E+02
    0.104698856294210207E+01    0.408092752474898290E+00    0.535055166392325163E+09   -0.945906166697715491E+02
    0.107493383554897437E+01    0.499783084517913423E+00    0.526820076753365755E+09   -0.945834396059200060E+02
    0.107359790722051662E+01    0.492923803267061089E+00    0.526374250595990658E+09   -0.945756965830138796E+02
    0.107491010470763459E+01    0.466552015380532481E+00    0.528361150329275250E+09   -0.945707374158893543E+02
    0.107536290149639546E+01    0.435104507597653622E+00    0.527126462313420892E+09   -0.945673689830699402E+02
    0.103895516141881683E+01    0.429852404011352718E+00    0.530708203788338542E+09   -0.945600023172541739E+02
    0.104041022343371492E+01    0.463901830913854951E+00    0.534215888794568777E+09   -0.945593802309385012E+02
    0.106813073418964888E+01    0.471119576375437887E+00    0.528667121212505102E+09   -0.945587644725898997E+02
    0.103002926966189201E+01    0.463236662718847114E+00    0.535971890548417211E+09   -0.945562428742943695E+02
    0.106082984377590273E+01    0.515942333374276529E+00    0.529445498891419888E+09   -0.945532680117028121E+02
    0.103555963629280057E+01    0.479194798000603939E+00    0.535799292230175972E+09   -0.945506358900143624E+02
    0.106754708276814014E+01    0.512794648457845170E+00    0.526053214197715759E+09   -0.945313207789803016E+02
    0.104266871902253988E+01    0.471506488310861727E+00    0.534630934830897808E+09   -0.945288569832914334E+02
    0.107124265342242508E+01    0.510213808704463645E+00    0.525940282089414239E+09   -0.945166316829744062E+02
    0.105893415808385360E+01    0.456915262133453126E+00    0.531010308503499746E+09   -0.944973377737096882E+02
    0.103672521981021770E+01    0.443107872506018907E+00    0.533222143261572123E+09   -0.944826512759566413E+02
    0.107104532938189800E+01    0.521693171302493042E+00    0.525462047995514274E+09   -0.944725078805889353E+02
    0.103126672894769045E+01    0.433253722760994719E+00    0.534623336669762254E+09   -0.944692247485323122E+02
    0.105142537444450124E+01    0.413270065296879707E+00    0.533417119809990883E+09   -0.944556113970226789E+02
    0.107197081498261171E+01    0.473990105243263571E+00    0.526816143785295367E+09   -0.944427563664926026E+02
    0.107559006399645884E+01    0.500156086515929132E+00    0.523964760484932423E+09   -0.944427195752866453E+02
    0.107162606540537553E+01    0.464102157972012819E+00    0.525181530570560336E+09   -0.944311504888492692E+02
    0.106801093300183547E+01    0.489861209722576518E+00    0.528620014740480542E+09   -0.944275382939315193E+02
    0.107815835179031327E+01    0.417238995602213336E+00    0.523591500089908600E+09   -0.944254782440814040E+02
    0.104273304390074584E+01    0.471697150314277280E+00    0.533022143512927651E+09   -0.944247493450908735E+02
    0.106726653804837923E+01    0.470052958004455235E+00    0.529108064186633229E+09   -0.944229142116589628E+02
    0.104674596181045687E+01    0.434860187721511693E+00    0.530978220944793105E+09   -0.944205680612140270E+02
    0.103615698600876294E+01    0.451779941857532563E+00    0.533802284005944967E+09   -0.944162442147599279E+02
    0.107079211189708112E+01    0.469279568707200667E+00    0.526277950097430706E+09   -0.944140924367789580E+02
    0.105979393219467610E+01    0.459202980893909540E+00    0.530460961294042468E+09   -0.944112484147830884E+02
    0.104984101829377607E+01    0.436598156216604139E+00    0.532930547758393407E+09   -0.944101562894328765E+02
    0.108739755978899977E+01    0.467638788794641158E+00    0.524243335084205985E+09   -0.943981632065079026E+02
    0.104389145754572166E+01    0.476482212321258203E+00    0.534387279424471974E+09   -0.943814585957769907E+02
    0.107233505998729495E+01    0.458530701002908714E+00    0.527586984120762587E+09   -0.943722177908750837E+02
    0.105886528706766780E+01    0.415931599754564729E+00    0.530883419676661372E+09   -0.943528905319391953E+02
    0.107577765008419290E+01    0.462472625148196315E+00    0.528369257537279248E+09   -0.943441453985919196E+02
    0.104052141236540230E+01    0.416925184174194996E+00    0.532609088821389794E+09   -0.943289925749465255E+02
    0.106923849311118579E+01    0.463342061624601342E+00    0.528517877898677826E+09   -0.943241721788956227E+02
    0.104491020034522486E+01    0.485607325785817778E+00    0.533835243913872123E+09   -0.943186170412246412E+02
    0.107370956903300829E+01    0.457756380473316682E+00    0.527802599627687812E+09   -0.943031525590571107E+02
    0.106956704570404026E+01    0.470031467289919291E+00    0.529009330490690827E+09   -0.942909372253539431E+02
    0.103881127491227931E+01    0.429101844116830833E+00    0.530760868755452275E+09   -0.942771036486588514E+02
    0.105634772005570499E+01    0.433996423722360802E+00    0.529903739982051492E+09   -0.942741705172521307E+02
    0.103648792776440501E+01    0.459967176908229192E+00    0.534465809125359058E+09   -0.942677126992616934E+02
    0.104633982356511646E+01    0.439975159401519988E+00    0.530584301329232097E+09   -0.942588782422907343E+02
    0.104069924448868711E+01    0.442284430761251457E+00    0.531606151256773949E+09   -0.942561588450465422E+02
    0.104496602380672599E+01    0.444691577946322525E+00    0.533006489301880121E+09   -0.942502399397765487E+02
    0.104256215993081591E+01    0.421659191070212103E+00    0.532616482285446167E+09   -0.942502276272459483E+02
    0.105144726008556955E+01    0.446729669299305243E+00    0.530619715752705336E+09   -0.942430014633545312E+02
    0.104923196436694477E+01    0.441430110168942846E+00    0.532083113055560708E+09   -0.942399161318423779E+02
    0.106879424607362816E+01    0.499887725887074197E+00    0.525180031671932578E+09   -0.942398832615491386E+02
    0.106453369356674377E+01    0.496402194302905997E+00    0.528193984930150270E+09   -0.942319974366529038E+02
    0.103172829602711702E+01    0.435002658868793191E+00    0.532856556149481297E+09   -0.942259919517331497E+02
    0.105392611851013873E+01    0.458614064955007450E+00    0.531774477131323576E+09   -0.942174180364463894E+02
    0.103539156191731885E+01    0.450217861002199626E+00    0.532729433552640796E+09   -0.942142810515514384E+02
    0.103166019131221809E+01    0.430453902164522617E+00    0.533755834783648014E+09   -0.942037142708428945E+02
    0.106881161166033012E+01    0.473790786572854117E+00    0.525616650044800997E+09   -0.941998405400843950E+02
    0.102328675075953912E+01    0.475104470781870347E+00    0.537694901509242654E+09   -0.941950233495093414E+02
    0.107042689691265869E+01    0.457159433368000023E+00    0.526564705241729021E+09   -0.941893256250562985E+02
    0.102077932431336960E+01    0.468920952793308032E+00    0.535940876693273187E+09   -0.941769863860131977E+02
    0.105713092158460120E+01    0.426919333640018550E+00    0.531061946070682049E+09   -0.941557732052014842E+02
    0.107900630131924302E+01    0.440208522375002076E+00    0.527183598155994296E+09   -0.941492114421641588E+02
    0.104207573919866503E+01    0.469166799463918593E+00    0.533181264910776615E+09   -0.941464452604608795E+02
    0.103735323622676834E+01    0.462550572349586631E+00    0.533650139880067825E+09   -0.935236697263899686E+02
    0.103735323622676834E+01    0.462550572349586631E+00    0.533650139880067825E+09   -0.935236697263899686E+02
    0.104034513490003966E+01    0.452803751038374003E+00    0.534139852575203300E+09   -0.937339555815051710E+02
    0.103667798166768166E+01    0.461523988072027436E+00    0.533775896541915178E+09   -0.940308421333231763E+02
    0.104441709923752613E+01    0.469946345729768566E+00    0.532910927263234735E+09   -0.940415765339919858E+02
    0.103840737776163627E+01    0.465635049968808445E+00    0.532962792291257739E+09   -0.937322029114912709E+02
    0.103689228562371660E+01    0.467994868309823175E+00    0.533391944677167892E+09   -0.940089552188456139E+02
    0.104929861090427767E+01    0.490205234518255040E+00    0.532706047514612794E+09   -0.940608207810977888E+02
    0.103843608020653777E+01    0.482974708615556025E+00    0.533456671080957890E+09   -0.939483238153478055E+02
    0.104246753767190947E+01    0.484716709626926701E+00    0.533128752580369473E+09   -0.939051568313032305E+02
    0.104073742005007785E+01    0.457564104213757261E+00    0.533440795609382868E+09   -0.939690376940484953E+02
    0.103679852500101144E+01    0.426467368242120060E+00    0.533394704338304043E+09   -0.930721533347845309E+02
    0.103679852500101144E+01    0.426467368242120060E+00    0.533394704338304043E+09   -0.930721533347845309E+02
    0.103420403554667528E+01    0.436264498333979844E+00    0.534202504604382634E+09   -0.935444084036295607E+02
    0.103608018339726948E+01    0.439107992460744612E+00    0.533658960865744472E+09   -0.937447818738490781E+02
    0.103956917562639495E+01    0.433713029116244542E+00    0.534178013213200450E+09   -0.939045999424260458E+02
    0.103898441262503360E+01    0.446580628159312099E+00    0.533990391802388430E+09   -0.937305429602620848E+02
    0.103637733619463601E+01    0.431468711209097577E+00    0.533959868736915946E+09   -0.936984826784525637E+02
    0.104549732127495476E+01    0.438017275131748818E+00    0.533318143789492130E+09   -0.936095698343069103E+02
    0.104549732127495476E+01    0.438017275131748818E+00    0.533318143789492130E+09   -0.936095698343069103E+02
    0.103134191626075533E+01    0.416800196447407956E+00    0.534136700724902749E+09   -0.933034940687742704E+02
    0.103872591950658388E+01    0.417006249648588678E+00    0.534537563053708196E+09   -0.939488970959352514E+02
    0.103678976638978737E+01    0.433523331532272849E+00    0.533080141002322435E+09   -0.936055322287783298E+02
    0.103062752928457413E+01    0.491922203530918978E+00    0.535576393408715963E+09   -0.939824004002800564E+02
    0.102702517207243660E+01    0.505100330648421192E+00    0.535329727698255539E+09   -0.939323462023353528E+02
    0.103759159991182903E+01    0.513903338629456030E+00    0.534046868338396311E+09   -0.940381948054850767E+02
    0.103117698624923171E+01    0.465406544515341025E+00    0.536108917380198359E+09   -0.940152002275787595E+02
    0.103886579875621110E+01    0.424963004717469062E+00    0.533751041516879320E+09   -0.937825904737436531E+02
    0.104088463712975776E+01    0.414317014368707603E+00    0.534403829571991682E+09   -0.939294783925336816E+02
    0.103914866123083938E+01    0.410617909118602853E+00    0.533268161832151532E+09   -0.933064894313562547E+02
    0.103914866123083938E+01    0.410617909118602853E+00    0.533268161832151532E+09   -0.933064894313562547E+02
    0.104275593603898376E+01    0.399727479964997912E+00    0.533673024279016495E+09   -0.938020352935043888E+02
    0.104001494857282739E+01    0.414576723696601590E+00    0.533070212219394565E+09   -0.936039290222379208E+02
    0.103761419394471943E+01    0.408930808571195570E+00    0.533155878721216321E+09   -0.938965433082188099E+02
    0.104559936661462949E+01    0.409890152221532134E+00    0.532797658989998817E+09   -0.937634304024620917E+02
    0.104780985126052828E+01    0.396833461749697136E+00    0.532873583377482414E+09   -0.938986200538483899E+02
    0.104026646863324013E+01    0.439690649162420399E+00    0.531830669244202018E+09   -0.936969484116858382E+02
    0.103862078699777216E+01    0.441357235408592175E+00    0.531903118669556379E+09   -0.941065962453910174E+02
    0.103700874273729693E+01    0.445222928613667079E+00    0.531302479474305153E+09   -0.937526075727552382E+02
    0.103938239430334112E+01    0.415567976395314176E+00    0.531415470708945036E+09   -0.933981311328869452E+02
    0.103938239430334112E+01    0.415567976395314176E+00    0.531415470708945036E+09   -0.933981311328869452E+02
    0.104372686594018682E+01    0.426665773117596459E+00    0.531001645627814770E+09   -0.932917209105204392E+02
    0.104372686594018682E+01    0.426665773117596459E+00    0.531001645627814770E+09   -0.932917209105204392E+02
    0.104366916380531216E+01    0.427557534822067709E+00    0.531231454358215094E+09   -0.938686629512345121E+02
    0.103806616693306242E+01    0.420908684039449810E+00    0.530262802137823462E+09   -0.934401347600910697E+02
    0.104310481495616636E+01    0.425941204340006152E+00    0.531174256262700558E+09   -0.939905622293078551E+02
    0.104172610364397644E+01    0.440489610744760895E+00    0.530148974782918453E+09   -0.933196118648213258E+02
    0.104172610364397644E+01    0.440489610744760895E+00    0.530148974782918453E+09   -0.933196118648213258E+02
    0.104358730771460140E+01    0.435289522809226170E+00    0.531265232968423367E+09   -0.934343966635032643E+02
    0.104489149933376768E+01    0.422024466544616672E+00    0.531731970485901237E+09   -0.939806214106214384E+02
    0.103972492843508113E+01    0.424071581500777839E+00    0.531126471180814743E+09   -0.938209340586028304E+02
    0.104480091862848190E+01    0.428694934971684205E+00    0.529404956850274920E+09   -0.931597182871997518E+02
    0.104561741507757344E+01    0.428534756749725076E+00    0.529785651190489292E+09   -0.941345186903953817E+02
    0.104987253640794376E+01    0.420964769578480613E+00    0.531785060812027097E+09   -0.938169720023602878E+02
    0.104931082788969476E+01    0.423027004507783744E+00    0.531117363250584602E+09   -0.934358452440860674E+02
    0.104918564486749433E+01    0.421964329879703115E+00    0.531221461113711715E+09   -0.937621922347682641E+02
    0.104567030384648074E+01    0.415885904001465079E+00    0.530535574442217231E+09   -0.937532376580512476E+02
    0.104607075673009819E+01    0.430205164062035905E+00    0.531113123029066682E+09   -0.937577148504700233E+02
    0.104700445922864072E+01    0.429708720290634005E+00    0.530184146960656166E+09   -0.941064652453091668E+02
    0.104490531257221497E+01    0.443053164796396004E+00    0.530839024733272552E+09   -0.938685036478781001E+02
    0.104837811754774268E+01    0.429757855709221204E+00    0.530707589117945313E+09   -0.940327360074775953E+02
    0.105070222005920000E+01    0.434125301457184420E+00    0.530150767290548801E+09   -0.939969114077555616E+02
    0.105183965885989550E+01    0.449190455451162762E+00    0.531223637831808686E+09   -0.939493708070209550E+02
    0.104813817816756316E+01    0.446804524555162175E+00    0.530566924322836041E+09   -0.937521841094150687E+02
    0.105344079510785238E+01    0.435917424706291357E+00    0.531707443901012778E+09   -0.936205631002770531E+02
    0.105007220346981067E+01    0.441634745687517594E+00    0.530396829220794320E+09   -0.939518898905405990E+02
    0.104835907526082295E+01    0.453093530746739859E+00    0.530217638779690146E+09   -0.938146171908413748E+02
    0.105032816904670656E+01    0.443806884720814310E+00    0.529700066766308188E+09   -0.941235880829298139E+02
    0.103994946085553308E+01    0.411908429026821565E+00    0.530915626080527186E+09   -0.935973291805967023E+02
    0.102867688238224386E+01    0.442450902247465194E+00    0.533626229279662728E+09   -0.934388054650972890E+02
    0.102621390800023815E+01    0.424859950821783627E+00    0.533799346938114882E+09   -0.932466527671063403E+02
    0.102621390800023815E+01    0.424859950821783627E+00    0.533799346938114882E+09   -0.932466527671063403E+02
    0.105096438485101329E+01    0.424669598547794180E+00    0.529268580186030388E+09   -0.939826222796642838E+02
    0.105979049852603069E+01    0.413886751330013070E+00    0.527874983012717724E+09   -0.934540497645117227E+02
    0.105735254238121001E+01    0.412503103353035527E+00    0.529778092776354671E+09   -0.940570875351508420E+02
    0.105854362354348885E+01    0.405809509140803826E+00    0.529245745247175097E+09   -0.937321668109526627E+02
    0.105412867601438576E+01    0.411100818131091117E+00    0.529261732762984037E+09   -0.940466586810145486E+02
    0.104908394348749101E+01    0.411510515685636236E+00    0.530232485601347208E+09   -0.936407200028325235E+02
    0.105314128539532081E+01    0.414335944081894780E+00    0.528929771669140220E+09   -0.939735649348594109E+02
    0.105782054774793743E+01    0.423412395103181183E+00    0.531136325745453000E+09   -0.940601456072052713E+02
    0.105814926553106292E+01    0.417309307632915960E+00    0.531401475385223508E+09   -0.940832987624842332E+02
    0.105675265516947769E+01    0.423079501987384532E+00    0.531765291852784038E+09   -0.940811727657878976E+02
    0.105531599619761640E+01    0.414125820239663156E+00    0.531300318470067859E+09   -0.938075619869860446E+02
    0.105535789667811830E+01    0.429039460048482368E+00    0.531495546849814773E+09   -0.941320392417351002E+02
    0.105670558846689788E+01    0.415053394913361018E+00    0.531235127035527706E+09   -0.932985712838801362E+02
    0.105670558846689788E+01    0.415053394913361018E+00    0.531235127035527706E+09   -0.932985712838801362E+02
    0.105929306318358751E+01    0.425703739249300384E+00    0.530671953393946528E+09   -0.940480877870461143E+02
    0.106223005905411783E+01    0.433306784526889643E+00    0.528779197334429502E+09   -0.935133063285630897E+02
    0.107004116125284288E+01    0.407970319527215963E+00    0.526657955398980021E+09   -0.939417031659587849E+02
    0.106783838443558010E+01    0.407498278798854585E+00    0.527393402032333612E+09   -0.939304680168046247E+02
    0.107187041508450998E+01    0.492393606678936280E+00    0.525328772397991657E+09   -0.940866334486437665E+02
    0.106618690101740277E+01    0.494316063266463601E+00    0.526801409119877338E+09   -0.941291439877443850E+02
    0.106544638928200941E+01    0.466620265486961117E+00    0.527429581212303758E+09   -0.939521355427329468E+02
    0.107203969015540479E+01    0.462610590299037838E+00    0.528765869673635483E+09   -0.938440115419826668E+02
    0.106822493769453009E+01    0.463858764536928092E+00    0.526977325180113554E+09   -0.940169811527306649E+02
    0.106805296363490210E+01    0.468073254034953479E+00    0.528255685546764851E+09   -0.938622499820669276E+02
    0.106936386258231164E+01    0.466776509469827516E+00    0.527114900862328529E+09   -0.940278878811804333E+02
