    0.508823577521496984E+00    0.370739029278912113E+00    0.604904822771877050E+09   -0.130022035519435406E+03
    0.439352131647093969E+00    0.477783173694543706E+00    0.642163443662372589E+09   -0.129172171161806261E+03
    0.489959014252559444E+00    0.500538132683372439E+00    0.610583259758648396E+09   -0.128845424407710283E+03
    0.525803441028306229E+00    0.413296702370386626E+00    0.589967371025984049E+09   -0.128470695743982503E+03
    0.452164841460451827E+00    0.434356223629013272E+00    0.634638965550740480E+09   -0.128469634312424887E+03
    0.560813534121926249E+00    0.467338850986813270E+00    0.564899642474038363E+09   -0.128421201512013056E+03
    0.600431543502536580E+00    0.443640300484261729E+00    0.551232893676542044E+09   -0.127851084315437319E+03
    0.488140429792247699E+00    0.361684191486684625E+00    0.607177336155038357E+09   -0.127728073242231631E+03
    0.552272653909035238E+00    0.378044802493969101E+00    0.569006995711242437E+09   -0.127384751861983943E+03
    0.518499882645442889E+00    0.444607855076027292E+00    0.594621447487116694E+09   -0.127250002263321804E+03
    0.449847811933623720E+00    0.433003842704877684E+00    0.629738162894472599E+09   -0.127044700502283035E+03
    0.492629986221413185E+00    0.473705299483032860E+00    0.607265312172154427E+09   -0.126941970120122775E+03
    0.571434575475951889E+00    0.520879984112912808E+00    0.572507886398211956E+09   -0.126904823182018333E+03
    0.514830311798778917E+00    0.408358931004757508E+00    0.590524315556517601E+09   -0.126561850652452605E+03
    0.526495679994143595E+00    0.513570119718572471E+00    0.585065832951260567E+09   -0.126542644997698858E+03
    0.535803350112889487E+00    0.535977745604467870E+00    0.579269573360296011E+09   -0.126432544896413987E+03
    0.565349444855477890E+00    0.518112939835173592E+00    0.571210438631623030E+09   -0.126427293629017925E+03
    0.488373378479707188E+00    0.441556840767198366E+00    0.614880796424669504E+09   -0.126382920098635310E+03
    0.468219586572783786E+00    0.374922596174140921E+00    0.624045794420850396E+09   -0.126286503656952277E+03
    0.482347271229443542E+00    0.442224305337763468E+00    0.618582469033225060E+09   -0.126261612244079387E+03
    0.518138627824523801E+00    0.408752599223570101E+00    0.586532985587639093E+09   -0.126259532739080385E+03
    0.535118785229226179E+00    0.454390130220502897E+00    0.583264078574815035E+09   -0.126123169904950089E+03
    0.524714340368957255E+00    0.343519364440512120E+00    0.588832642157888412E+09   -0.125967353807146125E+03
    0.567519302995648789E+00    0.510537739174166560E+00    0.566214240689093351E+09   -0.125964370755650094E+03
    0.486814971573131194E+00    0.420774370126791197E+00    0.613265993236517429E+09   -0.125902946882331605E+03
    0.574034111111169532E+00    0.543466753250411827E+00    0.565654131983979225E+09   -0.125867909327063785E+03
    0.526859937312813331E+00    0.390280459143552250E+00    0.594188845507936716E+09   -0.125840211359486219E+03
    0.545604992296784386E+00    0.456031476058790020E+00    0.572640715993623495E+09   -0.125828857062807174E+03
    0.523310279726192595E+00    0.506295458672092025E+00    0.593843173803900003E+09   -0.125727751141485214E+03
    0.554258544150762034E+00    0.526582117117076365E+00    0.576987590391181707E+09   -0.125665727767048665E+03
    0.509968413299882961E+00    0.520601704961322298E+00    0.605194834232335091E+09   -0.125544170214496731E+03
    0.548240869820651455E+00    0.575697271741208993E+00    0.578324813050216794E+09   -0.125543388275947294E+03
    0.548555461666026534E+00    0.519133115597727013E+00    0.579252862840408206E+09   -0.125452309197393632E+03
    0.510638322370558728E+00    0.462225706441397932E+00    0.602196527223544002E+09   -0.125444048702426187E+03
    0.519406969463671486E+00    0.461245139861226505E+00    0.587757680454577446E+09   -0.125406207048235970E+03
    0.547709002402049783E+00    0.541592841043554429E+00    0.574753742228631258E+09   -0.125398624516349713E+03
    0.545819616581032174E+00    0.533043424417957823E+00    0.584626181283645630E+09   -0.125343321159847207E+03
    0.488167572382584070E+00    0.419485253682259085E+00    0.607046111665984392E+09   -0.125332745729548662E+03
    0.567845965132261932E+00    0.490023460484682261E+00    0.569768517525092125E+09   -0.125315450715773991E+03
    0.560024033692397061E+00    0.444746489576839821E+00    0.569954930732813239E+09   -0.125272827455025293E+03
    0.516956493651728355E+00    0.473841314079251674E+00    0.597122293955334902E+09   -0.125266504559300742E+03
    0.564294296622251057E+00    0.486228607619514364E+00    0.568423027844548941E+09   -0.125235418171578587E+03
    0.511121841741891236E+00    0.575686163384130367E+00    0.597789718803460956E+09   -0.125220341680916036E+03
    0.559848221062209883E+00    0.426494296391641825E+00    0.572479074158053875E+09   -0.125216369977569030E+03
    0.549557167381152567E+00    0.478680526773654691E+00    0.579707280757274151E+09   -0.125163294376635946E+03
    0.514303058106489241E+00    0.571436346437506515E+00    0.596855709741194487E+09   -0.125156395554886160E+03
    0.533186971545588806E+00    0.400619032661516883E+00    0.584351287583659768E+09   -0.125150156414024821E+03
    0.532058852990031750E+00    0.385497160383128090E+00    0.585781563569722891E+09   -0.125148140911974195E+03
    0.515230152728347268E+00    0.461124952340583150E+00    0.597175334650379658E+09   -0.125144030384804552E+03
    0.565735957193323480E+00    0.486697519978884330E+00    0.567729481720484257E+09   -0.125128257413450939E+03
    0.530607024493084500E+00    0.491427651003935040E+00    0.592426865289173126E+09   -0.125102215257531583E+03
    0.541672734064571504E+00    0.448460689987875583E+00    0.582113260346863031E+09   -0.125060195237060327E+03
    0.520055837814544675E+00    0.486746926182878070E+00    0.594162408842114925E+09   -0.125053995907902816E+03
    0.538937418161706594E+00    0.525637561402124476E+00    0.582826737480633855E+09   -0.124952033945616790E+03
    0.518707137888663627E+00    0.489839024669416645E+00    0.593326547920162320E+09   -0.124949076838217408E+03
    0.588032098453410312E+00    0.517838266072295994E+00    0.559774795383138418E+09   -0.124930771184029837E+03
    0.505675009646638030E+00    0.413611943082756284E+00    0.594393249175042629E+09   -0.124928649074705589E+03
    0.565944982777127459E+00    0.482593024817756344E+00    0.567308657220517039E+09   -0.124920254045524331E+03
    0.559467061010016753E+00    0.458680851106624488E+00    0.576845959139298677E+09   -0.124913610203765330E+03
    0.564967899238603133E+00    0.505359787140767125E+00    0.577805283338881016E+09   -0.124885239141458385E+03
    0.510869732473773652E+00    0.550157415970167207E+00    0.597421049319719791E+09   -0.124845673096638492E+03
    0.580451290443917189E+00    0.598095675931972437E+00    0.569656629974255562E+09   -0.124833697991706188E+03
    0.530264415309678383E+00    0.554859028773101670E+00    0.593609571219895840E+09   -0.124804318805948739E+03
    0.578834984331279223E+00    0.527238797438560169E+00    0.563547036804348469E+09   -0.124795937966679645E+03
    0.525938904820456909E+00    0.526584195245691333E+00    0.586575401631419897E+09   -0.124792953284247361E+03
    0.543146506239701288E+00    0.505475814647869726E+00    0.581269310001532078E+09   -0.124776282462937061E+03
    0.492574288784696557E+00    0.481227099885154885E+00    0.608858709984958410E+09   -0.124773308456102484E+03
    0.512534274743405183E+00    0.529583346490687390E+00    0.603532306644758701E+09   -0.124772772841581229E+03
    0.495474517454982832E+00    0.589953929592979875E+00    0.604782440115727663E+09   -0.124757199868736365E+03
    0.576024826780133115E+00    0.477168437664408529E+00    0.569206040613013983E+09   -0.124757046504024473E+03
    0.558214075077024918E+00    0.569965187492766034E+00    0.577144674207012415E+09   -0.124755437331083670E+03
    0.496209930118487019E+00    0.462590275314127553E+00    0.602846614447502375E+09   -0.124719754764721614E+03
    0.512588569389933690E+00    0.406889558672972385E+00    0.596376121993276000E+09   -0.124716172828591965E+03
    0.503770606733670911E+00    0.411982835964806782E+00    0.598948312395253658E+09   -0.124703002897452876E+03
    0.557111054391427385E+00    0.495288123298012195E+00    0.576149347532190323E+09   -0.124701033318802686E+03
    0.508584451152043093E+00    0.435525076527625288E+00    0.596612792284637451E+09   -0.124658794394140529E+03
    0.503417709147091941E+00    0.392811054903800638E+00    0.597820268616904259E+09   -0.124648444704424463E+03
    0.513614401358654438E+00    0.399566169021319695E+00    0.589822289755570292E+09   -0.124644907973978292E+03
    0.501660309302354279E+00    0.461861736989714444E+00    0.598247601762511730E+09   -0.124625927138460156E+03
    0.508999412118004702E+00    0.524288199480935191E+00    0.598717186247693062E+09   -0.124588267680240563E+03
    0.574298977728763815E+00    0.500993883886579283E+00    0.568239295143282294E+09   -0.124586229608153388E+03
    0.513860425772753482E+00    0.443070230283550970E+00    0.600932470351976156E+09   -0.124572171243587917E+03
    0.550252898233509091E+00    0.502518437716542365E+00    0.582946724033051729E+09   -0.124569325103617942E+03
    0.538991703162922220E+00    0.560946216075397075E+00    0.582474040421262383E+09   -0.124562322724398570E+03
    0.516184936632666513E+00    0.410786510923999870E+00    0.597210549691677094E+09   -0.124560826850358552E+03
    0.537107763601724186E+00    0.490890767338534317E+00    0.588410263780245304E+09   -0.124560271943504020E+03
    0.560548847995999466E+00    0.442724243207360146E+00    0.570937157524416327E+09   -0.124543858744944146E+03
    0.546255750024624787E+00    0.519485091116948183E+00    0.581042578749899626E+09   -0.124535553355697473E+03
    0.509547967167668703E+00    0.464232164678431758E+00    0.592786233235153675E+09   -0.124534741469578393E+03
    0.516302998390133050E+00    0.422846639676240699E+00    0.588792723948524237E+09   -0.124526393307200379E+03
    0.562955039930481349E+00    0.444915907860082172E+00    0.568106876854674578E+09   -0.124487787296643745E+03
    0.522703626737135219E+00    0.426905640962875310E+00    0.592144133417084455E+09   -0.124475369103906218E+03
    0.542239261840249620E+00    0.559299931934036820E+00    0.584130377203995943E+09   -0.124472508555711812E+03
    0.570031335140269491E+00    0.482042877271819492E+00    0.565665078385710478E+09   -0.124463570073216928E+03
    0.502128349177839217E+00    0.475747024072655122E+00    0.599680116496968508E+09   -0.124450741515293345E+03
    0.497820713773313550E+00    0.430209864760655591E+00    0.603772259836132765E+09   -0.124444432789265846E+03
    0.570822132180281105E+00    0.506550523170613332E+00    0.569025344248750448E+09   -0.124410719737264671E+03
    0.505529550859136201E+00    0.462054632429682144E+00    0.602365346911967158E+09   -0.124359340284936621E+03
    0.502094723523254127E+00    0.450470210738014742E+00    0.598050622286513209E+09   -0.124351618894067997E+03
    0.523314868275243872E+00    0.396444102094331896E+00    0.591719976761797428E+09   -0.124320031408578245E+03
    0.511321801553521138E+00    0.456156182148518496E+00    0.600000097656261444E+09   -0.124314945403147121E+03
    0.544972223342893414E+00    0.455657124669068381E+00    0.575721277772148132E+09   -0.124313398590489768E+03
    0.533018569925851171E+00    0.492321228166481717E+00    0.583356238995988846E+09   -0.124306771626227970E+03
    0.531599886026113966E+00    0.544571274381224768E+00    0.584956496374829769E+09   -0.124303310853699571E+03
    0.532578175683582677E+00    0.495546489028972914E+00    0.585897179945752025E+09   -0.124278121862243580E+03
    0.542529007815054864E+00    0.439458280852601746E+00    0.581751821555037975E+09   -0.124266093003984011E+03
    0.524560263872707822E+00    0.549932787304115323E+00    0.590309669146098733E+09   -0.124245398861896476E+03
    0.496158135942425749E+00    0.428558435391369841E+00    0.608606351956851721E+09   -0.124215109085892720E+03
    0.524066544319568006E+00    0.519891321808085394E+00    0.587983810872245073E+09   -0.124207258321065908E+03
    0.524066544319568006E+00    0.519891321808085394E+00    0.587983810872245073E+09   -0.124207258321065908E+03
    0.500582051060243671E+00    0.388477681613002446E+00    0.602132801940001249E+09   -0.124196287200730723E+03
    0.562234779466617707E+00    0.487812543237362561E+00    0.576510341933254957E+09   -0.124194139055562516E+03
    0.549425539367290883E+00    0.450258633575895573E+00    0.575908924568300724E+09   -0.124189519920310161E+03
    0.512521937361811175E+00    0.447323798158363317E+00    0.597719176514259100E+09   -0.124155829226022547E+03
    0.512454280820877073E+00    0.515086424849840796E+00    0.601045215280217171E+09   -0.124080760340395884E+03
    0.560069427822236010E+00    0.453131134428339521E+00    0.570893495613743067E+09   -0.124080718764247692E+03
    0.537580291750892725E+00    0.505895700486982847E+00    0.585023657696725368E+09   -0.124075052084307089E+03
    0.533289212494650666E+00    0.492256315111136544E+00    0.589806547073336124E+09   -0.124061325958025776E+03
    0.510422662612098010E+00    0.533127222717379112E+00    0.597736183105127454E+09   -0.124050340324007237E+03
    0.510422662612098010E+00    0.533127222717379112E+00    0.597736183105127454E+09   -0.124050340324007237E+03
    0.500043979130073035E+00    0.368372879055566926E+00    0.599548799930708885E+09   -0.124045768241965618E+03
    0.520483745704816370E+00    0.519531623413882926E+00    0.595006506877463102E+09   -0.124039678123110050E+03
    0.524392977839604368E+00    0.454238099172311394E+00    0.592149892426186323E+09   -0.123986668246181949E+03
    0.524392977839604368E+00    0.454238099172311394E+00    0.592149892426186323E+09   -0.123986668246181949E+03
    0.517252960214542701E+00    0.447616082892356104E+00    0.598752351080800891E+09   -0.123937123498187887E+03
    0.554615342129201272E+00    0.570369317702965617E+00    0.578900340563634634E+09   -0.123933661011729086E+03
    0.548060496924561491E+00    0.478924905704513293E+00    0.575594346536527157E+09   -0.123931618503948755E+03
    0.529174571036039931E+00    0.537618693276325388E+00    0.584732747811833620E+09   -0.123924856592065936E+03
    0.529174571036039931E+00    0.537618693276325388E+00    0.584732747811833620E+09   -0.123924856592065936E+03
    0.588946888126689605E+00    0.577503566489966147E+00    0.561210677378175259E+09   -0.123902997542343968E+03
    0.552604558064048845E+00    0.496558333863175605E+00    0.583669465666833043E+09   -0.123898663594471486E+03
    0.545437195960276733E+00    0.467516184651543654E+00    0.578369639929805756E+09   -0.123881083127196092E+03
    0.545437195960276733E+00    0.467516184651543654E+00    0.578369639929805756E+09   -0.123881083127196092E+03
    0.539802466101659495E+00    0.524200872323339340E+00    0.581293261495743513E+09   -0.123879740593478061E+03
    0.539802466101659495E+00    0.524200872323339340E+00    0.581293261495743513E+09   -0.123879740593478061E+03
    0.523070140654187221E+00    0.457336267965871457E+00    0.594829053026401043E+09   -0.123853383002236910E+03
    0.514605945715148616E+00    0.459445876161137079E+00    0.595827424707592010E+09   -0.123837416668261596E+03
    0.545259168499146130E+00    0.457878801198241092E+00    0.577438788377635479E+09   -0.123835230888081298E+03
    0.557181044799844427E+00    0.502737582720847342E+00    0.576525368917415857E+09   -0.123832500012705722E+03
    0.567572073655867815E+00    0.519763417106451797E+00    0.567572323585208654E+09   -0.123828609311694080E+03
    0.522592230927403811E+00    0.463993002012978550E+00    0.586065456788718820E+09   -0.123816546623786508E+03
    0.522592230927403811E+00    0.463993002012978550E+00    0.586065456788718820E+09   -0.123816546623786508E+03
    0.510698236658153393E+00    0.536289077750048193E+00    0.600135741565940261E+09   -0.123810790171033474E+03
    0.510698236658153393E+00    0.536289077750048193E+00    0.600135741565940261E+09   -0.123810790171033474E+03
    0.548435557963844578E+00    0.521404076697907115E+00    0.578726419173236251E+09   -0.123779896898685593E+03
    0.565087245680723993E+00    0.434825274875745293E+00    0.569659873623153567E+09   -0.123778958795655058E+03
    0.565087245680723993E+00    0.434825274875745293E+00    0.569659873623153567E+09   -0.123778958795655058E+03
    0.552289405802459665E+00    0.518317734296488197E+00    0.577056516057774782E+09   -0.123768472363936297E+03
    0.533193452847957161E+00    0.415936475916023340E+00    0.590989364808547854E+09   -0.123763826654359548E+03
    0.533193452847957161E+00    0.415936475916023340E+00    0.590989364808547854E+09   -0.123763826654359548E+03
    0.498776743862544170E+00    0.401105268155209416E+00    0.604043861144295931E+09   -0.123753849501849857E+03
    0.534637316915967165E+00    0.482789227447103286E+00    0.589397024152967453E+09   -0.123743744407209931E+03
    0.534637316915967165E+00    0.482789227447103286E+00    0.589397024152967453E+09   -0.123743744407209931E+03
    0.503184458317799010E+00    0.389830748153876527E+00    0.600085732063561320E+09   -0.123732043560813281E+03
    0.503184458317799010E+00    0.389830748153876527E+00    0.600085732063561320E+09   -0.123732043560813281E+03
    0.547776850271355031E+00    0.507242633495806672E+00    0.578040506753815413E+09   -0.123706645878346976E+03
    0.547776850271355031E+00    0.507242633495806672E+00    0.578040506753815413E+09   -0.123706645878346976E+03
    0.503285918082741035E+00    0.407871582577906011E+00    0.601071478384509325E+09   -0.123697149227596299E+03
    0.503285918082741035E+00    0.407871582577906011E+00    0.601071478384509325E+09   -0.123697149227596299E+03
    0.510701873554787245E+00    0.541303028714102297E+00    0.601539000621944904E+09   -0.123680542900586445E+03
    0.510701873554787245E+00    0.541303028714102297E+00    0.601539000621944904E+09   -0.123680542900586445E+03
    0.503956275107221408E+00    0.546155322950877320E+00    0.603336902404466867E+09   -0.123671389679328627E+03
    0.530355390579501984E+00    0.547295055592604385E+00    0.588115201557067156E+09   -0.123670665691545878E+03
    0.544108678850497407E+00    0.473021068469021699E+00    0.576859767034351349E+09   -0.123652057556941756E+03
    0.543422218368199372E+00    0.442381776971521035E+00    0.577915276597182989E+09   -0.123636012011553476E+03
    0.557688247881398258E+00    0.424989130564926043E+00    0.573096880920686007E+09   -0.123626006913203952E+03
    0.557688247881398258E+00    0.424989130564926043E+00    0.573096880920686007E+09   -0.123626006913203952E+03
    0.521232161400410066E+00    0.525117141732238224E+00    0.588374528444626570E+09   -0.123612231641243810E+03
    0.536776097066389291E+00    0.476287577448740507E+00    0.587367872372883558E+09   -0.123605661053360706E+03
    0.495737328885136386E+00    0.408978592907391914E+00    0.602127054459632874E+09   -0.123582376525917937E+03
    0.495737328885136386E+00    0.408978592907391914E+00    0.602127054459632874E+09   -0.123582376525917937E+03
    0.548957869953692557E+00    0.465549535782702861E+00    0.579935215528152704E+09   -0.123552985196928603E+03
    0.525920892252358385E+00    0.484100287031949961E+00    0.593002002260368586E+09   -0.123549050483033739E+03
    0.529030912937319409E+00    0.532705717502267362E+00    0.588023284366121411E+09   -0.123538694449520136E+03
    0.550836284133447873E+00    0.456366824874054444E+00    0.575445696855124474E+09   -0.123530396899682913E+03
    0.558207888600371627E+00    0.548896788878565189E+00    0.573595855710592747E+09   -0.123525727558927741E+03
    0.558207888600371627E+00    0.548896788878565189E+00    0.573595855710592747E+09   -0.123525727558927741E+03
    0.519021703682228996E+00    0.480964938035302936E+00    0.594655387050650716E+09   -0.123520353411199892E+03
    0.519021703682228996E+00    0.480964938035302936E+00    0.594655387050650716E+09   -0.123520353411199892E+03
    0.506387829580798421E+00    0.425074517523395201E+00    0.600324903852207184E+09   -0.123510416288293584E+03
    0.541179699327099417E+00    0.511807928722053163E+00    0.582719142393846989E+09   -0.123484113465013138E+03
    0.541179699327099417E+00    0.511807928722053163E+00    0.582719142393846989E+09   -0.123484113465013138E+03
    0.520755020439844896E+00    0.435191491826394383E+00    0.589593052172096491E+09   -0.123482824109613219E+03
    0.583868038652027965E+00    0.614878538431076649E+00    0.564078615481791377E+09   -0.123446661480199225E+03
    0.539298597211597786E+00    0.493024051076885073E+00    0.587034864459909201E+09   -0.123445325691532361E+03
    0.539298597211597786E+00    0.493024051076885073E+00    0.587034864459909201E+09   -0.123445325691532361E+03
    0.541968426209364473E+00    0.484826851466744202E+00    0.579780464374375582E+09   -0.123439390110757046E+03
    0.510457872611337127E+00    0.456556846180959042E+00    0.597894931544711471E+09   -0.123426503984574055E+03
    0.543338023814930460E+00    0.491233745253813581E+00    0.578805553349981785E+09   -0.123426285079180758E+03
    0.526885177946272210E+00    0.544777455443664849E+00    0.588374823309418201E+09   -0.123422138065801960E+03
    0.526885177946272210E+00    0.544777455443664849E+00    0.588374823309418201E+09   -0.123422138065801960E+03
    0.548287938049052737E+00    0.424702536992509039E+00    0.577559193159179807E+09   -0.123420205183739625E+03
    0.552036566483122160E+00    0.518296627982572033E+00    0.580825954715702534E+09   -0.123409873007491228E+03
    0.564018687651153816E+00    0.481813281230248691E+00    0.569615347036541462E+09   -0.123388102038992628E+03
    0.515952140667178982E+00    0.547008870100693656E+00    0.595134800843302965E+09   -0.123387811052523489E+03
    0.515952140667178982E+00    0.547008870100693656E+00    0.595134800843302965E+09   -0.123387811052523489E+03
    0.537151731635447494E+00    0.455850565632477611E+00    0.585852602798518658E+09   -0.123371475834535573E+03
    0.537151731635447494E+00    0.455850565632477611E+00    0.585852602798518658E+09   -0.123371475834535573E+03
    0.530669378769755729E+00    0.416944197600958688E+00    0.588115742646681786E+09   -0.123368433592824999E+03
    0.506331346009571082E+00    0.389260840608692149E+00    0.600086135003346682E+09   -0.123360137470887054E+03
    0.506331346009571082E+00    0.389260840608692149E+00    0.600086135003346682E+09   -0.123360137470887054E+03
    0.550275603480224529E+00    0.531323864770840260E+00    0.582348830619908810E+09   -0.123355253398797288E+03
    0.527237829734587327E+00    0.542537677617339398E+00    0.588877038422113538E+09   -0.123355171472305884E+03
    0.542042398834185257E+00    0.425207140229806768E+00    0.581925551631135345E+09   -0.123329609510173526E+03
    0.542042398834185257E+00    0.425207140229806768E+00    0.581925551631135345E+09   -0.123329609510173526E+03
    0.507871496050189997E+00    0.434929382079742410E+00    0.599457254579123020E+09   -0.123308084637105367E+03
    0.507871496050189997E+00    0.434929382079742410E+00    0.599457254579123020E+09   -0.123308084637105367E+03
    0.559151107925919821E+00    0.465747818257963075E+00    0.573954634261663437E+09   -0.123308018874746523E+03
    0.535896164674419029E+00    0.460643787445459196E+00    0.584985115382596254E+09   -0.123304065051820700E+03
    0.540969781676123973E+00    0.481608117250500456E+00    0.578954720508559227E+09   -0.123294461771143659E+03
    0.520274347962864536E+00    0.507440149097742932E+00    0.593296631502159715E+09   -0.123283732627779330E+03
    0.516644451245926728E+00    0.484324362519590323E+00    0.594925457514715672E+09   -0.123271030881891591E+03
    0.507872746857809587E+00    0.423275879070379446E+00    0.597749080023549795E+09   -0.123260126454067390E+03
    0.507872746857809587E+00    0.423275879070379446E+00    0.597749080023549795E+09   -0.123260126454067390E+03
    0.524859565458698607E+00    0.432543383143737969E+00    0.585825518379422426E+09   -0.123250988925068029E+03
    0.530559900598889467E+00    0.481048775749325586E+00    0.590548681077670097E+09   -0.123247143643768155E+03
    0.530559900598889467E+00    0.481048775749325586E+00    0.590548681077670097E+09   -0.123247143643768155E+03
    0.502054347399969458E+00    0.447855203437159233E+00    0.603036550537110925E+09   -0.123243518715555012E+03
    0.514948314116527639E+00    0.457035801649505302E+00    0.591676448737519741E+09   -0.123229062980300768E+03
    0.554854938653287277E+00    0.542604606318290550E+00    0.576073423084593773E+09   -0.123214729014661117E+03
    0.554854938653287277E+00    0.542604606318290550E+00    0.576073423084593773E+09   -0.123214729014661117E+03
    0.525548320085115095E+00    0.437428469707711542E+00    0.586705991191231012E+09   -0.123207948339316886E+03
    0.543284585398177922E+00    0.463398159478225935E+00    0.579132210573261499E+09   -0.123206157741022622E+03
    0.550476613087847788E+00    0.466998862766496714E+00    0.575413173798609495E+09   -0.123195205046541986E+03
    0.550476613087847788E+00    0.466998862766496714E+00    0.575413173798609495E+09   -0.123195205046541986E+03
    0.519308291184544135E+00    0.519824974175959298E+00    0.591558827242333412E+09   -0.123187689958641926E+03
    0.493173571886986184E+00    0.423548101568176349E+00    0.605494313145400047E+09   -0.123182082586187519E+03
    0.540225203665695375E+00    0.522584491917941207E+00    0.583628164381507635E+09   -0.123171324577797662E+03
    0.533145917164945971E+00    0.493484915080122377E+00    0.589500837735242963E+09   -0.123170804052456717E+03
    0.533145917164945971E+00    0.493484915080122377E+00    0.589500837735242963E+09   -0.123170804052456717E+03
    0.514537667213986860E+00    0.400534037373365237E+00    0.597193587238674283E+09   -0.123168042092668031E+03
    0.534195214672907981E+00    0.512375333170272285E+00    0.585249434407958031E+09   -0.123159875554432020E+03
    0.534195214672907981E+00    0.512375333170272285E+00    0.585249434407958031E+09   -0.123159875554432020E+03
    0.539846052244847052E+00    0.440317767357532475E+00    0.581635052367679119E+09   -0.123153536986555267E+03
    0.546044377326823427E+00    0.471098902344916581E+00    0.583692082676013708E+09   -0.123143464976184219E+03
    0.546044377326823427E+00    0.471098902344916581E+00    0.583692082676013708E+09   -0.123143464976184219E+03
    0.524888288537809111E+00    0.457616476068295697E+00    0.586105716809718847E+09   -0.123139965996299665E+03
    0.556578619737264746E+00    0.492304399711391838E+00    0.572839520690359592E+09   -0.123138452753090448E+03
    0.543697704999782094E+00    0.541646929164880220E+00    0.583133418257328391E+09   -0.123130885317815853E+03
    0.543697704999782094E+00    0.541646929164880220E+00    0.583133418257328391E+09   -0.123130885317815853E+03
    0.542572832772347358E+00    0.432146298296569142E+00    0.579684826742229223E+09   -0.123124763624684292E+03
    0.538544426770496520E+00    0.455469679448627929E+00    0.585068785051950336E+09   -0.123123829826367825E+03
    0.527798570911545917E+00    0.447699002598710649E+00    0.586600946886251092E+09   -0.123114702741235817E+03
    0.516546602335237415E+00    0.500756713074439475E+00    0.590890073017682791E+09   -0.123111795425360924E+03
    0.539838554289540640E+00    0.494026081371652381E+00    0.582141210770560265E+09   -0.123111266475060233E+03
    0.529067561851897405E+00    0.533508438496724580E+00    0.588149023335383058E+09   -0.123109350775905924E+03
    0.525441470803067467E+00    0.433591420924345883E+00    0.592085171452633977E+09   -0.123107184429760110E+03
    0.525441470803067467E+00    0.433591420924345883E+00    0.592085171452633977E+09   -0.123107184429760110E+03
    0.560996536727725204E+00    0.457520818741146584E+00    0.576153920118462563E+09   -0.123106935356714729E+03
    0.560996536727725204E+00    0.457520818741146584E+00    0.576153920118462563E+09   -0.123106935356714729E+03
    0.532018858944459549E+00    0.439520065885366407E+00    0.590941983205950975E+09   -0.123106245381347605E+03
    0.509393093408606501E+00    0.448989044914613444E+00    0.598160766831774235E+09   -0.123105752352635463E+03
    0.509393093408606501E+00    0.448989044914613444E+00    0.598160766831774235E+09   -0.123105752352635463E+03
    0.554067671906457559E+00    0.513221258714469997E+00    0.576585517456705093E+09   -0.123096178929484992E+03
    0.540099175312747981E+00    0.453036555504095162E+00    0.584764504361530900E+09   -0.123087997436688426E+03
    0.543450116614481615E+00    0.424128168110932791E+00    0.580784565642105341E+09   -0.123082895651186021E+03
    0.552004084982040455E+00    0.500233447921253571E+00    0.580045371084591389E+09   -0.123064815682551711E+03
    0.543412138656709565E+00    0.535990172253537622E+00    0.580433594936433315E+09   -0.123061187479935214E+03
    0.561172432850281955E+00    0.554621854161114314E+00    0.575929810076085567E+09   -0.123057211977603686E+03
    0.550186953975298487E+00    0.535442526060661450E+00    0.582278053266317606E+09   -0.123056126454698557E+03
    0.548071933750478912E+00    0.473891174518447755E+00    0.576896363074118495E+09   -0.123049230058558550E+03
    0.526811184578212632E+00    0.432858338077085847E+00    0.587434130188718796E+09   -0.123042376033712500E+03
    0.498142423759829089E+00    0.390333047982608150E+00    0.602473610951804757E+09   -0.123030691203223029E+03
    0.505805358524537230E+00    0.431956141941167715E+00    0.600767037259937525E+09   -0.123009397337693770E+03
    0.505805358524537230E+00    0.431956141941167715E+00    0.600767037259937525E+09   -0.123009397337693770E+03
    0.535465669875499151E+00    0.511051827612254428E+00    0.586484946860988736E+09   -0.123009076713907092E+03
    0.533879707868681219E+00    0.436054673373988066E+00    0.585039854188966990E+09   -0.123006577218464656E+03
    0.535176905313298534E+00    0.551517856392543138E+00    0.585192483880325079E+09   -0.123004874819794495E+03
    0.501058268208403712E+00    0.397728811095250379E+00    0.601171331609355569E+09   -0.123001572055030138E+03
    0.547399556148331801E+00    0.465755535744861504E+00    0.584632176877294421E+09   -0.123000494037161857E+03
    0.528732214965237257E+00    0.468951609845236206E+00    0.587194862656877041E+09   -0.122997101366462886E+03
    0.528732214965237257E+00    0.468951609845236206E+00    0.587194862656877041E+09   -0.122997101366462886E+03
    0.553493814711176091E+00    0.491110422828196391E+00    0.575650733776273012E+09   -0.122977381816047895E+03
    0.553493814711176091E+00    0.491110422828196391E+00    0.575650733776273012E+09   -0.122977381816047895E+03
    0.495376952284907079E+00    0.403268505487488937E+00    0.604880251665245295E+09   -0.122969255419638017E+03
    0.525464615161084003E+00    0.445824943320392464E+00    0.589507365899466276E+09   -0.122966287393068924E+03
    0.559013180447360480E+00    0.440682519130275452E+00    0.574868373357360840E+09   -0.122963531324029276E+03
    0.550660001171368263E+00    0.477458609643196752E+00    0.576028226853277087E+09   -0.122962127052653926E+03
    0.503602445890521055E+00    0.417454789057620346E+00    0.600685664429413319E+09   -0.122960503320011895E+03
    0.537640182068127248E+00    0.482691444103771516E+00    0.587420727836757898E+09   -0.122960437651938634E+03
    0.517065926418133759E+00    0.470829040225366313E+00    0.591228567206393957E+09   -0.122958769248515665E+03
    0.492792956033309082E+00    0.392431003749898366E+00    0.604111930391289830E+09   -0.122958045222865053E+03
    0.500548332356712700E+00    0.391146275638508456E+00    0.601536114036238790E+09   -0.122956622140228887E+03
    0.508918810576644232E+00    0.433520024775864599E+00    0.597257644497205973E+09   -0.122946206495313376E+03
    0.529745822209033101E+00    0.478304566179321711E+00    0.589442859558567405E+09   -0.122946042452031548E+03
    0.552906895741387072E+00    0.481081413895525500E+00    0.580936749667958260E+09   -0.122945025328025920E+03
    0.552906895741387072E+00    0.481081413895525500E+00    0.580936749667958260E+09   -0.122945025328025920E+03
    0.522567080880208201E+00    0.413274909576472282E+00    0.587083630230325341E+09   -0.122931182618326744E+03
    0.516440810075393775E+00    0.455817011099142633E+00    0.591866192868829250E+09   -0.122928657912261443E+03
    0.509009207690938603E+00    0.405828849443881978E+00    0.596336959491033316E+09   -0.122926415449450872E+03
    0.504458587808359726E+00    0.445244823015206848E+00    0.601889544337217331E+09   -0.122925773168977713E+03
    0.517499513775277253E+00    0.512264811102944861E+00    0.594295833674863815E+09   -0.122919967510193615E+03
    0.503989777656416282E+00    0.432629293254425562E+00    0.600282091202319384E+09   -0.122915266709782060E+03
    0.510630798490214644E+00    0.384163212241578123E+00    0.594117078434226036E+09   -0.122906511421274530E+03
    0.540635367052977656E+00    0.538821519248351422E+00    0.584025995294688940E+09   -0.122885849200033633E+03
    0.550276075795798847E+00    0.459077480525696302E+00    0.576724935763848305E+09   -0.122880022574032353E+03
    0.506660609398148165E+00    0.391931127397144863E+00    0.597845633694727182E+09   -0.122868749582713093E+03
    0.503630199608659290E+00    0.413170781256894770E+00    0.598669983594038248E+09   -0.122867416573322942E+03
    0.545578414512644883E+00    0.445731193763645450E+00    0.579574452741747141E+09   -0.122864411695752310E+03
    0.511639847471082931E+00    0.418054269057087424E+00    0.595758816694568396E+09   -0.122863147485167886E+03
    0.547069402835292706E+00    0.519798378227662283E+00    0.583776821446550608E+09   -0.122862918760561143E+03
    0.552463321159683329E+00    0.469876757767472952E+00    0.576452353645149827E+09   -0.122851478488799827E+03
    0.546456450836854457E+00    0.513609178880951589E+00    0.583215458551069975E+09   -0.122846856006249908E+03
    0.545762280067007666E+00    0.532096052175587531E+00    0.578971737796834230E+09   -0.122844468231403340E+03
    0.536135511067216575E+00    0.539181193230930944E+00    0.584688420788485765E+09   -0.122841704917915408E+03
    0.544751353238837277E+00    0.509540835886149068E+00    0.579591765209793091E+09   -0.122826022207611203E+03
    0.513624954956964808E+00    0.447223135113983261E+00    0.596731729130997658E+09   -0.122815838145069208E+03
    0.516644725601067778E+00    0.440666806954659762E+00    0.593996442054009438E+09   -0.122814643471216272E+03
    0.516051371099651490E+00    0.453285707959505402E+00    0.595234250563556671E+09   -0.122810080889678929E+03
    0.506638805286632854E+00    0.444083877995849363E+00    0.599011126943674088E+09   -0.122806139542430230E+03
    0.538495352883150757E+00    0.413079882120623409E+00    0.581670535969132185E+09   -0.122805113155722580E+03
    0.538356328815025709E+00    0.461335558821357239E+00    0.587141121663655519E+09   -0.122796523898273335E+03
    0.542280989158329563E+00    0.429969670139829674E+00    0.579530385184659004E+09   -0.122795474878847770E+03
    0.537606622088765085E+00    0.444027392521675779E+00    0.585434784952012777E+09   -0.122794398886140442E+03
    0.558248381260141979E+00    0.503246076619952021E+00    0.573799937507896185E+09   -0.122792799478620964E+03
    0.538540039430305817E+00    0.434116940783436434E+00    0.584013790697895169E+09   -0.122789068970631661E+03
    0.531849592967967411E+00    0.433222176269630666E+00    0.584604982353995085E+09   -0.122783005628013967E+03
    0.511608143910108004E+00    0.437616772226910200E+00    0.598196036161228418E+09   -0.122774473123481641E+03
    0.555165742696793751E+00    0.495061709168940212E+00    0.575880892362932444E+09   -0.122771920623030269E+03
    0.507907273795326519E+00    0.438766713713111045E+00    0.600928876609614611E+09   -0.122765435722152560E+03
    0.516543826678290574E+00    0.444524484907711681E+00    0.596884697692062616E+09   -0.122754703982620839E+03
    0.562371322260303175E+00    0.512296053551633435E+00    0.573566984171823025E+09   -0.122753000959099211E+03
    0.533778626258285760E+00    0.409761087587201089E+00    0.586112307615215898E+09   -0.122747277779283309E+03
    0.540858501218854038E+00    0.419290685879239788E+00    0.580287646491621852E+09   -0.122745124927801825E+03
    0.541362950589460268E+00    0.440624387567735809E+00    0.582216402357927680E+09   -0.122735282690898458E+03
    0.557582592875443761E+00    0.447161859301852260E+00    0.574184315935855746E+09   -0.122727969710337916E+03
    0.542810201080069388E+00    0.461395174448181677E+00    0.582927713542987585E+09   -0.122726346826881809E+03
    0.552771973791824522E+00    0.544688044025253504E+00    0.578079320420671105E+09   -0.122715963061866802E+03
    0.529516054253554969E+00    0.504907511906235840E+00    0.589289057154245615E+09   -0.122709256228933157E+03
    0.539667178410258241E+00    0.449926017240031229E+00    0.585203975651606321E+09   -0.122708801320828087E+03
    0.505752462603234143E+00    0.438798183729353752E+00    0.601211334917341471E+09   -0.122701606323387708E+03
    0.513525032320171770E+00    0.443782834891965905E+00    0.595894802918783188E+09   -0.122699692828653269E+03
    0.516946784550325611E+00    0.507814906743726979E+00    0.594693965353584528E+09   -0.122686946516420335E+03
    0.506250840018129145E+00    0.450785691573084790E+00    0.600562355773569822E+09   -0.122686599989634118E+03
    0.540929222081321437E+00    0.438085764653116883E+00    0.581375862402662516E+09   -0.122679077264333898E+03
    0.544715582573808699E+00    0.413565469562755084E+00    0.578632363600730658E+09   -0.122676572003826038E+03
    0.519210745347469915E+00    0.547160017537128951E+00    0.592869627503575683E+09   -0.122669692030036060E+03
    0.560693711846902865E+00    0.422879058847486888E+00    0.572119666024300456E+09   -0.122665087935974583E+03
    0.526137225407852793E+00    0.456628997478514265E+00    0.590448446933766246E+09   -0.122663568272675121E+03
    0.516788613694289189E+00    0.452559774942219661E+00    0.593832628640744686E+09   -0.122663480617518388E+03
    0.515172138848427053E+00    0.447571060487629069E+00    0.594871660523448944E+09   -0.122660423419227129E+03
    0.543106456141404959E+00    0.441425679570095042E+00    0.580138246755202532E+09   -0.122656470369629432E+03
    0.534323503053200866E+00    0.419483783958378709E+00    0.583503066448746920E+09   -0.122654501429433537E+03
    0.534561855473579262E+00    0.415456705913442192E+00    0.585269672457964182E+09   -0.122651857298484742E+03
    0.529375680686698047E+00    0.427293686364373926E+00    0.589532473193184733E+09   -0.122648769959162905E+03
    0.548349138285311399E+00    0.480879595188136832E+00    0.578967828986963272E+09   -0.122177617385637291E+03
    0.548349138285311399E+00    0.480879595188136832E+00    0.578967828986963272E+09   -0.122177617385637291E+03
    0.548676587958126460E+00    0.479051456544938858E+00    0.579017396475857496E+09   -0.122202396629850938E+03
    0.548676587958126460E+00    0.479051456544938858E+00    0.579017396475857496E+09   -0.122202396629850938E+03
    0.552083986364138357E+00    0.481067064399159250E+00    0.578216744502104282E+09   -0.122016748182731391E+03
    0.547169725118718531E+00    0.474151173351955890E+00    0.580544494550467491E+09   -0.122156654337155615E+03
    0.547332910968595709E+00    0.463852548757085259E+00    0.579875089172496319E+09   -0.121922701533001728E+03
    0.547085085670521942E+00    0.467095362107109224E+00    0.579400544922638655E+09   -0.122196382799287562E+03
    0.545000122466301140E+00    0.457595501738046195E+00    0.579021971891407013E+09   -0.122517366950191814E+03
    0.543984029378800304E+00    0.461346489100883161E+00    0.581259350479856253E+09   -0.122196047353263296E+03
    0.550183299060900355E+00    0.495922224785491750E+00    0.579500673180053830E+09   -0.122536877407248909E+03
    0.551118958986659080E+00    0.495030882345329104E+00    0.579459332775093079E+09   -0.122165373794455235E+03
    0.552995120439104704E+00    0.499937107275339798E+00    0.577543960897038817E+09   -0.122441585191957003E+03
    0.545323635004794416E+00    0.443924588805712617E+00    0.580737508110423803E+09   -0.122563078050959859E+03
    0.542155919809755305E+00    0.423511843613550099E+00    0.580884487080064416E+09   -0.122281481711815758E+03
    0.542546026829977546E+00    0.432507948658173547E+00    0.579693996772006750E+09   -0.122618272620906481E+03
    0.541183116891249982E+00    0.450502477503585297E+00    0.580980862927271128E+09   -0.122219520638583873E+03
    0.541183116891249982E+00    0.450502477503585297E+00    0.580980862927271128E+09   -0.122219520638583873E+03
    0.539453803157850298E+00    0.428638977208574801E+00    0.580809457915202618E+09   -0.122482345019505544E+03
    0.542742484505154166E+00    0.426661528316623517E+00    0.580048701273394942E+09   -0.122525115728056051E+03
    0.548495638723038637E+00    0.417976055053534523E+00    0.578020168023902416E+09   -0.122282806923102555E+03
    0.554933642950056316E+00    0.423846429978576467E+00    0.575382318313489199E+09   -0.122025577891845415E+03
    0.543605739606775273E+00    0.443138426679167807E+00    0.582984562482254267E+09   -0.122634052310852042E+03
    0.542371858632166637E+00    0.471971543065453858E+00    0.585123480399197221E+09   -0.121943432032168857E+03
    0.542371858632166637E+00    0.471971543065453858E+00    0.585123480399197221E+09   -0.121943432032168857E+03
    0.538220540960866911E+00    0.475191769215857818E+00    0.585349685569324732E+09   -0.121856588475670577E+03
    0.538944137258133837E+00    0.450210274759793805E+00    0.584711950721461654E+09   -0.122186532423331869E+03
    0.540092840385811290E+00    0.452967216667957473E+00    0.584537447634165525E+09   -0.122053584511909264E+03
    0.536210204278922076E+00    0.457113331412365653E+00    0.584573656658590078E+09   -0.122238571938633214E+03
    0.542192113388771157E+00    0.450069619192149162E+00    0.583349148519126892E+09   -0.122467189670808636E+03
    0.543517853427875952E+00    0.449025296811601748E+00    0.583886423179734945E+09   -0.122304102749824892E+03
    0.544549927755864749E+00    0.454725693646009788E+00    0.582389042362807274E+09   -0.122442159121655848E+03
    0.535529874739962497E+00    0.463427012645052372E+00    0.586376040318981767E+09   -0.122408349565158971E+03
    0.539291473768957585E+00    0.468569691347060058E+00    0.584485414704816461E+09   -0.122176580952712087E+03
    0.539470258898525290E+00    0.462262252133637475E+00    0.582992915848853350E+09   -0.122234754400787637E+03
    0.542343651603178434E+00    0.446125390758773221E+00    0.583300352068232179E+09   -0.122001906501998036E+03
    0.541237888309713200E+00    0.466680677833625879E+00    0.584974330774003506E+09   -0.122604046698891324E+03
    0.540358508464088727E+00    0.468294765783381806E+00    0.582647500091580153E+09   -0.122459158319716778E+03
    0.540132034071546641E+00    0.474324703769823941E+00    0.583628533873545170E+09   -0.122400215592446358E+03
    0.540192318018354212E+00    0.433799650309296680E+00    0.584386228791974545E+09   -0.122376157503297222E+03
    0.538999130077375321E+00    0.437330270288340373E+00    0.584874802597504616E+09   -0.122603003805787154E+03
    0.536109666230261350E+00    0.425036936530634790E+00    0.584308465591899037E+09   -0.122125192162161014E+03
    0.538354861423104070E+00    0.407128811394670720E+00    0.582333911648794532E+09   -0.122337507739140165E+03
    0.537053727949632687E+00    0.430354629261465504E+00    0.584372471124771595E+09   -0.122458255594201205E+03
    0.540787140158656032E+00    0.413553419041164716E+00    0.583213680550639868E+09   -0.121819557754378962E+03
    0.540787140158656032E+00    0.413553419041164716E+00    0.583213680550639868E+09   -0.121819557754378962E+03
    0.537854688454185159E+00    0.430607544540821507E+00    0.583881918911116004E+09   -0.122194592770283336E+03
    0.537854688454185159E+00    0.430607544540821507E+00    0.583881918911116004E+09   -0.122194592770283336E+03
    0.536579275815439627E+00    0.500718034533644385E+00    0.587589941132348418E+09   -0.122387706249541665E+03
    0.539589577164120371E+00    0.480132038595108668E+00    0.587075120355905056E+09   -0.122595021560599747E+03
    0.542882057896745374E+00    0.505053622705698757E+00    0.584136741659294367E+09   -0.122464388270889515E+03
    0.541839805446223899E+00    0.504766429341611200E+00    0.584971457772335768E+09   -0.122498155663978181E+03
    0.542253878514468268E+00    0.511833016172211330E+00    0.584378443158506155E+09   -0.122561656986708471E+03
    0.531855865700107122E+00    0.508298028609912578E+00    0.588197387125625014E+09   -0.122410476652003581E+03
    0.530234911677534226E+00    0.514321316067372081E+00    0.587158235633240938E+09   -0.122429234893069150E+03
    0.532379364549854794E+00    0.503539448473745210E+00    0.588020919101244688E+09   -0.122369027877700177E+03
    0.529476519553253033E+00    0.506571501160845372E+00    0.589307695802717209E+09   -0.122216975138048241E+03
    0.533409498037459184E+00    0.507862747204978149E+00    0.588136757794338465E+09   -0.122355071043254199E+03
    0.531370303042578151E+00    0.473766907229180134E+00    0.588308047784050941E+09   -0.122349357424325461E+03
    0.533518449597048194E+00    0.474110783981092965E+00    0.588782412255630016E+09   -0.122589783349765867E+03
    0.531849239870629709E+00    0.467657476106085213E+00    0.590646631268406391E+09   -0.122215268310591767E+03
    0.529374419070212210E+00    0.464632661888517262E+00    0.588717845649514198E+09   -0.122608794079626108E+03
    0.528615460057265674E+00    0.466620425425155361E+00    0.590696691375615001E+09   -0.122254906217058405E+03
    0.535099065740453850E+00    0.522030448424985138E+00    0.585988591549952149E+09   -0.122364062021167314E+03
    0.534981693232278177E+00    0.540256212341530428E+00    0.585108613068744898E+09   -0.122384174404144957E+03
    0.531985730275874924E+00    0.544217195883167193E+00    0.587266352654861212E+09   -0.122532514124876840E+03
    0.532504377999364342E+00    0.530252639345849985E+00    0.586037098027268648E+09   -0.122397341667485250E+03
    0.558425538247738884E+00    0.508565273825521302E+00    0.574263104186246634E+09   -0.122414070171383898E+03
    0.555059885814888965E+00    0.540246213928384122E+00    0.577650091099260330E+09   -0.121947553270762015E+03
    0.555059885814888965E+00    0.540246213928384122E+00    0.577650091099260330E+09   -0.121947553270762015E+03
    0.529757074428764962E+00    0.422317287982700407E+00    0.590083920981675148E+09   -0.122214950383747208E+03
    0.526636465722903346E+00    0.449731339884497316E+00    0.588659415132099152E+09   -0.122432556824825326E+03
    0.526456146011849202E+00    0.407254638264053170E+00    0.591431062069310308E+09   -0.122234784639222028E+03
    0.525467154356231481E+00    0.403401817476247260E+00    0.591270968794983625E+09   -0.122401048836134564E+03
    0.520658799944618722E+00    0.402534599987898645E+00    0.593047866640656471E+09   -0.122265816195336669E+03
    0.523330976293617023E+00    0.431259549318399493E+00    0.590910094845038176E+09   -0.122524586771873629E+03
    0.538998109420379956E+00    0.451696180633142319E+00    0.587286818152115941E+09   -0.122598211790820756E+03
    0.530019373771507096E+00    0.433367591510219086E+00    0.586484205236667633E+09   -0.122560252444854456E+03
    0.532451890065436806E+00    0.440015345428683702E+00    0.586913614924595833E+09   -0.122119525044897955E+03
    0.532451890065436806E+00    0.440015345428683702E+00    0.586913614924595833E+09   -0.122119525044897955E+03
    0.529876744339356387E+00    0.454048423516457689E+00    0.587542028426685929E+09   -0.122607344261791994E+03
    0.533375827873908803E+00    0.450559775064487411E+00    0.588814055394744873E+09   -0.121886379526100114E+03
    0.533375827873908803E+00    0.450559775064487411E+00    0.588814055394744873E+09   -0.121886379526100114E+03
    0.534109203113844244E+00    0.451963226330551748E+00    0.587525080221613765E+09   -0.122432360893853726E+03
    0.533410187971784522E+00    0.431593003271004250E+00    0.585873419801780224E+09   -0.122352294540461500E+03
    0.533164977829462594E+00    0.432282013684350375E+00    0.584454626894342661E+09   -0.122582094438348108E+03
    0.533387828543472220E+00    0.433396290425910991E+00    0.585324787127891660E+09   -0.122161399212634592E+03
    0.533887899304127389E+00    0.414137443902598434E+00    0.585297722788107872E+09   -0.122640110093158597E+03
    0.529896691439401435E+00    0.417832742235184185E+00    0.586491474451446414E+09   -0.122491022469778002E+03
    0.531631431474624772E+00    0.417363704175548023E+00    0.586134360458245039E+09   -0.122385521495654501E+03
    0.534830064064121369E+00    0.417238246538198965E+00    0.589745159154996872E+09   -0.122640631364162402E+03
    0.533115173912688034E+00    0.410088346359660960E+00    0.588735759147956133E+09   -0.122161295011354468E+03
    0.515808371140121347E+00    0.407436239312852777E+00    0.595721120985317469E+09   -0.122299151820439619E+03
    0.512856145321920143E+00    0.398581158065260510E+00    0.597558172108372211E+09   -0.122594369923006695E+03
    0.512066329168589851E+00    0.398173038967330584E+00    0.597189402329436064E+09   -0.122293929354650174E+03
    0.514942067575245299E+00    0.455558152974028019E+00    0.596720362020547390E+09   -0.122557890275040720E+03
    0.517323652645179100E+00    0.461384528779207770E+00    0.594694906203611374E+09   -0.122422058307960867E+03
