 F
        1799       14955           3         100
   -0.232164351313999646E+03   -0.218295002848023699E+03
 T
   2
    0.200000000000000000E+01    0.300000000000000000E+01    0.900000000000000022E+00    0.100000000000000006E+00
   0
   0
 T T     0           0
    0.000000000000000000E+00   -0.100000000000000002+101    0.000000000000000000E+00
 T F     1          90
    0.382663908697675748E-07   -0.232270807442267653E+03   -0.218296570725404166E+03
 T F     1          10
    0.439593717022812693E-08   -0.234457129538101213E+03   -0.218281044959690462E+03
