

    0.794106347646566200E-02    0.433816186980094415E+03    0.219274195609200084E+00    0.668773064184676969E+00    0.567751445107128620E+10
    0.787166623790287560E-02    0.433811519648233684E+03    0.219326247048142575E+00    0.618542956243658182E+00    0.566268430552103806E+10
    0.780716667655296289E-02    0.433805752713354536E+03    0.234493445628488839E+00    0.670454065135039912E+00    0.545841045745743942E+10
    0.776456842603096258E-02    0.433794472972880044E+03    0.224783424772191376E+00    0.608904830528953056E+00    0.559170235871914005E+10
    0.891852347553385473E-02    0.433517312765633278E+03    0.228376953711535824E+00    0.711399518378222240E+00    0.556516362964691639E+10
    0.137552605655942208E-01    0.432650730897049357E+03    0.227964630828205894E+00    0.713883948790826395E+00    0.556957657462417316E+10
    0.878567133693047668E-02    0.433547329297585179E+03    0.226957178754481348E+00    0.705839030379753041E+00    0.557907137916681290E+10
    0.941439687616658395E-02    0.433409093371775668E+03    0.232604381947069505E+00    0.717067253764112067E+00    0.550948671817582607E+10
    0.842393612008130940E-02    0.433631419188683310E+03    0.222394309044253780E+00    0.691620958618528903E+00    0.563269981738001633E+10
    0.103432454648305187E-01    0.433220906182969202E+03    0.222432730062249340E+00    0.692018365631239973E+00    0.565490622464922523E+10
    0.112857406961457372E-01    0.433046493484969062E+03    0.223460183992658601E+00    0.697407362332764791E+00    0.564138092930183029E+10
    0.106155371044356368E-01    0.433168936187110432E+03    0.227699019752829523E+00    0.639033933687201738E+00    0.558748892303030014E+10
    0.108779502254631906E-01    0.433120097921549359E+03    0.227088814177159481E+00    0.634118656175079565E+00    0.558043095138029480E+10
    0.919578489566752824E-02    0.433456083141013380E+03    0.228943150091295233E+00    0.621325176924386824E+00    0.555761952393527412E+10
    0.938058979412692562E-02    0.433416288294356491E+03    0.228735396443885519E+00    0.635019511156830418E+00    0.553922557299226475E+10
    0.107500257045584757E-01    0.433143757280731563E+03    0.228590772777792328E+00    0.641674015327442504E+00    0.555252139825276184E+10
    0.157380792381465878E-01    0.432381407162257460E+03    0.227170540417067801E+00    0.636494078462344959E+00    0.560030595573135853E+10
    0.120783499875642651E-01    0.432910744386628835E+03    0.224830408056118647E+00    0.645707587750043999E+00    0.560092928006295300E+10
    0.100445414604449050E-01    0.433279514874740926E+03    0.225751603963428360E+00    0.657550612820736902E+00    0.558661712991995811E+10
    0.952000714200852867E-02    0.433386782374088682E+03    0.226176345277432078E+00    0.658243816438623952E+00    0.558852957527299118E+10
    0.149255475519311145E-01    0.432487424881112076E+03    0.227018358490740535E+00    0.655085261372596150E+00    0.559378381392310619E+10
    0.817741193751326742E-02    0.433690822149124642E+03    0.226790946752661038E+00    0.652677206080676697E+00    0.558011679359801960E+10
    0.927827289024750305E-02    0.433438222735091472E+03    0.226128409179907952E+00    0.656200803139068256E+00    0.557914399138133049E+10
    0.887067863891432586E-02    0.433528070966406176E+03    0.226062590366189198E+00    0.664473860247268178E+00    0.558291889483933353E+10
    0.119139349813768228E-01    0.432938156128392393E+03    0.227685535292725671E+00    0.650872247178803320E+00    0.556388932804371452E+10
    0.802512389391913002E-02    0.433728419357333678E+03    0.229864261079342658E+00    0.653773668401964159E+00    0.553212999051836395E+10
    0.159630813107045494E-01    0.432353016296181465E+03    0.231915026227939858E+00    0.657918625544077429E+00    0.552192831560109520E+10
    0.993025916843595299E-02    0.433302400417602939E+03    0.234447862864376133E+00    0.657451517317381828E+00    0.546714193551229668E+10
    0.123645722508993767E-01    0.432863902958443134E+03    0.233884242222917815E+00    0.661922739665495641E+00    0.548717218935564327E+10
    0.211384927277838627E-01    0.431791382215390740E+03    0.232537768402661771E+00    0.647570901907844387E+00    0.549814236730857563E+10
    0.128566440831193018E-01    0.432785852118142088E+03    0.234315375582968777E+00    0.677735820939215472E+00    0.549093043132105255E+10
    0.111256713534378729E-01    0.433075063226900738E+03    0.233211235108534698E+00    0.675136073743443532E+00    0.548986958667378139E+10
    0.890313185547132735E-02    0.433520767354694385E+03    0.234935856945237498E+00    0.692800095287228856E+00    0.546271560783819389E+10
    0.137746257808834937E-01    0.432647917195860828E+03    0.229549831548678751E+00    0.568458151463930861E+00    0.552510038107989788E+10
    0.158331535339524473E-01    0.432369361439001409E+03    0.232241271028644780E+00    0.566023641580141401E+00    0.550950790054196835E+10
    0.154458077550615799E-01    0.432418898324498230E+03    0.232433556686726772E+00    0.557161116445090698E+00    0.550099230866246605E+10
    0.103939952220614799E-01    0.433211117058309071E+03    0.231255887950642447E+00    0.571622944811414513E+00    0.551443291464565849E+10
    0.108702292906642847E-01    0.433121517982500677E+03    0.227624530044806483E+00    0.576153252596149912E+00    0.556251856584885216E+10
    0.157454150681008709E-01    0.432380475139907446E+03    0.221537526310546407E+00    0.555719338181642541E+00    0.563249100930020046E+10
    0.158254670874470038E-01    0.432370332605338490E+03    0.222055956507929420E+00    0.555147371083297259E+00    0.563324857209591198E+10
    0.153714816653879628E-01    0.432428545666647892E+03    0.223061412421038052E+00    0.586518583909835911E+00    0.560466208146612072E+10
    0.146713428205347031E-01    0.432521781325900804E+03    0.223344486385417929E+00    0.593734599953821274E+00    0.559403937800943184E+10
    0.104273030497231290E-01    0.433204718253462488E+03    0.224129664014043606E+00    0.589847207998314360E+00    0.559031564009970474E+10
    0.797833098649450810E-02    0.433740115092067072E+03    0.223976239095099061E+00    0.588837268013410409E+00    0.558992382807258701E+10
    0.138929013261978162E-01    0.432630817544656566E+03    0.224222289083653881E+00    0.591541774719392066E+00    0.561700571481069183E+10
    0.167469901012047631E-01    0.432257136478769780E+03    0.224438780689678208E+00    0.580284637050814567E+00    0.560995858092540932E+10
    0.140860181744546804E-01    0.432603208198972879E+03    0.222506994063856378E+00    0.572706127301801260E+00    0.562354777480112553E+10
    0.898460217222006932E-02    0.433502549087369005E+03    0.224297238516133257E+00    0.575044894077716862E+00    0.560796875541499043E+10
    0.840731830762637272E-02    0.433635368464817475E+03    0.225251386948488619E+00    0.573131619131837411E+00    0.559445688876297665E+10
    0.813228768953215553E-02    0.433701889026909214E+03    0.221671174772506085E+00    0.588688528732181027E+00    0.561681565354327106E+10
    0.850093617628233655E-02    0.433613220980481344E+03    0.221193487752576967E+00    0.577323535508798003E+00    0.561342432473169327E+10
    0.817661012936013454E-02    0.433691018261897511E+03    0.221529681415108037E+00    0.587368210669847457E+00    0.563760873064745808E+10
    0.131663223878834383E-01    0.432738249101833844E+03    0.223739273615229939E+00    0.604461425355824034E+00    0.560116897377422619E+10
    0.800199819695571885E-02    0.433734191001894999E+03    0.225381336538302002E+00    0.599393143092978420E+00    0.558602290705851746E+10
    0.165005018287267373E-01    0.432286791983504088E+03    0.226957248512507426E+00    0.605240803301562380E+00    0.556490623048719597E+10
    0.923807814248798868E-02    0.433446905830551088E+03    0.223417115375348196E+00    0.599116102595090183E+00    0.560375327137118244E+10
    0.929532145678082025E-02    0.433434551163288461E+03    0.225328033801704020E+00    0.606568907406286328E+00    0.557749010043329620E+10
    0.117001684321791852E-01    0.432974367096891001E+03    0.224040302651489498E+00    0.586193714508979724E+00    0.559927164776703262E+10
    0.956787681502153931E-02    0.433376750927234298E+03    0.216772007534987654E+00    0.600347517466136793E+00    0.569264408349037457E+10
    0.894720089172740263E-02    0.433510892104431150E+03    0.213589572580282105E+00    0.614278912968801549E+00    0.571873278533360863E+10
    0.788746188722717727E-02    0.433763024780499904E+03    0.214075161710298612E+00    0.612744568428627900E+00    0.570334443022912884E+10
    0.805875171032406461E-02    0.433720056232367483E+03    0.218836746741292332E+00    0.589573191683161468E+00    0.567945813495074081E+10
    0.897001509147927166E-02    0.433505798855099783E+03    0.216590182544155130E+00    0.589386411824113665E+00    0.568480777520078278E+10
    0.116930899734567183E-01    0.432975577438574192E+03    0.217126920706812554E+00    0.588096528150288123E+00    0.567839033678529263E+10
    0.780761396088086417E-02    0.433783374759310675E+03    0.214388911741764610E+00    0.602076713123533835E+00    0.570091741629432774E+10
    0.782016906963255674E-02    0.433780161223154437E+03    0.213352260324102649E+00    0.595591217215181601E+00    0.571464800574897099E+10
    0.100700446944346645E-01    0.433274443281925699E+03    0.221393089806313059E+00    0.590557953042569750E+00    0.565388030038954926E+10
    0.983501871534190122E-02    0.433321674862573104E+03    0.214950192010988417E+00    0.628463400413570739E+00    0.570808932690325165E+10
    0.910496260172893694E-02    0.433475934360660915E+03    0.213004795190885166E+00    0.625252769263846986E+00    0.572414923767440987E+10
    0.906267069703805758E-02    0.433485245861039402E+03    0.217881489644843829E+00    0.590855308290356263E+00    0.568773626138869095E+10
    0.104130299322915433E-01    0.433207457772005739E+03    0.214361890549068623E+00    0.549254635528699353E+00    0.570674963521278095E+10
    0.938285962104626510E-02    0.433415804411701345E+03    0.214401288577226734E+00    0.553717036219365966E+00    0.571723040423161507E+10
    0.908201317299417096E-02    0.433480981805865667E+03    0.214830672384001831E+00    0.571964881645516954E+00    0.570953398826232052E+10
    0.861434569488521429E-02    0.433586715736965459E+03    0.215900604432129217E+00    0.565468589668387978E+00    0.568198167235141563E+10
    0.111541199411780891E-01    0.433069955709900171E+03    0.215321542886642459E+00    0.571595975909563236E+00    0.571428240955554390E+10
    0.995778934952361305E-02    0.433296863383912125E+03    0.219614276098485273E+00    0.579099842741124249E+00    0.565773703534553337E+10
    0.864051239071496509E-02    0.433580649801039840E+03    0.220310478430764622E+00    0.601769171197393149E+00    0.562534147860574055E+10
    0.108162064521793253E-01    0.433131482358550727E+03    0.218907348656437239E+00    0.612153711532471334E+00    0.565893571953575516E+10
    0.975507574340839755E-02    0.433337998094881016E+03    0.218573030053560102E+00    0.616361052992457914E+00    0.566023139980605030E+10
    0.104821361543519665E-01    0.433194228592828267E+03    0.219995460370821183E+00    0.616670118214825536E+00    0.564443733096436787E+10
    0.106995592861582542E-01    0.433153168467296496E+03    0.220195165406489479E+00    0.617633516651256542E+00    0.565629501128172588E+10
    0.893132986414484423E-02    0.433514442962601322E+03    0.220224121790313310E+00    0.621133260548747401E+00    0.563888919964730549E+10
    0.923711615701732630E-02    0.433447114106676622E+03    0.221004596349748117E+00    0.620073614828736908E+00    0.562220948839177227E+10
    0.808264364446037095E-02    0.433714135566635832E+03    0.222306102296101260E+00    0.623193365818316636E+00    0.560710694092085361E+10
    0.930333908661253907E-02    0.433432826817535783E+03    0.221576553725705283E+00    0.619740330678888895E+00    0.561553991578950977E+10
    0.943517784955227867E-02    0.433404683514872886E+03    0.222563301127681690E+00    0.620707927646066082E+00    0.560845945270175648E+10
    0.857039036248909841E-02    0.433596947009207952E+03    0.221905379893638566E+00    0.616151711132724600E+00    0.560174509001385307E+10
    0.891457586601759194E-02    0.433518198222390993E+03    0.220032546527963113E+00    0.606513693985576197E+00    0.563478393814026070E+10
    0.881452284465735272E-02    0.433540772203209315E+03    0.220550552186084714E+00    0.637913147874813902E+00    0.567787830458846188E+10
    0.133220637847427398E-01    0.432714730388306748E+03    0.218651690165861168E+00    0.642636096649315647E+00    0.565170872664915085E+10
    0.158730239618842181E-01    0.432364331447738323E+03    0.221217599098317008E+00    0.640908700672511600E+00    0.565161709058263016E+10
    0.914755679792301005E-02    0.433466599918093266E+03    0.219593389024471342E+00    0.640626805629946006E+00    0.565727850486678982E+10
    0.917374519001715530E-02    0.433460882331003120E+03    0.218276548254224712E+00    0.646348316998494710E+00    0.566851468337345600E+10
    0.821985641284736848E-02    0.433680468090332454E+03    0.220751408204189981E+00    0.631572010409291451E+00    0.565373064427028942E+10


    0.602934584582554556E-01    0.433762582542239556E+03    0.247265823950484964E+00    0.641637223270310031E+00    0.533428021299642658E+10
    0.672142738483028634E-01    0.433541926281589440E+03    0.249366832555033391E+00    0.623657871085907090E+00    0.531407086514844894E+10
    0.101117189669915300E+00    0.432725137272485995E+03    0.252990733039019922E+00    0.630735095459113992E+00    0.528002358627152252E+10
    0.114702600994119858E+00    0.432473012147701581E+03    0.254854998833983215E+00    0.656741477979821298E+00    0.525848409960107708E+10
    0.747271508588306516E-01    0.433330010565623297E+03    0.251594074064755535E+00    0.608039047943314870E+00    0.529601156270936298E+10
    0.145151251865722003E+00    0.432002144918314229E+03    0.255183408038951010E+00    0.610594739612945858E+00    0.525854490178688335E+10
    0.861813863984193518E-01    0.433044789109852161E+03    0.244374288166311238E+00    0.611885955584089203E+00    0.536462662600695229E+10
    0.854730171735655492E-01    0.433061296073408698E+03    0.253239195186548138E+00    0.643748033118772156E+00    0.527359677015630913E+10
    0.655835387979687157E-01    0.433591048085443845E+03    0.249587034022223597E+00    0.690846125714781323E+00    0.530686920032587528E+10
    0.110295495505072491E+00    0.432551371374751341E+03    0.249482191657754426E+00    0.609284226970597587E+00    0.531604193438174629E+10
    0.892606364298279414E-01    0.432974576369964041E+03    0.256246297087665331E+00    0.637822719800418270E+00    0.524792388866593170E+10
