    0.240766037710926639E+00    0.548807865740059242E+00    0.123818709921710548E+11   -0.139212203231326612E+03
    0.212651545256388796E+00    0.460607550921066533E+00    0.131256116715361061E+11   -0.137443062988274647E+03
    0.177544441898452865E+00    0.526189033113341864E+00    0.141785844118905258E+11   -0.137104866636100553E+03
    0.223310774950275848E+00    0.447292370905888248E+00    0.125282075950796394E+11   -0.136871823995395573E+03
    0.207767625693330737E+00    0.382976135073974433E+00    0.132981938004031296E+11   -0.136659970263997934E+03
    0.182909573602942355E+00    0.495180444304487821E+00    0.140776908343960724E+11   -0.135854118863340659E+03
    0.176581066695545852E+00    0.539998281012586290E+00    0.141176960707266579E+11   -0.135777076132588348E+03
    0.237083711901840410E+00    0.445727722246413549E+00    0.122285335633005829E+11   -0.135744737865463776E+03
    0.197930183091345802E+00    0.540502901473109532E+00    0.133996101967188606E+11   -0.135686964121830243E+03
    0.242482826549760444E+00    0.514309818497537208E+00    0.123202777127288971E+11   -0.135553978077485112E+03
    0.199579302396705738E+00    0.446718370489429972E+00    0.132708332044824295E+11   -0.135527121971592237E+03
    0.214265604210464422E+00    0.490449650320815778E+00    0.127974916477356453E+11   -0.135431886696308027E+03
    0.179521092584646935E+00    0.489174752199852847E+00    0.139815173187600479E+11   -0.135396002553552762E+03
    0.210106859642010368E+00    0.356651183833074370E+00    0.130028236513328934E+11   -0.135334235422202767E+03
    0.201287091927160655E+00    0.510294643213846655E+00    0.133216971482008209E+11   -0.135287380604361658E+03
    0.224907940220116953E+00    0.580573955130116559E+00    0.125418658141219482E+11   -0.135276132155628943E+03
    0.192687756417029565E+00    0.509752785256580410E+00    0.135133802009158401E+11   -0.135194567064257285E+03
    0.183255908373382181E+00    0.441282261579107882E+00    0.138564772257546387E+11   -0.135030767119482590E+03
    0.173659654870657432E+00    0.482676823789123688E+00    0.144229773075036507E+11   -0.134952868999905036E+03
    0.205056939343069677E+00    0.395614797249223216E+00    0.133933729203790474E+11   -0.134946589011418610E+03
    0.242229444293784901E+00    0.496652193915407381E+00    0.121764435240718498E+11   -0.134896280894014126E+03
    0.178174934614375002E+00    0.436433301421498498E+00    0.140496756044162865E+11   -0.134786675489154050E+03
    0.165428236894744257E+00    0.534112088205958457E+00    0.146953949057458649E+11   -0.134730335475128726E+03
    0.194732269625144283E+00    0.475072276568290874E+00    0.134428223926713104E+11   -0.134676923959066244E+03
    0.189949800258938151E+00    0.434085906884561723E+00    0.136594355255245705E+11   -0.134663839167453688E+03
    0.243006963414153287E+00    0.467273014000436859E+00    0.122037530555321159E+11   -0.134519381034443967E+03
    0.194223794114605608E+00    0.478664571426207885E+00    0.135553467765047455E+11   -0.134494359889486105E+03
    0.225107487192914124E+00    0.593496768169526234E+00    0.126373067819093513E+11   -0.134418710569671191E+03
    0.179514157849286482E+00    0.498619679443915942E+00    0.141699006680583229E+11   -0.134415729928710675E+03
    0.200594937080839864E+00    0.502215516289655994E+00    0.133047019365316505E+11   -0.134381076897020904E+03
    0.200248151082526415E+00    0.578347940568587404E+00    0.132558517178198051E+11   -0.134370292915184507E+03
    0.201981552543489262E+00    0.526101852184581276E+00    0.134416113919937363E+11   -0.134344253573795811E+03
    0.192776618760771679E+00    0.379398100953135753E+00    0.136801458892403336E+11   -0.134295685058613401E+03
    0.239057826422495900E+00    0.538992589093197694E+00    0.122140283864039726E+11   -0.134277331715011513E+03
    0.197480132156185206E+00    0.555301042982899062E+00    0.133601901051272812E+11   -0.134264569022612989E+03
    0.201062133493397632E+00    0.515606606753134855E+00    0.133781546408766632E+11   -0.134202750357015873E+03
    0.205977627315235889E+00    0.524074608679661935E+00    0.130879925553117561E+11   -0.134060949812773998E+03
    0.183316092556160493E+00    0.524129370189804433E+00    0.139628046772561646E+11   -0.134060416211818762E+03
    0.189897612603684929E+00    0.516601667102786877E+00    0.136479835490751801E+11   -0.134049270257049557E+03
    0.209418081453657590E+00    0.469845483807491249E+00    0.130398371419068680E+11   -0.134031522019947175E+03
    0.220684039261600573E+00    0.448022452109878344E+00    0.127763016840761070E+11   -0.134029531739558252E+03
    0.196507725906592712E+00    0.408901479570785042E+00    0.135090803867840996E+11   -0.133994093837211466E+03
    0.192077472342573830E+00    0.515290324800384170E+00    0.135827960643945007E+11   -0.133961226436424198E+03
    0.212643002370349943E+00    0.499370056417415498E+00    0.130192577266050301E+11   -0.133945314949031484E+03
    0.198363858522904724E+00    0.540526612468392287E+00    0.133675055927097206E+11   -0.133932983365459336E+03
    0.208612772082190534E+00    0.459787674360292442E+00    0.130795639714113579E+11   -0.133917224625355260E+03
    0.211282338925811608E+00    0.456346227594421450E+00    0.130469262101868858E+11   -0.133802152059868774E+03
    0.192398399720890179E+00    0.411653384847205928E+00    0.136715610303241463E+11   -0.133722628983039726E+03
    0.209221099867569871E+00    0.531474105788667828E+00    0.130166086502264290E+11   -0.133682212566277428E+03
    0.196514888362930740E+00    0.442815135934262472E+00    0.135926374914151649E+11   -0.133659949410825135E+03
    0.189670904061185752E+00    0.533285158143463889E+00    0.137536400827698174E+11   -0.133646928512603694E+03
    0.206114591655969848E+00    0.381763625476320811E+00    0.131238718776311264E+11   -0.133603939855762036E+03
    0.190921372713941329E+00    0.469563533514401499E+00    0.137376392346892281E+11   -0.133525527649839091E+03
    0.244344520380000929E+00    0.457653972693352173E+00    0.121984765680801468E+11   -0.133511021547087836E+03
    0.238578031091070841E+00    0.448349581486437998E+00    0.122769741613792152E+11   -0.133418205737512665E+03
    0.242210672816260408E+00    0.565297769275677098E+00    0.121798195173469467E+11   -0.133411606101350259E+03
    0.188874208905462471E+00    0.539428418375971219E+00    0.137745672329534912E+11   -0.133401109926881531E+03
    0.205625117633863486E+00    0.433207950887769755E+00    0.131139866557697372E+11   -0.133393108185647719E+03
    0.243896318990737493E+00    0.487194676627417778E+00    0.122399478542559738E+11   -0.133379902087604364E+03
    0.213405805693887451E+00    0.505100937804170869E+00    0.129352882679723434E+11   -0.133340265444129898E+03
    0.243126358135806353E+00    0.513293136607114064E+00    0.122522457816166077E+11   -0.133312387515755688E+03
    0.208870355449023271E+00    0.581704742926255847E+00    0.131505184591841583E+11   -0.133288428048773767E+03
    0.198955406359479892E+00    0.533278444940421537E+00    0.133715368570194130E+11   -0.133261513461505814E+03
    0.222569656106211322E+00    0.446306796512862647E+00    0.127343394589726448E+11   -0.133258336154545304E+03
    0.222569656106211322E+00    0.446306796512862647E+00    0.127343394589726448E+11   -0.133258336154545304E+03
    0.185772428094405417E+00    0.510141578761224679E+00    0.138999729771812782E+11   -0.133191958268343058E+03
    0.192873672450896871E+00    0.515669594374370988E+00    0.135493692180253983E+11   -0.133184987123743610E+03
    0.211345882869617807E+00    0.533102902172936766E+00    0.130789805808578644E+11   -0.133182203461210293E+03
    0.228207693475139972E+00    0.523353714638037815E+00    0.125921923175676575E+11   -0.133178080144651346E+03
    0.213984202334412288E+00    0.454104002027278852E+00    0.129863942074956017E+11   -0.133177577276683564E+03
    0.205981658533446632E+00    0.522556485578821395E+00    0.131057172574886055E+11   -0.133152810200421612E+03
    0.181457247625128104E+00    0.508524843582115693E+00    0.140980770239274406E+11   -0.133142704028330741E+03
    0.228777479535991479E+00    0.596098458243819351E+00    0.126429066732554016E+11   -0.133138478878991208E+03
    0.207321153467691477E+00    0.506121624735790476E+00    0.132585878708723564E+11   -0.133113904148486313E+03
    0.207321153467691477E+00    0.506121624735790476E+00    0.132585878708723564E+11   -0.133113904148486313E+03
    0.211704018312987907E+00    0.482369170540106751E+00    0.130325390560860939E+11   -0.133099391974038952E+03
    0.240730406595512980E+00    0.506433077494639505E+00    0.122014310876417542E+11   -0.133098917051809565E+03
    0.240730406595512980E+00    0.506433077494639505E+00    0.122014310876417542E+11   -0.133098917051809565E+03
    0.179335475838987957E+00    0.526661826083955731E+00    0.141329742423908195E+11   -0.133097637696332839E+03
    0.200993344845819821E+00    0.552583688329661982E+00    0.132648865581488914E+11   -0.133078695100386852E+03
    0.188555628428826616E+00    0.389524300486566943E+00    0.137350894754948502E+11   -0.133071786631761654E+03
    0.202713367880115403E+00    0.479220533896693723E+00    0.132672764057502060E+11   -0.133061144747809522E+03
    0.184833031444187224E+00    0.486820395177169019E+00    0.139431244460190468E+11   -0.133041797186819338E+03
    0.211718893909439654E+00    0.537542908800794805E+00    0.129963059593405991E+11   -0.133039364187817910E+03
    0.218636210967380729E+00    0.466741094288199321E+00    0.127998885167557144E+11   -0.133022416881546519E+03
    0.218636210967380729E+00    0.466741094288199321E+00    0.127998885167557144E+11   -0.133022416881546519E+03
    0.191021737148625415E+00    0.419443783767105671E+00    0.137107566813489876E+11   -0.133002411221266868E+03
    0.211760450122548960E+00    0.489319875796429216E+00    0.130318824563366127E+11   -0.132981798102790293E+03
    0.213610249846626354E+00    0.432780625010115827E+00    0.129974923364596901E+11   -0.132962743633416636E+03
    0.180868476040088433E+00    0.539263570471495868E+00    0.140964897607092438E+11   -0.132959806696686854E+03
    0.198587970848232653E+00    0.526525631310434505E+00    0.134007195825546799E+11   -0.132948803148087080E+03
    0.211738647897470766E+00    0.512691936332723586E+00    0.131934809173917618E+11   -0.132930943514159537E+03
    0.198764384265908922E+00    0.548018618556483261E+00    0.133788832579719658E+11   -0.132901897348381397E+03
    0.228576535993189556E+00    0.590436811923705562E+00    0.124842089187217140E+11   -0.132898778928315267E+03
    0.191655708452474594E+00    0.516185936755700681E+00    0.136664076206665878E+11   -0.132880576801642235E+03
    0.198309138498160564E+00    0.527408678435456579E+00    0.134359144685614510E+11   -0.132869196689799963E+03
    0.206131840421184986E+00    0.479924935828016430E+00    0.131797401394493980E+11   -0.132850526225463994E+03
    0.221425648885885840E+00    0.480480298009165807E+00    0.127870689886487579E+11   -0.132843068873960164E+03
    0.221425648885885840E+00    0.480480298009165807E+00    0.127870689886487579E+11   -0.132843068873960164E+03
    0.224388022291449218E+00    0.465010639958840954E+00    0.126442555798910980E+11   -0.132840096384758141E+03
    0.224388022291449218E+00    0.465010639958840954E+00    0.126442555798910980E+11   -0.132840096384758141E+03
    0.207340525667678688E+00    0.552298736896734255E+00    0.131869412389436760E+11   -0.132784820693322075E+03
    0.197081033591685995E+00    0.511968803403830108E+00    0.135185863725414314E+11   -0.132771875714116078E+03
    0.181526053678297050E+00    0.546338966129946257E+00    0.140481306108506088E+11   -0.132749587347333431E+03
    0.205356364511352363E+00    0.475845456433397374E+00    0.131478750363591003E+11   -0.132737289472507968E+03
    0.202342438082611931E+00    0.478222870454018789E+00    0.132748539175773544E+11   -0.132726311474472027E+03
    0.196252314961576801E+00    0.430400174552547199E+00    0.135612183753104362E+11   -0.132723141834057344E+03
    0.198291226266668730E+00    0.526851983140090852E+00    0.134694288566862793E+11   -0.132710357751934708E+03
    0.190993167986439616E+00    0.542969003016311902E+00    0.136384841008468399E+11   -0.132690642592038216E+03
    0.190993167986439616E+00    0.542969003016311902E+00    0.136384841008468399E+11   -0.132690642592038216E+03
    0.211772607788822009E+00    0.473184364802301971E+00    0.130112019729804268E+11   -0.132686514369526606E+03
    0.195320081868254947E+00    0.488476166687144442E+00    0.134927070962369652E+11   -0.132684293300830660E+03
    0.201107867147613306E+00    0.461440344700982052E+00    0.132854363359414940E+11   -0.132665628025480402E+03
    0.206995647079084744E+00    0.566524366193156936E+00    0.131812039269707375E+11   -0.132656893381109484E+03
    0.206995647079084744E+00    0.566524366193156936E+00    0.131812039269707375E+11   -0.132656893381109484E+03
    0.208533179117079914E+00    0.517983085536039667E+00    0.132408047718770599E+11   -0.132654679229111849E+03
    0.182220239831015207E+00    0.534098408557664328E+00    0.140350639705802879E+11   -0.132632622311612238E+03
    0.207246766916913905E+00    0.492059723429264295E+00    0.131851973591831703E+11   -0.132631742861368934E+03
    0.213336786073046680E+00    0.492405057073689534E+00    0.129740218798148575E+11   -0.132622149417706396E+03
    0.232490440371865170E+00    0.560683153546188251E+00    0.125406159417658615E+11   -0.132618625253506394E+03
    0.195924418945941536E+00    0.481320862422434104E+00    0.134785667853571167E+11   -0.132609182039299753E+03
    0.224996544810778298E+00    0.487605539791031717E+00    0.126816444545079727E+11   -0.132605652813799765E+03
    0.224996544810778298E+00    0.487605539791031717E+00    0.126816444545079727E+11   -0.132605652813799765E+03
    0.187147071047913061E+00    0.558527279068519178E+00    0.138009678362507515E+11   -0.132597490966969815E+03
    0.187147071047913061E+00    0.558527279068519178E+00    0.138009678362507515E+11   -0.132597490966969815E+03
    0.204754713808443900E+00    0.508344122047446945E+00    0.131943932955674973E+11   -0.132591046274164455E+03
    0.200588000989554149E+00    0.455105421296035928E+00    0.133343419806185684E+11   -0.132550958210170648E+03
    0.206539266776180119E+00    0.529703302914597884E+00    0.132424867543365402E+11   -0.132537668484093643E+03
    0.206539266776180119E+00    0.529703302914597884E+00    0.132424867543365402E+11   -0.132537668484093643E+03
    0.202387891563363898E+00    0.441555074805295433E+00    0.132514472725868683E+11   -0.132537081189949816E+03
    0.191909109035793446E+00    0.549005371723726654E+00    0.136356533905477943E+11   -0.132529618127488277E+03
    0.208488563027276141E+00    0.500498048113279026E+00    0.130396571867504234E+11   -0.132524435986706351E+03
    0.202893010690824716E+00    0.495355500472934196E+00    0.132466821878651505E+11   -0.132524339421564122E+03
    0.201898444979801972E+00    0.590374419498754577E+00    0.133552190904411888E+11   -0.132519769569370084E+03
    0.212045262823811864E+00    0.464891049644535315E+00    0.130195967921564598E+11   -0.132518083784938682E+03
    0.212045262823811864E+00    0.464891049644535315E+00    0.130195967921564598E+11   -0.132518083784938682E+03
    0.216718967552134878E+00    0.546491833451671738E+00    0.129067107031441956E+11   -0.132514264495454768E+03
    0.212380523905739305E+00    0.420665629078065706E+00    0.129912795219472694E+11   -0.132495884025646376E+03
    0.192945785883715026E+00    0.543510700296716109E+00    0.136026405002622795E+11   -0.132494832344047694E+03
    0.216341938412513812E+00    0.443942528424496885E+00    0.128803054384416351E+11   -0.132480443044787989E+03
    0.200070359256571462E+00    0.484840114178194170E+00    0.133668197600510216E+11   -0.132480218149760276E+03
    0.233524463761680789E+00    0.563281474503622093E+00    0.124710653006982651E+11   -0.132466955360831037E+03
    0.219217058655004182E+00    0.568567042591396898E+00    0.127598744738637352E+11   -0.132434370902772685E+03
    0.224504225164446292E+00    0.454687391979831546E+00    0.126016192822769508E+11   -0.132413060444854722E+03
    0.222482138509912775E+00    0.499501123550205151E+00    0.127276406724210129E+11   -0.132391758348800408E+03
    0.248803652110629936E+00    0.517341314518564133E+00    0.121234547664562759E+11   -0.132382077371678605E+03
    0.248803652110629936E+00    0.517341314518564133E+00    0.121234547664562759E+11   -0.132382077371678605E+03
    0.214450138899306142E+00    0.550239112758426074E+00    0.129253510466005135E+11   -0.132379070041340839E+03
    0.208616861031802159E+00    0.525947309199088053E+00    0.132393763679646301E+11   -0.132368743596315397E+03
    0.205174393915507070E+00    0.439139202796985373E+00    0.131625764371779709E+11   -0.132356812588932087E+03
    0.220764608090281200E+00    0.495796869126838402E+00    0.128244329062883835E+11   -0.132353540412846087E+03
    0.205377924699377545E+00    0.555266977258588312E+00    0.132152693715324287E+11   -0.132307964416494514E+03
    0.193415822843407526E+00    0.440960496729097429E+00    0.137620059391366615E+11   -0.132305972798297603E+03
    0.238093596234143556E+00    0.525008755183058895E+00    0.122678875591376495E+11   -0.132302782437333008E+03
    0.197574480989678003E+00    0.506929869257017884E+00    0.134442954250307045E+11   -0.132276476551984729E+03
    0.197574480989678003E+00    0.506929869257017884E+00    0.134442954250307045E+11   -0.132276476551984729E+03
    0.198872206008012420E+00    0.449662760310772569E+00    0.134500136800544853E+11   -0.132231836716287603E+03
    0.203168919930891312E+00    0.582307425663701750E+00    0.133528001881405869E+11   -0.132225676986682458E+03
    0.208975211169694697E+00    0.466961249666361766E+00    0.130583203887365761E+11   -0.132217273847980636E+03
    0.208975211169694697E+00    0.466961249666361766E+00    0.130583203887365761E+11   -0.132217273847980636E+03
    0.194987774787548140E+00    0.514118776379344666E+00    0.135123336878771820E+11   -0.132179207018993736E+03
    0.194987774787548140E+00    0.514118776379344666E+00    0.135123336878771820E+11   -0.132179207018993736E+03
    0.241119053389972193E+00    0.474673687564928670E+00    0.122188948142649460E+11   -0.132168952853404363E+03
    0.223645924852703293E+00    0.471152431589116460E+00    0.126162405188517838E+11   -0.132154071654716233E+03
    0.223645924852703293E+00    0.471152431589116460E+00    0.126162405188517838E+11   -0.132154071654716233E+03
    0.196699260828223477E+00    0.453017667376601096E+00    0.134391442530195236E+11   -0.132149538958281397E+03
    0.196699260828223477E+00    0.453017667376601096E+00    0.134391442530195236E+11   -0.132149538958281397E+03
    0.234589035201895724E+00    0.452696541319152601E+00    0.123426243819193115E+11   -0.132148196985458640E+03
    0.223074389174347076E+00    0.476316552227604717E+00    0.126713441551314392E+11   -0.132145544713840764E+03
    0.209466583322478639E+00    0.504524920517464892E+00    0.130404493492287102E+11   -0.132131959762571114E+03
    0.200995791877018937E+00    0.433659523919571299E+00    0.133608007236439056E+11   -0.132127286311018878E+03
    0.205586512710325076E+00    0.463145499806261185E+00    0.131682340867658348E+11   -0.132114478227810650E+03
    0.199531175316781051E+00    0.482711116380851735E+00    0.133493481045506630E+11   -0.132108521305753357E+03
    0.206276783582956869E+00    0.437676675640471302E+00    0.131848202557649193E+11   -0.132093493038099780E+03
    0.206276783582956869E+00    0.437676675640471302E+00    0.131848202557649193E+11   -0.132093493038099780E+03
    0.206955792359422297E+00    0.514573268088220459E+00    0.132238400296984787E+11   -0.132084010601297791E+03
    0.198655706473354787E+00    0.455667315444976850E+00    0.133794587034304276E+11   -0.132082496231889991E+03
    0.198037573783584886E+00    0.545772648039655195E+00    0.134258953721213112E+11   -0.132065910761776195E+03
    0.198037573783584886E+00    0.545772648039655195E+00    0.134258953721213112E+11   -0.132065910761776195E+03
    0.222648423669204565E+00    0.480395491676862463E+00    0.126588115506384697E+11   -0.132060251446472279E+03
    0.208129928691986099E+00    0.571352193612389314E+00    0.131711892086622772E+11   -0.132056030202769222E+03
    0.202287437371668322E+00    0.541090021406375854E+00    0.133556869864964333E+11   -0.132055752656599310E+03
    0.209643614637063436E+00    0.466788791279160620E+00    0.130760793413352356E+11   -0.132043166793567650E+03
    0.238922259778562518E+00    0.457758107231182265E+00    0.122776073673373222E+11   -0.132039018497635823E+03
    0.194193485258131571E+00    0.457211127348768898E+00    0.135448093204501190E+11   -0.132037071082309296E+03
    0.194193485258131571E+00    0.457211127348768898E+00    0.135448093204501190E+11   -0.132037071082309296E+03
    0.202157134306002850E+00    0.507721941852876668E+00    0.133933254995308800E+11   -0.132016489912244197E+03
    0.241930154400445629E+00    0.526352064342637149E+00    0.122154624006191330E+11   -0.132010094618620286E+03
    0.191175970946609486E+00    0.418109560286652027E+00    0.137051105850086937E+11   -0.132000248171882731E+03
    0.218285998756816313E+00    0.555519342937259353E+00    0.128307332051454697E+11   -0.131990491267032951E+03
    0.232451304381180279E+00    0.487659641856057036E+00    0.124635510035945053E+11   -0.131980553298199851E+03
    0.204087706750536557E+00    0.455488361934646591E+00    0.132151068085982208E+11   -0.131968655988694451E+03
    0.204087706750536557E+00    0.455488361934646591E+00    0.132151068085982208E+11   -0.131968655988694451E+03
    0.209441597108484090E+00    0.528604923122223624E+00    0.130423804572506599E+11   -0.131964349992843154E+03
    0.208809454354437263E+00    0.510977002979020156E+00    0.131910266902542191E+11   -0.131962490092724011E+03
    0.198952577766230709E+00    0.434229241444267444E+00    0.133944931140803719E+11   -0.131959751566531679E+03
    0.210511506128029602E+00    0.540107087430669708E+00    0.130951353649556465E+11   -0.131952396514751911E+03
    0.215989785227054587E+00    0.551963450441226300E+00    0.129039218487643890E+11   -0.131951812732153115E+03
    0.215989785227054587E+00    0.551963450441226300E+00    0.129039218487643890E+11   -0.131951812732153115E+03
    0.220100573138855560E+00    0.481444223455291365E+00    0.127537161710709496E+11   -0.131951432991951975E+03
    0.211736064890758025E+00    0.426845146504909678E+00    0.130309219377747650E+11   -0.131932879132214822E+03
    0.196780161045276625E+00    0.535109623001705614E+00    0.134793204780058823E+11   -0.131909494240336301E+03
    0.196780161045276625E+00    0.535109623001705614E+00    0.134793204780058823E+11   -0.131909494240336301E+03
    0.219318576456415781E+00    0.488200956923346752E+00    0.127792124729503899E+11   -0.131888163681892138E+03
    0.199216728460387849E+00    0.446313320469169383E+00    0.134182967591975632E+11   -0.131864026996945711E+03
    0.219311254756874685E+00    0.585308861540401182E+00    0.129207931813519707E+11   -0.131858382554891449E+03
    0.219311254756874685E+00    0.585308861540401182E+00    0.129207931813519707E+11   -0.131858382554891449E+03
    0.218898230103783176E+00    0.566501895000751432E+00    0.128763988607909088E+11   -0.131855044768749849E+03
    0.218898230103783176E+00    0.566501895000751432E+00    0.128763988607909088E+11   -0.131855044768749849E+03
    0.203160052473493558E+00    0.549639261029803095E+00    0.133523892346558037E+11   -0.131824275660699101E+03
    0.203160052473493558E+00    0.549639261029803095E+00    0.133523892346558037E+11   -0.131824275660699101E+03
    0.213058422177572482E+00    0.400465593013448640E+00    0.129566122733036766E+11   -0.131824195947890672E+03
    0.210084202073854587E+00    0.421137967596349583E+00    0.130668076560124779E+11   -0.131807617753976956E+03
    0.210084202073854587E+00    0.421137967596349583E+00    0.130668076560124779E+11   -0.131807617753976956E+03
    0.213195728536575591E+00    0.508579830980014691E+00    0.130256891353413963E+11   -0.131802025114813688E+03
    0.201276866384924591E+00    0.435806090640502575E+00    0.133137888778484879E+11   -0.131794430308087669E+03
    0.201276866384924591E+00    0.435806090640502575E+00    0.133137888778484879E+11   -0.131794430308087669E+03
    0.242966944606417323E+00    0.496595180390633217E+00    0.122769888567070961E+11   -0.131787064830259709E+03
    0.209360722618839090E+00    0.514553776253452000E+00    0.131240146839115677E+11   -0.131786850662056679E+03
    0.209360722618839090E+00    0.514553776253452000E+00    0.131240146839115677E+11   -0.131786850662056679E+03
    0.194244808914311562E+00    0.448029778858273886E+00    0.135563163374159203E+11   -0.131785049339087550E+03
    0.194244808914311562E+00    0.448029778858273886E+00    0.135563163374159203E+11   -0.131785049339087550E+03
    0.232624151918360167E+00    0.513442456369226363E+00    0.124444291375333939E+11   -0.131784727289985710E+03
    0.208084865151272946E+00    0.473557700599991804E+00    0.130926096137346764E+11   -0.131781384019393613E+03
    0.208084865151272946E+00    0.473557700599991804E+00    0.130926096137346764E+11   -0.131781384019393613E+03
    0.199927659979562633E+00    0.450606133393659292E+00    0.134095107576144371E+11   -0.131753634968238970E+03
    0.193442490355186403E+00    0.439954353724408165E+00    0.136225396997502518E+11   -0.131730686180721364E+03
    0.193442490355186403E+00    0.439954353724408165E+00    0.136225396997502518E+11   -0.131730686180721364E+03
    0.200917559178698857E+00    0.581821384678777420E+00    0.133454987915507355E+11   -0.131722562493131647E+03
    0.240356653184951974E+00    0.540685224694277267E+00    0.122554342611847076E+11   -0.131710863587754375E+03
    0.243632112321175764E+00    0.533504628946136705E+00    0.121900734673908882E+11   -0.131698414061030746E+03
    0.208353008850797550E+00    0.558666531207251182E+00    0.131898935151593895E+11   -0.131693304889631975E+03
    0.199983426029336109E+00    0.472002991554528961E+00    0.133550182506224136E+11   -0.131683497106486129E+03
    0.199983426029336109E+00    0.472002991554528961E+00    0.133550182506224136E+11   -0.131683497106486129E+03
    0.232517621475157199E+00    0.480811400857927396E+00    0.124452819000060425E+11   -0.131678349915429635E+03
    0.232517621475157199E+00    0.480811400857927396E+00    0.124452819000060425E+11   -0.131678349915429635E+03
    0.195883427132984733E+00    0.461400396286848036E+00    0.135202339655216026E+11   -0.131677923414002407E+03
    0.195883427132984733E+00    0.461400396286848036E+00    0.135202339655216026E+11   -0.131677923414002407E+03
    0.242430536413697106E+00    0.483033104181187056E+00    0.122343817913936882E+11   -0.131668248640785976E+03
    0.197802097067970195E+00    0.399833672887728753E+00    0.134652074080934334E+11   -0.131659185454036731E+03
    0.203104132231521683E+00    0.562223991213688379E+00    0.132607880386504593E+11   -0.131653432388307778E+03
    0.203104132231521683E+00    0.562223991213688379E+00    0.132607880386504593E+11   -0.131653432388307778E+03
    0.200931358820531647E+00    0.452517349471522223E+00    0.133213817241892548E+11   -0.131649289154663904E+03
    0.207808154474063866E+00    0.518124318717205767E+00    0.132436322604832230E+11   -0.131648782962593657E+03
    0.207808154474063866E+00    0.518124318717205767E+00    0.132436322604832230E+11   -0.131648782962593657E+03
    0.230822187711530069E+00    0.571124510892509818E+00    0.125624201689692917E+11   -0.131629542851447468E+03
    0.210646249249065109E+00    0.428755861855208309E+00    0.130679623152584496E+11   -0.131624142859938758E+03
    0.224314959832921268E+00    0.468262470960723931E+00    0.126357177206005478E+11   -0.131613892054935775E+03
    0.212234212552891932E+00    0.356991223139244696E+00    0.129603139356961517E+11   -0.131606404002711770E+03
    0.203604054648220067E+00    0.382921961880754225E+00    0.132703708328591118E+11   -0.131604353885588040E+03
    0.203604054648220067E+00    0.382921961880754225E+00    0.132703708328591118E+11   -0.131604353885588040E+03
    0.205425086348620223E+00    0.538943200417383750E+00    0.132299828493756638E+11   -0.131603205057621949E+03
    0.198057983486618239E+00    0.512311140914631480E+00    0.134242025147597580E+11   -0.131590622114214710E+03
    0.238304706531231258E+00    0.469564062601413923E+00    0.123130704780458870E+11   -0.131584126817277678E+03
    0.200823021396395018E+00    0.439232627849241553E+00    0.133623780382789383E+11   -0.131575122951374311E+03
    0.219464242095735951E+00    0.472594171371856220E+00    0.128049696921671829E+11   -0.131568657319435772E+03
    0.219464242095735951E+00    0.472594171371856220E+00    0.128049696921671829E+11   -0.131568657319435772E+03
    0.211199059288057878E+00    0.502234651022678946E+00    0.129947972340990105E+11   -0.131551319716240471E+03
    0.208711472550786759E+00    0.536419093477144671E+00    0.131052126905592461E+11   -0.131536918825986845E+03
    0.214854665949232915E+00    0.562571834214631750E+00    0.129105060834138412E+11   -0.131501152029027310E+03
    0.207950398294760808E+00    0.509430325374404802E+00    0.132069469325806694E+11   -0.131468576709386440E+03
    0.207950398294760808E+00    0.509430325374404802E+00    0.132069469325806694E+11   -0.131468576709386440E+03
    0.208036025219630327E+00    0.516826185944408323E+00    0.132055733931714211E+11   -0.131461681258670069E+03
    0.208036025219630327E+00    0.516826185944408323E+00    0.132055733931714211E+11   -0.131461681258670069E+03
    0.202301654693414601E+00    0.549933661078117808E+00    0.133458161157097588E+11   -0.131454016585735900E+03
    0.202301654693414601E+00    0.549933661078117808E+00    0.133458161157097588E+11   -0.131454016585735900E+03
    0.209997666708690189E+00    0.466137573089325130E+00    0.130872562588894196E+11   -0.131450669233306598E+03
    0.209997666708690189E+00    0.466137573089325130E+00    0.130872562588894196E+11   -0.131450669233306598E+03
    0.208389354362589596E+00    0.524384788082665310E+00    0.131631958781064758E+11   -0.131442879766407174E+03
    0.221926683726034968E+00    0.462374931679088164E+00    0.127229006436106071E+11   -0.131421716132090978E+03
    0.227485200895402029E+00    0.581589873341423313E+00    0.127013384760175247E+11   -0.131420621932072947E+03
    0.242868549019851276E+00    0.485182269999249627E+00    0.122522069544229279E+11   -0.131418979640433662E+03
    0.242868549019851276E+00    0.485182269999249627E+00    0.122522069544229279E+11   -0.131418979640433662E+03
    0.208708378655069637E+00    0.515139789012863503E+00    0.131466122881933975E+11   -0.131416564938901388E+03
    0.203805527540480425E+00    0.498756500363819910E+00    0.132817116471102715E+11   -0.131411550299090379E+03
    0.228538914083485312E+00    0.491855302804779626E+00    0.125646500345268021E+11   -0.131400286983637358E+03
    0.201333888661216431E+00    0.388317123509276385E+00    0.133644344437680931E+11   -0.131397031042475049E+03
    0.202220935595400608E+00    0.432695191988777594E+00    0.133470909364819260E+11   -0.131361030451356271E+03
    0.202220935595400608E+00    0.432695191988777594E+00    0.133470909364819260E+11   -0.131361030451356271E+03
    0.216236341149148081E+00    0.555320944140158090E+00    0.128594373639002571E+11   -0.131337309387067791E+03
    0.208902924838281101E+00    0.563835940016655712E+00    0.132103086593521271E+11   -0.131331535867906894E+03
    0.205228989960545782E+00    0.522409197231638700E+00    0.132545608847298889E+11   -0.131315919964713203E+03
    0.205228989960545782E+00    0.522409197231638700E+00    0.132545608847298889E+11   -0.131315919964713203E+03
    0.204758129946898904E+00    0.517392231193261054E+00    0.133339932343386803E+11   -0.131314841382324630E+03
    0.207287720349133564E+00    0.462813042976954137E+00    0.131373152307079391E+11   -0.131287227683358736E+03
    0.207613670633778391E+00    0.512874219906899853E+00    0.131929242318180275E+11   -0.131276333201717279E+03
    0.207613670633778391E+00    0.512874219906899853E+00    0.131929242318180275E+11   -0.131276333201717279E+03
    0.205354053552032123E+00    0.500907964983667853E+00    0.132199202364325523E+11   -0.131270015967882898E+03
    0.206215965565191062E+00    0.534527597206036376E+00    0.132689498477695923E+11   -0.131262650344515691E+03
    0.198919015619037243E+00    0.448820071130747067E+00    0.135422462442889099E+11   -0.131230482380477042E+03
    0.200853221749544841E+00    0.441762629031270393E+00    0.133720792456186333E+11   -0.131227571165056503E+03
    0.209103639349542847E+00    0.568592761697539473E+00    0.131674589450281296E+11   -0.131206688634856050E+03
    0.209103639349542847E+00    0.568592761697539473E+00    0.131674589450281296E+11   -0.131206688634856050E+03
    0.213445854787995604E+00    0.461017425242435053E+00    0.129675996016026115E+11   -0.131198404499277103E+03
    0.213445854787995604E+00    0.461017425242435053E+00    0.129675996016026115E+11   -0.131198404499277103E+03
    0.204937285165390948E+00    0.558380926865497784E+00    0.132545678764281387E+11   -0.131163183004219263E+03
    0.212174332487831685E+00    0.532366503782009559E+00    0.131051712674248619E+11   -0.131163115295147946E+03
    0.210313115225959024E+00    0.494422094669831225E+00    0.131074036286827698E+11   -0.131141973849895464E+03
    0.210313115225959024E+00    0.494422094669831225E+00    0.131074036286827698E+11   -0.131141973849895464E+03
    0.207842410252877530E+00    0.507693893873783608E+00    0.131337753752357368E+11   -0.131137965656016235E+03
    0.207842410252877530E+00    0.507693893873783608E+00    0.131337753752357368E+11   -0.131137965656016235E+03
    0.227786631607064527E+00    0.484279110806919988E+00    0.126082090208458977E+11   -0.131130243780102717E+03
    0.223168227126860574E+00    0.593957374499785473E+00    0.127839099730961304E+11   -0.131130098641101142E+03
    0.221117460977808045E+00    0.483960865781195793E+00    0.127708957345293427E+11   -0.131124354997694127E+03
    0.221117460977808045E+00    0.483960865781195793E+00    0.127708957345293427E+11   -0.131124354997694127E+03
    0.209454676159414932E+00    0.543368084326861123E+00    0.131277294433384552E+11   -0.131121069383306633E+03
    0.210604434741750945E+00    0.501912733245106324E+00    0.131103333887936325E+11   -0.131118278830030675E+03
    0.210604434741750945E+00    0.501912733245106324E+00    0.131103333887936325E+11   -0.131118278830030675E+03
    0.203822912505517595E+00    0.485905864007227350E+00    0.133154166725278625E+11   -0.131072197825750720E+03
    0.203822912505517595E+00    0.485905864007227350E+00    0.133154166725278625E+11   -0.131072197825750720E+03
    0.211149885205826893E+00    0.489826636838682106E+00    0.130640902078103561E+11   -0.131055578117375546E+03
    0.211149885205826893E+00    0.489826636838682106E+00    0.130640902078103561E+11   -0.131055578117375546E+03
    0.232648385421971471E+00    0.507226883540536022E+00    0.124305414377621117E+11   -0.131053315525434954E+03
    0.232648385421971471E+00    0.507226883540536022E+00    0.124305414377621117E+11   -0.131053315525434954E+03
    0.204255468787167604E+00    0.551927273549633668E+00    0.132745316286333427E+11   -0.131047082005361233E+03
    0.204255468787167604E+00    0.551927273549633668E+00    0.132745316286333427E+11   -0.131047082005361233E+03
    0.209927954304159170E+00    0.489229373321148131E+00    0.130921413789528160E+11   -0.131038232956020408E+03
    0.212089212291755425E+00    0.521620407177643131E+00    0.130142018584876099E+11   -0.131029812608616254E+03
    0.212089212291755425E+00    0.521620407177643131E+00    0.130142018584876099E+11   -0.131029812608616254E+03
    0.222346404202976300E+00    0.473867555370674154E+00    0.127144900772710609E+11   -0.131025464456071006E+03
    0.225363608200250087E+00    0.500314614296241800E+00    0.126503129329935951E+11   -0.131014984641644730E+03
    0.225363608200250087E+00    0.500314614296241800E+00    0.126503129329935951E+11   -0.131014984641644730E+03
    0.208698509019198952E+00    0.501010045287415551E+00    0.131273737291288376E+11   -0.130996552483345795E+03
    0.208698509019198952E+00    0.501010045287415551E+00    0.131273737291288376E+11   -0.130996552483345795E+03
    0.211167349387604897E+00    0.469777809350567566E+00    0.130536755447440338E+11   -0.130973405273827950E+03
    0.211167349387604897E+00    0.469777809350567566E+00    0.130536755447440338E+11   -0.130973405273827950E+03
    0.217587831913422569E+00    0.471767001548840881E+00    0.128767863626753273E+11   -0.130967420880667675E+03
    0.240795789153153195E+00    0.537060204549582920E+00    0.122143595188894806E+11   -0.130959764995730382E+03
    0.240795789153153195E+00    0.537060204549582920E+00    0.122143595188894806E+11   -0.130959764995730382E+03
    0.210730678646053216E+00    0.482123282301476053E+00    0.130463622215316734E+11   -0.130950005101504644E+03
    0.211306823056361670E+00    0.513935268977183668E+00    0.130737711935577850E+11   -0.130942216084553365E+03
    0.205531624990958117E+00    0.550965806002643887E+00    0.132537479842474976E+11   -0.130937084431777521E+03
    0.219124822243095319E+00    0.576261492982094836E+00    0.128327275414342422E+11   -0.130930188380124321E+03
    0.219124822243095319E+00    0.576261492982094836E+00    0.128327275414342422E+11   -0.130930188380124321E+03
    0.222009136403633678E+00    0.459465821606341862E+00    0.127002620398431053E+11   -0.130927555899120279E+03
    0.222256608353939122E+00    0.593132124150098861E+00    0.128587751210229874E+11   -0.130912254949244698E+03
    0.204811294982869652E+00    0.483255970455264361E+00    0.132885974376010628E+11   -0.130899070934292212E+03
    0.217438033660148355E+00    0.490083523568522139E+00    0.128858429605870132E+11   -0.130898652442517630E+03
    0.217438033660148355E+00    0.490083523568522139E+00    0.128858429605870132E+11   -0.130898652442517630E+03
    0.207751263173130696E+00    0.534476026223524414E+00    0.131496966194162827E+11   -0.130898135880489519E+03
    0.201408768829859641E+00    0.486794428778807742E+00    0.133978566410486984E+11   -0.130898035574363206E+03
    0.227123778138402066E+00    0.510329742149991716E+00    0.125821478837272263E+11   -0.130889083658432696E+03
    0.227123778138402066E+00    0.510329742149991716E+00    0.125821478837272263E+11   -0.130889083658432696E+03
    0.203343141344063338E+00    0.558143564163074757E+00    0.133526597192262230E+11   -0.130888032284309190E+03
    0.203343141344063338E+00    0.558143564163074757E+00    0.133526597192262230E+11   -0.130888032284309190E+03
    0.213095444539434853E+00    0.528919244031749614E+00    0.130466736721638603E+11   -0.130879534734410583E+03
    0.213095444539434853E+00    0.528919244031749614E+00    0.130466736721638603E+11   -0.130879534734410583E+03
    0.206565755041366428E+00    0.514930087154759519E+00    0.132069060618954964E+11   -0.130873841786245407E+03
    0.217031702011283967E+00    0.568591230767161449E+00    0.128711305216251793E+11   -0.130871139436759961E+03
    0.214356353354091866E+00    0.443999077398220976E+00    0.129424477764164391E+11   -0.130868318897498625E+03
    0.215299261951022669E+00    0.475981721702956051E+00    0.129319196194974174E+11   -0.130866371221972656E+03
    0.215299261951022669E+00    0.475981721702956051E+00    0.129319196194974174E+11   -0.130866371221972656E+03
    0.222510075877277391E+00    0.471170232222588581E+00    0.126873678122297096E+11   -0.130858493491132208E+03
    0.237083290551513393E+00    0.471448517814899049E+00    0.123383915346056900E+11   -0.130855389093806906E+03
    0.204912523387255630E+00    0.530180358247156036E+00    0.132268875870339394E+11   -0.130845030572138370E+03
    0.234766802182988288E+00    0.465336786755528919E+00    0.123777871421541634E+11   -0.130841408783113820E+03
    0.200373520947875694E+00    0.517164407896046896E+00    0.133978349660773277E+11   -0.130840987218640464E+03
    0.208753236209516468E+00    0.520196121619264318E+00    0.130913258390468445E+11   -0.130838002440670095E+03
    0.209790173551370640E+00    0.558717090260909544E+00    0.131441794244878387E+11   -0.130830526910262677E+03
    0.200840614427473640E+00    0.501098847369634726E+00    0.134147493523561440E+11   -0.130817045145706203E+03
    0.206320608897175406E+00    0.556418670115679248E+00    0.132687298786235580E+11   -0.130805091685944177E+03
    0.204266840841915265E+00    0.546084709598279261E+00    0.133041113211547165E+11   -0.130801331020858584E+03
    0.211285044379980580E+00    0.465134616589660155E+00    0.130348953935048103E+11   -0.130801076208511972E+03
    0.202929226974815691E+00    0.533545269175753845E+00    0.132976645379682350E+11   -0.130798128176879487E+03
    0.205946878638476827E+00    0.544683962134245192E+00    0.132428700715248222E+11   -0.130758444153445282E+03
    0.205946878638476827E+00    0.544683962134245192E+00    0.132428700715248222E+11   -0.130758444153445282E+03
    0.210175309193505577E+00    0.503135320631528771E+00    0.130753189595795937E+11   -0.130738541846208420E+03
    0.217249059649183562E+00    0.483388516956411607E+00    0.128422941568898087E+11   -0.130737608194426400E+03
    0.210743477936248202E+00    0.537700850763755511E+00    0.131496161500533295E+11   -0.130729237686486044E+03
    0.210743477936248202E+00    0.537700850763755511E+00    0.131496161500533295E+11   -0.130729237686486044E+03
    0.206084165837415290E+00    0.507061511604922188E+00    0.132386994801021233E+11   -0.130723836540196032E+03
    0.208843534623053717E+00    0.517882987976594933E+00    0.130951395693211937E+11   -0.130716273681654627E+03
    0.226088971396128546E+00    0.492015160693483722E+00    0.126031542390168266E+11   -0.130705867625423650E+03
    0.214787743156231892E+00    0.467324334252701590E+00    0.129345753549287453E+11   -0.130700359620699658E+03
    0.214787743156231892E+00    0.467324334252701590E+00    0.129345753549287453E+11   -0.130700359620699658E+03
    0.202395254362593202E+00    0.541997517372447390E+00    0.133221364046485062E+11   -0.130686999903282924E+03
    0.202534464921755586E+00    0.516704382047903366E+00    0.133613663630706100E+11   -0.130683728464348320E+03
    0.202534464921755586E+00    0.516704382047903366E+00    0.133613663630706100E+11   -0.130683728464348320E+03
    0.203251888539359216E+00    0.493333777775028182E+00    0.133175554677457962E+11   -0.130682994756296893E+03
    0.206036377097575607E+00    0.511699772544528031E+00    0.132092890673838387E+11   -0.130667594805118114E+03
    0.206036377097575607E+00    0.511699772544528031E+00    0.132092890673838387E+11   -0.130667594805118114E+03
    0.217216399957702588E+00    0.464306661088620842E+00    0.128499561268996353E+11   -0.130633992257639221E+03
    0.241467538213507027E+00    0.465564536941080576E+00    0.122393551391366844E+11   -0.130633617518438882E+03
    0.203640967029888986E+00    0.402991476196314480E+00    0.133761908422175980E+11   -0.130621156714710111E+03
    0.207018952446114957E+00    0.532143194629819405E+00    0.132406231607033081E+11   -0.130620028257204780E+03
    0.228414604921012454E+00    0.510807136717213339E+00    0.125650441178300743E+11   -0.130618501168871092E+03
    0.228414604921012454E+00    0.510807136717213339E+00    0.125650441178300743E+11   -0.130618501168871092E+03
    0.238511989995604856E+00    0.478229957354358248E+00    0.123283752627702408E+11   -0.130617142842440330E+03
    0.238511989995604856E+00    0.478229957354358248E+00    0.123283752627702408E+11   -0.130617142842440330E+03
    0.228267552270069396E+00    0.509919621340271689E+00    0.125220962606512527E+11   -0.130613315974110492E+03
    0.228267552270069396E+00    0.509919621340271689E+00    0.125220962606512527E+11   -0.130613315974110492E+03
    0.204913064156171831E+00    0.534454950410429674E+00    0.132232348321365166E+11   -0.130597385504959277E+03
    0.227005694229796884E+00    0.509660460061230225E+00    0.126098174612302513E+11   -0.130590911391971758E+03
    0.213895050180845980E+00    0.507175132144524810E+00    0.130340985450348701E+11   -0.130589969157750545E+03
    0.203461389790013714E+00    0.455412717455736527E+00    0.134125658404182129E+11   -0.130589259233927180E+03
    0.218838367194562511E+00    0.463577581678084272E+00    0.128139687006161804E+11   -0.130578201014733310E+03
    0.233524024383389373E+00    0.477162570343210746E+00    0.124264275008711700E+11   -0.130572507766543737E+03
    0.208910367752729975E+00    0.535590251592401145E+00    0.131490469519483833E+11   -0.130571095674161711E+03
    0.225210610176306503E+00    0.493261281928699447E+00    0.126344638123188248E+11   -0.130565624509084358E+03
    0.225210610176306503E+00    0.493261281928699447E+00    0.126344638123188248E+11   -0.130565624509084358E+03
    0.231248940786713542E+00    0.538789407065562997E+00    0.124569809374575996E+11   -0.130563012208157488E+03
    0.200023160737855532E+00    0.503784971895038680E+00    0.134142606785135307E+11   -0.130557878087910694E+03
    0.209241642330178335E+00    0.531037371728180219E+00    0.131307019357556648E+11   -0.130557702453849458E+03
    0.210740082391978556E+00    0.505117494304009540E+00    0.130523409986470566E+11   -0.130539338283132793E+03
    0.231944558376725840E+00    0.496564550754882816E+00    0.124994578550031471E+11   -0.130534850725267006E+03
    0.201496045089792242E+00    0.495837131548562127E+00    0.133682768185470276E+11   -0.130523691888804990E+03
    0.221823771328932329E+00    0.480011069766121068E+00    0.127075234280060234E+11   -0.130521740355421173E+03
    0.214457162397654333E+00    0.448424781576544973E+00    0.129593999188630257E+11   -0.130520123878359584E+03
    0.226195651061286973E+00    0.491358326614141916E+00    0.125938459141819611E+11   -0.130514939865891733E+03
    0.209805067753870866E+00    0.515699299460383287E+00    0.130854785685362930E+11   -0.130504908252687756E+03
    0.203152151562168537E+00    0.427083453087394815E+00    0.133968216014802170E+11   -0.130503560523431190E+03
    0.212899644086076867E+00    0.523324693923122197E+00    0.130708280539146194E+11   -0.130500906870998847E+03
    0.239999571085214469E+00    0.499118121838586504E+00    0.123156456662087440E+11   -0.130494069849566301E+03
    0.219115482005656448E+00    0.491354812901235505E+00    0.128395349324245529E+11   -0.130487867281833843E+03
    0.228125205231305639E+00    0.523665150281800607E+00    0.126005968478447113E+11   -0.130486296623843771E+03
    0.209701029639951131E+00    0.503522096326973312E+00    0.131195574522406769E+11   -0.130485190875253807E+03
    0.209701029639951131E+00    0.503522096326973312E+00    0.131195574522406769E+11   -0.130485190875253807E+03
    0.227311281344535765E+00    0.495124512120298732E+00    0.126148982305395622E+11   -0.130483821472566660E+03
    0.227311281344535765E+00    0.495124512120298732E+00    0.126148982305395622E+11   -0.130483821472566660E+03
    0.227432268481408073E+00    0.500569202330618523E+00    0.125637740988806419E+11   -0.130473465542544460E+03
    0.200303085615243737E+00    0.510647757279723891E+00    0.134051204515835953E+11   -0.130469648867014200E+03
    0.226880219639985781E+00    0.516130734234758748E+00    0.126144832922480621E+11   -0.130469363042638179E+03
    0.212492424154336779E+00    0.538519842802005044E+00    0.130730014408880119E+11   -0.130459865744977833E+03
    0.204556143613752350E+00    0.529759160478269209E+00    0.132847481086888390E+11   -0.130457391890869928E+03
    0.210532389152596477E+00    0.470838914368629347E+00    0.130593307975182076E+11   -0.130455182870170972E+03
    0.210532389152596477E+00    0.470838914368629347E+00    0.130593307975182076E+11   -0.130455182870170972E+03
    0.209607701104908228E+00    0.574460354060239098E+00    0.131501394225083809E+11   -0.130452354788061825E+03
    0.209420296831138331E+00    0.505002772763331720E+00    0.131211311596919479E+11   -0.130444483300003384E+03
    0.204737257800041705E+00    0.474696614387548621E+00    0.133761060187406120E+11   -0.130439478035999940E+03
    0.208083510125710025E+00    0.500729374455294973E+00    0.131740942374049225E+11   -0.130426453795031648E+03
    0.217056385206019054E+00    0.572853391334263051E+00    0.129112646251180153E+11   -0.130421239101048570E+03
    0.231807184515099518E+00    0.517256505539560152E+00    0.124490627607519379E+11   -0.130415647766685936E+03
    0.210375597873530384E+00    0.511733456998431535E+00    0.131186638481237755E+11   -0.130402106949913588E+03
    0.213539608309643469E+00    0.547264243349555812E+00    0.130053257932631645E+11   -0.130401151552437284E+03
    0.216630800930216361E+00    0.463013305560668442E+00    0.128860590473635864E+11   -0.130398996008267602E+03
    0.207421117937446164E+00    0.529061091654712712E+00    0.131844342425283432E+11   -0.130395792836848813E+03
    0.211221184293654163E+00    0.509335460069571866E+00    0.130826609590968666E+11   -0.130390440238813937E+03
    0.237553976329066330E+00    0.458766806641817126E+00    0.123073865513059883E+11   -0.130387232761973877E+03
    0.228461995937343398E+00    0.593998296199206521E+00    0.125485021781804657E+11   -0.130386159300083591E+03
    0.225401308119029031E+00    0.505872082173890902E+00    0.127159752791356468E+11   -0.130380223093402947E+03
    0.207608864940638516E+00    0.511566326902361368E+00    0.131902622621322250E+11   -0.130367950695480488E+03
    0.206119369389012208E+00    0.517766729800992920E+00    0.132505097387371445E+11   -0.130353563139752282E+03
    0.235712003670244530E+00    0.477272911245108844E+00    0.123599944172111549E+11   -0.130346836076623504E+03
    0.226164792612179921E+00    0.503818398811660018E+00    0.126616034824105110E+11   -0.130339140864730268E+03
    0.225714611606350146E+00    0.511456187141480001E+00    0.126525420047174950E+11   -0.130327568813241555E+03
    0.201660874631256815E+00    0.549733467724362157E+00    0.133716602785306625E+11   -0.130314090443681323E+03
    0.229237700957559631E+00    0.547936745115276125E+00    0.125563407954228859E+11   -0.130308148882638989E+03
    0.215981655454812183E+00    0.552798323878960218E+00    0.129089638049419022E+11   -0.130300572552003416E+03
    0.207514936970173647E+00    0.537757400781725181E+00    0.132265330684002762E+11   -0.130295690742194154E+03
    0.205098340721996009E+00    0.514158543494048104E+00    0.132397941089409447E+11   -0.130288692633456492E+03
    0.210982209134428111E+00    0.534058995052919983E+00    0.131180826658109055E+11   -0.130272815564011182E+03
    0.208524103344919221E+00    0.507191798454551090E+00    0.131332155497297478E+11   -0.130268148979291027E+03
    0.211828700150303306E+00    0.551518086116868034E+00    0.130722637012668648E+11   -0.130266430877948125E+03
    0.210552510962859374E+00    0.540277431230490990E+00    0.131335752266864471E+11   -0.130262165053201329E+03
    0.213577193738774262E+00    0.517043701429393820E+00    0.130329077463142128E+11   -0.130261079971243731E+03
    0.213138577499424109E+00    0.437857592349612190E+00    0.129898906351938515E+11   -0.130254855044560770E+03
    0.227390720196714136E+00    0.517666604362524652E+00    0.126043333390615158E+11   -0.130251707908908656E+03
    0.209788679081551854E+00    0.512627380293196211E+00    0.131138595121008034E+11   -0.130250025573469202E+03
    0.216327346327868486E+00    0.499615914662594918E+00    0.129234067097624550E+11   -0.130246935283554762E+03
    0.208557302823744017E+00    0.539449013301524616E+00    0.131569719179550362E+11   -0.130246478078448519E+03
    0.209018140158330978E+00    0.463369293426925566E+00    0.131078634757889366E+11   -0.130241731789921289E+03
    0.226215069922436951E+00    0.511442633936256996E+00    0.126235498089537354E+11   -0.130225249069039364E+03
    0.228043283363462468E+00    0.580648673552113692E+00    0.125752852173934326E+11   -0.130222520691159588E+03
    0.216050157855889435E+00    0.507706010732588808E+00    0.129257557228070068E+11   -0.130217539430618274E+03
    0.216322616276045765E+00    0.556439313638005473E+00    0.128824169330713387E+11   -0.130209400736332981E+03
    0.242783601070207189E+00    0.527842390263542072E+00    0.121731147058396645E+11   -0.130200895928614386E+03
    0.204761610906428970E+00    0.545095428377759816E+00    0.133050907594701424E+11   -0.130189471950769558E+03
    0.228264016093924771E+00    0.581362025245139691E+00    0.125789777923243408E+11   -0.130182089928823473E+03
    0.208294689469587291E+00    0.510790140426307104E+00    0.131582810629476967E+11   -0.130172712365860889E+03
    0.207908644790626262E+00    0.518646204630922369E+00    0.131452513152606430E+11   -0.130164256605418899E+03
    0.220196695725862257E+00    0.464913466901213823E+00    0.127641357746389236E+11   -0.130161904762432101E+03
    0.212392360731151919E+00    0.538940387014124056E+00    0.130784040942230110E+11   -0.130157972553167781E+03
    0.217933196125266959E+00    0.569967366179444213E+00    0.128397086171181908E+11   -0.130156115913400726E+03
    0.227358170669544446E+00    0.519469537924129199E+00    0.126319786284587402E+11   -0.130154988595806344E+03
    0.231345810284154851E+00    0.508460619975153350E+00    0.124810031540350075E+11   -0.130150872871736112E+03
    0.208034104043759105E+00    0.505969273034086342E+00    0.132001234944808006E+11   -0.130150181554714749E+03
    0.203480826897323552E+00    0.423481025490996643E+00    0.133857709858236885E+11   -0.130149885616095617E+03
    0.205938065767751699E+00    0.506532664161557733E+00    0.132566516646586189E+11   -0.130137613886977022E+03
    0.228487330453844006E+00    0.514897327741898891E+00    0.125411999010488625E+11   -0.130135958144611664E+03
    0.230575568911439988E+00    0.499964200935988146E+00    0.125053866819777603E+11   -0.130132003669193068E+03
    0.215523157314514879E+00    0.448350789696316809E+00    0.129117588803886757E+11   -0.130119437772156630E+03
    0.220426753335382419E+00    0.476016791164919795E+00    0.127769986146728783E+11   -0.130117691835405424E+03
    0.213257024188365452E+00    0.521303844877696321E+00    0.130547507549706459E+11   -0.130114108306250671E+03
    0.206461149639418862E+00    0.532627751940836447E+00    0.132181161910730705E+11   -0.130111544049022854E+03
    0.205802379589814066E+00    0.550647514008975492E+00    0.132707676042384453E+11   -0.130110999669277930E+03
    0.203922102765783375E+00    0.550525972198400382E+00    0.133221423551512337E+11   -0.130109439225310609E+03
    0.210547355365516553E+00    0.512593328080226840E+00    0.130965828262358856E+11   -0.130103381892662355E+03
    0.207034628001457832E+00    0.536211588317538457E+00    0.132529787090737839E+11   -0.130096331293109330E+03
    0.204293990709164874E+00    0.572053269555381050E+00    0.133004035119673347E+11   -0.130088593934098100E+03
    0.208403870748615161E+00    0.514823279781113641E+00    0.131758737078353767E+11   -0.130088182420060207E+03
    0.240174691364213211E+00    0.482476999909849269E+00    0.122934813935116348E+11   -0.130085191170606322E+03
    0.205593425198809854E+00    0.535980675548952235E+00    0.132340462117578583E+11   -0.130080301504518729E+03
    0.210414429911274681E+00    0.541151928324634213E+00    0.131077490559064293E+11   -0.130079045775584660E+03
    0.213303597237822107E+00    0.455879457387025511E+00    0.129886421724036179E+11   -0.130074449256939886E+03
    0.205492476226098120E+00    0.534257867246289209E+00    0.132669789005426941E+11   -0.130059936709144267E+03
    0.207095372026339430E+00    0.521248304557524023E+00    0.131934184682666206E+11   -0.130054756810479176E+03
    0.211940045039139935E+00    0.501962278501878245E+00    0.130383905181990242E+11   -0.130048833975144731E+03
    0.230839633691809154E+00    0.517943061321950893E+00    0.124923003557529640E+11   -0.130047151503648678E+03
    0.217079857852395586E+00    0.568035790174686639E+00    0.129231364627478027E+11   -0.130046484387496093E+03
    0.209470210377669219E+00    0.514687276251367010E+00    0.131309619988170547E+11   -0.130043919886887778E+03
    0.203794355351209378E+00    0.552558125728559446E+00    0.133368411170297508E+11   -0.130037153150093673E+03
    0.207979098851002242E+00    0.534369261101112158E+00    0.131619538299616165E+11   -0.130022060592270350E+03
    0.206733416077087784E+00    0.555673251362129861E+00    0.132302534294551430E+11   -0.130021462491834257E+03
    0.209059487344460559E+00    0.502486464165484037E+00    0.131334616386018181E+11   -0.130002750988389494E+03
    0.230115067960758479E+00    0.542323847069551945E+00    0.124980955786969032E+11   -0.129998494681322796E+03
    0.224708013604343226E+00    0.510227868409030449E+00    0.127229514624137421E+11   -0.129990764302125541E+03
    0.218951817174722785E+00    0.574916443660946186E+00    0.128534403114785309E+11   -0.129986115389354950E+03
    0.213350016543321086E+00    0.448303397588098562E+00    0.130255166680920296E+11   -0.129981532453320767E+03
    0.209601676783047253E+00    0.536844773300728662E+00    0.131619899484683189E+11   -0.129974828701071999E+03
    0.225018719955724089E+00    0.507671094121084465E+00    0.127163543119405327E+11   -0.129974316104098364E+03
    0.205170460517303199E+00    0.560641372301599716E+00    0.132988698216587334E+11   -0.129972328374637527E+03
    0.206854353184510065E+00    0.514973923271673684E+00    0.132249362620851021E+11   -0.129962265340318766E+03
    0.227748510784850311E+00    0.509144216553092832E+00    0.126007369413688812E+11   -0.129941207950157775E+03
    0.206258038766478136E+00    0.509645864430707363E+00    0.132521718250826302E+11   -0.129941152199584252E+03
    0.229487141714888876E+00    0.556043815067994274E+00    0.125243793362489624E+11   -0.129938268951624678E+03
    0.214345797514056302E+00    0.454895594047686203E+00    0.129689171197172928E+11   -0.129931362804908673E+03
    0.228862256810625553E+00    0.580152478759298873E+00    0.125380362633428574E+11   -0.129925553704412579E+03
    0.225312170315065396E+00    0.500274776238761376E+00    0.126563353966960869E+11   -0.129923499876603245E+03
    0.228457374790326573E+00    0.517189938417555339E+00    0.125789020148252525E+11   -0.129913903264269521E+03
    0.211720402728973356E+00    0.500071076024632077E+00    0.130391364428154984E+11   -0.129907345198395660E+03
    0.230260157981585778E+00    0.511222054689868699E+00    0.125659988574292603E+11   -0.129900642141160347E+03
    0.207820256009583260E+00    0.536842875015929977E+00    0.132449123400092125E+11   -0.129900558485256852E+03
    0.230004453248004781E+00    0.506321395812266317E+00    0.125610173469119835E+11   -0.129900471322214798E+03
    0.226531795135133718E+00    0.513126287023579764E+00    0.126211645174947395E+11   -0.129887068691318973E+03
    0.214081197763195841E+00    0.530279883661123108E+00    0.129936084711587753E+11   -0.129882396431751260E+03
    0.222831781288601705E+00    0.489078599955526272E+00    0.127078984388208504E+11   -0.129881792043989122E+03
    0.226756321026691965E+00    0.512377472270513223E+00    0.126113790298520927E+11   -0.129876335923085890E+03
    0.231374720775318454E+00    0.504535637242984336E+00    0.124888577132797318E+11   -0.129868808668635722E+03
    0.234894373234916687E+00    0.465763412923614339E+00    0.123770275036658440E+11   -0.129861083246311495E+03
    0.205972993472955057E+00    0.567488148630765465E+00    0.132703459583519135E+11   -0.129852848742931769E+03
    0.226890918170130129E+00    0.523661246770497968E+00    0.126467313640276489E+11   -0.129847799511632331E+03
    0.204191662133651808E+00    0.574064256077203794E+00    0.133274200473487244E+11   -0.129844175961023097E+03
    0.210915100462716831E+00    0.522150562409045449E+00    0.130876322432618713E+11   -0.129834828903101624E+03
    0.227305959594186868E+00    0.505619285834701060E+00    0.126506659897538109E+11   -0.129825183426120589E+03
    0.217865867918258904E+00    0.576081795379435491E+00    0.128840541478598976E+11   -0.129785755840863288E+03
    0.227332902817156568E+00    0.507772762198907657E+00    0.125985630028098755E+11   -0.129783371279472505E+03
    0.212712339182418386E+00    0.540605832642262030E+00    0.130576809737903976E+11   -0.129782806237365492E+03
    0.211126818375757253E+00    0.593728670532664538E+00    0.131160192975922813E+11   -0.129337528741714578E+03
    0.209118150677373604E+00    0.580319084769731930E+00    0.131722962153801155E+11   -0.129490165588934190E+03
    0.219432830323065542E+00    0.588461764779866670E+00    0.128628462413915939E+11   -0.128750233539753424E+03
    0.219925652977947583E+00    0.585568190365986396E+00    0.128854159696828842E+11   -0.129767266442698428E+03
    0.220152002659478208E+00    0.584871626132557054E+00    0.128822611854461899E+11   -0.129623004699127364E+03
    0.219013250009562843E+00    0.577238717731361817E+00    0.128989063317072144E+11   -0.129249397436176594E+03
    0.218599980154533469E+00    0.580387367600057047E+00    0.128469749298413734E+11   -0.129760022043433537E+03
    0.217383544981019305E+00    0.572767692719738264E+00    0.129346998999474525E+11   -0.129015469606779050E+03
    0.216113232894724783E+00    0.555829955732566106E+00    0.129497281355771179E+11   -0.129235491208155338E+03
    0.216267209580649766E+00    0.563621198329943951E+00    0.129629486977507401E+11   -0.128753184156375340E+03
    0.216267209580649766E+00    0.563621198329943951E+00    0.129629486977507401E+11   -0.128753184156375340E+03
    0.215986827508713786E+00    0.549857821466691377E+00    0.129443209079187584E+11   -0.129278551269839170E+03
    0.216198920387987381E+00    0.504832595048361199E+00    0.129237188648783798E+11   -0.129724290608261924E+03
    0.215060526647070760E+00    0.530729529859275573E+00    0.129428218644114761E+11   -0.129710131511309726E+03
    0.213947010808038351E+00    0.529805298585756645E+00    0.130087711372056999E+11   -0.129414103848582499E+03
    0.213928671153464811E+00    0.506588730218986427E+00    0.130321073349917679E+11   -0.128889647488228604E+03
    0.214190695109232776E+00    0.505428042733919725E+00    0.130225891244195786E+11   -0.129464169148462076E+03
    0.206407012060781769E+00    0.517970535297632040E+00    0.132490451055067596E+11   -0.129716252714390208E+03
    0.207750555446371776E+00    0.505234076815799682E+00    0.131822720257371597E+11   -0.129620995518229506E+03
    0.209448395131682341E+00    0.513354171449512009E+00    0.131305805064358444E+11   -0.129463597026383610E+03
    0.225996191417235814E+00    0.502687638946975213E+00    0.126822364668454399E+11   -0.128453411014088744E+03
    0.225996191417235814E+00    0.502687638946975213E+00    0.126822364668454399E+11   -0.128453411014088744E+03
    0.224242713841378616E+00    0.502063804559448101E+00    0.127193862757164879E+11   -0.129652453789877484E+03
    0.225944627004169007E+00    0.506538737581953669E+00    0.127055663647323647E+11   -0.128040716013153485E+03
    0.225944627004169007E+00    0.506538737581953669E+00    0.127055663647323647E+11   -0.128040716013153485E+03
    0.225944627004169007E+00    0.506538737581953669E+00    0.127055663647323647E+11   -0.128040716013153485E+03
    0.224413889486389129E+00    0.492240074839113362E+00    0.127036963632805443E+11   -0.128747350648379609E+03
    0.226321443142121825E+00    0.508208113921666538E+00    0.126662312175008965E+11   -0.129047201176525846E+03
    0.226640304779852919E+00    0.499279179925039784E+00    0.126616732980633469E+11   -0.129218007397149563E+03
    0.225013803610913887E+00    0.494512559455227318E+00    0.126883417717309608E+11   -0.129405088824593605E+03
    0.224291689716083154E+00    0.496774149297740664E+00    0.126900330430411758E+11   -0.129457372103342720E+03
    0.225386539954459064E+00    0.497142333224310562E+00    0.126733812960689430E+11   -0.128606658293397459E+03
    0.225386539954459064E+00    0.497142333224310562E+00    0.126733812960689430E+11   -0.128606658293397459E+03
    0.225517102734630659E+00    0.487535971437647930E+00    0.126566451609118462E+11   -0.128843605146826121E+03
    0.229398564225180956E+00    0.496278842111445684E+00    0.125705172800829239E+11   -0.129334288035197801E+03
    0.229808811197034779E+00    0.494925184669053664E+00    0.125229707826139793E+11   -0.129516466023322977E+03
    0.230625735471478688E+00    0.497746247605249437E+00    0.125059191539534302E+11   -0.129400504491539948E+03
    0.225616400107440718E+00    0.489584452784605162E+00    0.126458208247851715E+11   -0.128817473110009701E+03
    0.232433930403135147E+00    0.506038009148380041E+00    0.124632047592797241E+11   -0.129478565081252043E+03
    0.227374757156822593E+00    0.508486976124679302E+00    0.125814626439490662E+11   -0.129733971802265614E+03
    0.225841444801353819E+00    0.508252811861325426E+00    0.126284797908791771E+11   -0.129428522672338431E+03
    0.227474896617467504E+00    0.512544878800014203E+00    0.126014387806409683E+11   -0.128974699613708538E+03
    0.227754241224276899E+00    0.503884037694595222E+00    0.126188075253165932E+11   -0.129119743507399164E+03
    0.226465582804419807E+00    0.507882598472660263E+00    0.126585840923913536E+11   -0.128956005413897316E+03
    0.227063574592099193E+00    0.506704769940295563E+00    0.126283770428528137E+11   -0.129139378957710960E+03
    0.228262553235012655E+00    0.509560565560100542E+00    0.126082895251787033E+11   -0.129374852534084397E+03
    0.227935032634601853E+00    0.503827313581551195E+00    0.126428288455528488E+11   -0.129608110801641487E+03
    0.225861650992889518E+00    0.510413273732320150E+00    0.126562379836830139E+11   -0.128693677219899882E+03
    0.228157550546996268E+00    0.503027129200994239E+00    0.126032652788702354E+11   -0.128947728649756044E+03
    0.226799205446170937E+00    0.508648584126852654E+00    0.126433250897190018E+11   -0.129700211018811217E+03
    0.228139362503919585E+00    0.513080880836977116E+00    0.126071027504824524E+11   -0.128603556023710553E+03
    0.216922898468510428E+00    0.504764682968538381E+00    0.128830459100175514E+11   -0.129700117868656321E+03
    0.225444264720185250E+00    0.514646849307649035E+00    0.126951682519977531E+11   -0.128845171354821133E+03
    0.226161267345603045E+00    0.519031895376320662E+00    0.126942332900069199E+11   -0.128230026623110547E+03
    0.226161267345603045E+00    0.519031895376320662E+00    0.126942332900069199E+11   -0.128230026623110547E+03
    0.226002403851559397E+00    0.520715531459511993E+00    0.126499243511866341E+11   -0.129223949818039415E+03
    0.228036658100277290E+00    0.518698225239010213E+00    0.126169499201672821E+11   -0.128178292910175202E+03
    0.228036658100277290E+00    0.518698225239010213E+00    0.126169499201672821E+11   -0.128178292910175202E+03
    0.227445941307945876E+00    0.519024780257463902E+00    0.126302956025174484E+11   -0.128969958449718604E+03
    0.227137407537252645E+00    0.518252961185353911E+00    0.126297470377662964E+11   -0.128724915342812977E+03
    0.226899720464386112E+00    0.516392139944645834E+00    0.126523382090099068E+11   -0.128712577151895459E+03
    0.226899720464386112E+00    0.516392139944645834E+00    0.126523382090099068E+11   -0.128712577151895459E+03
    0.237528805308833746E+00    0.482796272593400744E+00    0.123426076282792320E+11   -0.129507460911799598E+03
    0.220000797044010876E+00    0.476314528908554635E+00    0.127889019203225937E+11   -0.129565236492442949E+03
    0.224158963808935852E+00    0.473866062714957792E+00    0.126797530729162788E+11   -0.129622244574840408E+03
    0.231543539733540304E+00    0.476253948671699234E+00    0.124822848275630913E+11   -0.129439682316278493E+03
    0.228460673992335772E+00    0.517602668916650188E+00    0.125780768212343826E+11   -0.129727404168005279E+03
    0.229350136516554615E+00    0.510040280110636957E+00    0.125726678115135612E+11   -0.129553847063761282E+03
    0.230044031434378127E+00    0.508185945015975804E+00    0.125630364641321373E+11   -0.128723972010326293E+03
    0.228921432483680187E+00    0.513970084472269662E+00    0.125858716357062035E+11   -0.129073609631946482E+03
    0.230313817325927095E+00    0.512136254037194760E+00    0.125698082277622910E+11   -0.129600906879288914E+03
    0.228473727499398538E+00    0.519713515445554108E+00    0.125904755197758904E+11   -0.129464827872437922E+03
    0.228627821006702148E+00    0.511982012685820109E+00    0.125747823936354103E+11   -0.128694305604388063E+03
    0.228255124051834124E+00    0.514391347419421052E+00    0.125726778913215332E+11   -0.129515229910279970E+03
    0.229063277133356946E+00    0.558838643657901812E+00    0.125649934749502220E+11   -0.129361214564424358E+03
    0.220037869635368477E+00    0.488879366067905607E+00    0.128124061679299240E+11   -0.128949784056606404E+03
    0.219989842747840281E+00    0.486140022716707421E+00    0.128108594829478493E+11   -0.129441076346222019E+03
    0.221711605228226527E+00    0.493973617728553194E+00    0.127567232957051392E+11   -0.128999926045797508E+03
    0.219437708765464257E+00    0.487314177765201251E+00    0.128295025775155487E+11   -0.129539477362961122E+03
