    0.135570378044161144E+01    0.676361204633548763E+00    0.123327014768546772E+10    0.319442394024855632E+06   -0.792489858806303147E+02
    0.132940062999099284E+01    0.799691577424552769E+00    0.124862385568063426E+10    0.336624241489803419E+06   -0.790422323424780018E+02
    0.129155163132282258E+01    0.709041601772778751E+00    0.128850086902452397E+10    0.334335154812472814E+06   -0.782077250398349975E+02
    0.137194043518355158E+01    0.757730906012910488E+00    0.122645980951369572E+10    0.326347645310790569E+06   -0.779468152317107581E+02
    0.116028870187687327E+01    0.780974192338091733E+00    0.129205083763604236E+10    0.341603209234241804E+06   -0.775434673894679207E+02
    0.124192845499343463E+01    0.705425674951871695E+00    0.129986997278505468E+10    0.346077117331783462E+06   -0.774343537551618653E+02
    0.131868913766943141E+01    0.739505611449167599E+00    0.128974851304044938E+10    0.333543496747543337E+06   -0.769357631977353265E+02
    0.133791817484146347E+01    0.735590657930931702E+00    0.125232463504929161E+10    0.333048149139048590E+06   -0.768886038310322277E+02
    0.126749895644629906E+01    0.655287391724326262E+00    0.128324181319229102E+10    0.322498453982218809E+06   -0.766551160438375661E+02
    0.133613885035873592E+01    0.769562591775572180E+00    0.122927223935821462E+10    0.334315849814888788E+06   -0.766283119980271863E+02
    0.131568671293501049E+01    0.762928796687430744E+00    0.127174989950840998E+10    0.341628905545465939E+06   -0.766214186664571884E+02
    0.124772672973060006E+01    0.817991066683120938E+00    0.127815105970479321E+10    0.356135079683333926E+06   -0.759856832739487658E+02
    0.117858193034619818E+01    0.694001368653373696E+00    0.130110557385366511E+10    0.335295383319008222E+06   -0.759673792153609355E+02
    0.136508439275289617E+01    0.759800025181590399E+00    0.122905333951424432E+10    0.341531896682826511E+06   -0.759336373420331370E+02
    0.120236161686421439E+01    0.723190526065670358E+00    0.129102972261562824E+10    0.356709642809647252E+06   -0.758956306094011950E+02
    0.117332003257771844E+01    0.772779077446570817E+00    0.127799828501706815E+10    0.355710266039751645E+06   -0.758586674720380358E+02
    0.128943214246662108E+01    0.724968153359025536E+00    0.124763506004719448E+10    0.333411760820040072E+06   -0.758213773612155819E+02
    0.117943706075600585E+01    0.759372256227985432E+00    0.129675253286650467E+10    0.342926775868417579E+06   -0.757999718604478403E+02
    0.132323542621432066E+01    0.733370381254153880E+00    0.125683875192021060E+10    0.350486037898511393E+06   -0.757584436556969081E+02
    0.120370750713948560E+01    0.754044299872767443E+00    0.128181418326468635E+10    0.334119489757078525E+06   -0.757315887771257366E+02
    0.134636672709970395E+01    0.761922566363367526E+00    0.123743452734895039E+10    0.333384973760819936E+06   -0.757266686938243367E+02
    0.132054601945724182E+01    0.755139007489321834E+00    0.126936682641804504E+10    0.312152843445249659E+06   -0.757093973967350706E+02
    0.130432341292487974E+01    0.698043006129728916E+00    0.127214975148098779E+10    0.345844839349137095E+06   -0.756300776000498445E+02
    0.119334444035788878E+01    0.774517797033152267E+00    0.128080088468887854E+10    0.344441470587685297E+06   -0.756057676900512661E+02
    0.132224157445864621E+01    0.753417728558530619E+00    0.124904283658709812E+10    0.335382824195077061E+06   -0.755496348705659670E+02
    0.121973904486334628E+01    0.691340934477974400E+00    0.129247215873657131E+10    0.328404282957070391E+06   -0.755346298753308929E+02
    0.133799951113767546E+01    0.735743678069124662E+00    0.124262265460703731E+10    0.315297871816578903E+06   -0.755325355476377638E+02
    0.126662061184141872E+01    0.775343569660482679E+00    0.128211650134847331E+10    0.329719156016007997E+06   -0.754851157492964546E+02
    0.125502312511443592E+01    0.652541942984737666E+00    0.125444437204895043E+10    0.337913544865401695E+06   -0.754808938970193424E+02
    0.127967635111832401E+01    0.713330976326404631E+00    0.126170902275371766E+10    0.336856402868339384E+06   -0.754378287802027501E+02
    0.140179893554041435E+01    0.734364755307136630E+00    0.123837481173595285E+10    0.317122017996410257E+06   -0.753412481161148548E+02
    0.126782049627625293E+01    0.704469746390730567E+00    0.128339003288229513E+10    0.321300858040351071E+06   -0.753140434632061186E+02
    0.123245127274887012E+01    0.775703806684286068E+00    0.128444564456744456E+10    0.359592842891043052E+06   -0.752940845769742566E+02
    0.131495675285729652E+01    0.750696680621453005E+00    0.125604394633530903E+10    0.337520536130198394E+06   -0.752713318771399571E+02
    0.128977581414411580E+01    0.711929547170192745E+00    0.123921906746911144E+10    0.343289843611065648E+06   -0.751647486536052440E+02
    0.128252750252424597E+01    0.674922899574686319E+00    0.126404202162682915E+10    0.340295805365854991E+06   -0.751117819547212093E+02
    0.124140131564238310E+01    0.739489747279566512E+00    0.128289060358622384E+10    0.320733135877255641E+06   -0.750072946216662899E+02
    0.130832565977313431E+01    0.770926235554101336E+00    0.126927640268831182E+10    0.333238004918292281E+06   -0.749911413517786229E+02
    0.128457995277841674E+01    0.736492903090400830E+00    0.125501058331467724E+10    0.336831589115463605E+06   -0.749589912978736095E+02
    0.125318953083852946E+01    0.788358092242364528E+00    0.127078475366293788E+10    0.327536283752574178E+06   -0.749520877397449681E+02
    0.125748284115323350E+01    0.805428318532372067E+00    0.125880991094285917E+10    0.342384012779825716E+06   -0.748801015494561852E+02
    0.134335677577071810E+01    0.748382096118537898E+00    0.124580082117845964E+10    0.317924163946251094E+06   -0.748647717218259174E+02
    0.118851613481978147E+01    0.772152468084700949E+00    0.127747418385320544E+10    0.345161923839463270E+06   -0.748390698516612929E+02
    0.132941697763561484E+01    0.765345386764809898E+00    0.123478676309466815E+10    0.342818128202426946E+06   -0.747958150062037532E+02
    0.130811092207795854E+01    0.766233892634628599E+00    0.125683321758580732E+10    0.339016568617277546E+06   -0.747953330774734582E+02
    0.121381342020709826E+01    0.807102804939920482E+00    0.128749880282291913E+10    0.337618446656795335E+06   -0.747894917135992188E+02
    0.125393050586631771E+01    0.733975424519599962E+00    0.127446092517103887E+10    0.321695314110992884E+06   -0.747579975361356617E+02
    0.133709360901849017E+01    0.792121607496892643E+00    0.125911373788105035E+10    0.344765482141003187E+06   -0.747017347054265457E+02
    0.132583945281348292E+01    0.673834476124953952E+00    0.124921984199814463E+10    0.315099963696816645E+06   -0.746302979163687041E+02
    0.134510864942789987E+01    0.747239676162969602E+00    0.127064333577141738E+10    0.344308801851977303E+06   -0.745976463579394533E+02
    0.133603287512463775E+01    0.780041446544182726E+00    0.124854580908521485E+10    0.344122844312745496E+06   -0.745433191703620537E+02
    0.120336328573532447E+01    0.734193659961362766E+00    0.128151220213304210E+10    0.354800523568136385E+06   -0.745164436252796349E+02
    0.123586298836610520E+01    0.734249234710709686E+00    0.128696487322757339E+10    0.333619315672695462E+06   -0.745090018763330022E+02
    0.140343075237412274E+01    0.774736350823899578E+00    0.124020061605848718E+10    0.321057534782771138E+06   -0.744542588722733854E+02
    0.122580201326087068E+01    0.744011974922850872E+00    0.127349365390539479E+10    0.327841272931532294E+06   -0.744529109757710899E+02
    0.133297946340448292E+01    0.738004883740245088E+00    0.124867674240220451E+10    0.344720899765999638E+06   -0.744277340363997126E+02
    0.134233905063823777E+01    0.749587976059906680E+00    0.125887135112454176E+10    0.326220427501969098E+06   -0.743782537802407262E+02
    0.119232710627094862E+01    0.774948772081142323E+00    0.129289123159307241E+10    0.342206171644306451E+06   -0.743554226080464531E+02
    0.125393653473864664E+01    0.739479458136902856E+00    0.129432136634922409E+10    0.333347924354384420E+06   -0.743374022501932217E+02
    0.121901506936659687E+01    0.707064160389869745E+00    0.128610782527948880E+10    0.338441365427612502E+06   -0.743092840042540814E+02
    0.130603923506273767E+01    0.731208427140902728E+00    0.125233023932909131E+10    0.349167263635552197E+06   -0.742843412354371253E+02
    0.138137730351201560E+01    0.772290990479710171E+00    0.123437678329681993E+10    0.332142024894797476E+06   -0.742247111233123746E+02
    0.127560586173241708E+01    0.759843185476892558E+00    0.126513477879271650E+10    0.352667568712643464E+06   -0.742206290586126158E+02
    0.122979581556119189E+01    0.663764887068822418E+00    0.126924548147703171E+10    0.337212107797750039E+06   -0.741798572666810117E+02
    0.131430574704428316E+01    0.704665404920260308E+00    0.126616666148174477E+10    0.328270127208915539E+06   -0.741751273582916753E+02
    0.127187736270781548E+01    0.724465344929140276E+00    0.125611814839340949E+10    0.337513679063883494E+06   -0.741472268515032056E+02
    0.128054211449089816E+01    0.811831299203624734E+00    0.126492263344144511E+10    0.343976374438121216E+06   -0.741257907428654335E+02
    0.124697416716688392E+01    0.736123277004129939E+00    0.126285289888371301E+10    0.338055030939211778E+06   -0.741168190462444443E+02
    0.115502904123247885E+01    0.730949952100938383E+00    0.129384611284397745E+10    0.341056994774063991E+06   -0.740942656591614934E+02
    0.131221263665704990E+01    0.753205059392314524E+00    0.126122361707736897E+10    0.330097601464578009E+06   -0.740669399216652096E+02
    0.126222313604397129E+01    0.780466599571912667E+00    0.128914992119889259E+10    0.339712978462796309E+06   -0.740524597334219408E+02
    0.123771322390158578E+01    0.725828931574090230E+00    0.127247387550836229E+10    0.340157300587471342E+06   -0.740509251582129764E+02
    0.127463883667812050E+01    0.719619183566155840E+00    0.125382998400421333E+10    0.339087638182189316E+06   -0.740435405888264029E+02
    0.128958058998272596E+01    0.700317172799273191E+00    0.125809283175031066E+10    0.349059064212349826E+06   -0.740396295888680243E+02
    0.128524993932085141E+01    0.707615599772996706E+00    0.127905323320356202E+10    0.330157090723858448E+06   -0.740395526749778838E+02
    0.132758477536091801E+01    0.732016746738619162E+00    0.124479448151926947E+10    0.346485514871012419E+06   -0.740168864144122551E+02
    0.139736636674138048E+01    0.745326432177122911E+00    0.124115909877960992E+10    0.325620853417607956E+06   -0.740045690457618832E+02
    0.121685420074748363E+01    0.761019492672306619E+00    0.128379507891929770E+10    0.321534020481982152E+06   -0.739967906066080303E+02
    0.125676400581686920E+01    0.700807945765320017E+00    0.126113664176632094E+10    0.331767727810913348E+06   -0.739716520019542543E+02
    0.131109348611026610E+01    0.745864186108418536E+00    0.124482004296074605E+10    0.337106305207965081E+06   -0.739440698341836651E+02
    0.129454830451138281E+01    0.802243526903692494E+00    0.126998846322102761E+10    0.341267516003370751E+06   -0.739433686989062124E+02
    0.127302320860316853E+01    0.797697790139091367E+00    0.126746854142799330E+10    0.335970633100600156E+06   -0.739366756492089792E+02
    0.136807242976183585E+01    0.773523069472926927E+00    0.124106681512308764E+10    0.322680905670144421E+06   -0.739360258704921876E+02
    0.133473091984687464E+01    0.756049951947067367E+00    0.123078925739152789E+10    0.328749788715023547E+06   -0.739346714217442411E+02
    0.125049280826247600E+01    0.716058047300270673E+00    0.124675107036518979E+10    0.332130862873287930E+06   -0.739305335152210290E+02
    0.129561577945146467E+01    0.775679593786612109E+00    0.126758653155283809E+10    0.328435478038903151E+06   -0.739012357847327053E+02
    0.122082135919216395E+01    0.742770189309255091E+00    0.128677858399479342E+10    0.340952470490872569E+06   -0.738860642780412888E+02
    0.125884454362200393E+01    0.729396008623070191E+00    0.127341475409560084E+10    0.334289291380094830E+06   -0.738500887675061648E+02
    0.124004365635604930E+01    0.735812735437052723E+00    0.129088040094831491E+10    0.335083167575930711E+06   -0.738303379401673254E+02
    0.126553301315116484E+01    0.764720242034979680E+00    0.127066421452618432E+10    0.338798856919553422E+06   -0.738266710398632995E+02
    0.129158272832346843E+01    0.803114247753356825E+00    0.125444036685597467E+10    0.347632793339302414E+06   -0.738136501079960254E+02
    0.120510982559350754E+01    0.760829134998559198E+00    0.129279523777103066E+10    0.338360494112166227E+06   -0.738105695388450584E+02
    0.132102498670844071E+01    0.761991988798398356E+00    0.125003457114115667E+10    0.337529113813807198E+06   -0.738039387843426482E+02
    0.136766706691945661E+01    0.736579867867181992E+00    0.124109911686904359E+10    0.328314356403400947E+06   -0.737964094640472865E+02
    0.127362333241358527E+01    0.781225368480497728E+00    0.125952480739669895E+10    0.335481219726440206E+06   -0.737885281178159289E+02
    0.133650278783261167E+01    0.777075727851673115E+00    0.124836349180721736E+10    0.325845377376443124E+06   -0.737867419610267063E+02
    0.125267710898239071E+01    0.748641255731433919E+00    0.127415084463534403E+10    0.324066512180847349E+06   -0.737842309020297051E+02
    0.130982115940882826E+01    0.736934369131542422E+00    0.126070496035618353E+10    0.318202955627088784E+06   -0.737634901428353658E+02
    0.117359054959527187E+01    0.750336641269421900E+00    0.128990625319653344E+10    0.343102627891994722E+06   -0.737537150340519645E+02
    0.128173374599315304E+01    0.768423913369028710E+00    0.125735712974383712E+10    0.348349679442723165E+06   -0.737112118824177571E+02
    0.136786279352545082E+01    0.764740661243943354E+00    0.123367114196499658E+10    0.328940648799105722E+06   -0.737100282830069062E+02
    0.126727747655201206E+01    0.755195679296297939E+00    0.126737415516734934E+10    0.348689314781682042E+06   -0.736511444998484421E+02
    0.123621466310763939E+01    0.755783750991454895E+00    0.127706862026634884E+10    0.341221464316212339E+06   -0.736472416544807800E+02
    0.134190626128461199E+01    0.793252563298505020E+00    0.123899139580727696E+10    0.326593125632762269E+06   -0.736259152606288296E+02
    0.133768666741712083E+01    0.735461977842108094E+00    0.125015362637516141E+10    0.348375057913086028E+06   -0.736035603997870425E+02
    0.134863952354053906E+01    0.735167807891406344E+00    0.124768889700165129E+10    0.343611517393990420E+06   -0.736027720576331745E+02
    0.122073882332678907E+01    0.749749698470591142E+00    0.128496996880726337E+10    0.343823257292080903E+06   -0.735776392517295221E+02
    0.124907279946579219E+01    0.746263173693751281E+00    0.127577188627590942E+10    0.334505044366711925E+06   -0.735154837229402744E+02
    0.117634137929769800E+01    0.727278186309785468E+00    0.129222885594032764E+10    0.340608245062156115E+06   -0.735053552158403249E+02
    0.123558084657608513E+01    0.743132251915324282E+00    0.127138357410684466E+10    0.349289645466883550E+06   -0.734476605024159426E+02
    0.126502055981472927E+01    0.752671032859897338E+00    0.127105593493317032E+10    0.321302886396778515E+06   -0.734422253381073631E+02
    0.136474397848063256E+01    0.776457401355879373E+00    0.125493901445650721E+10    0.332070315361593908E+06   -0.733759428845008017E+02
    0.125011125771341969E+01    0.780857680849302405E+00    0.128400786866136670E+10    0.347591983167415950E+06   -0.733606238932318035E+02
    0.130954070004617940E+01    0.783169908811328419E+00    0.125414402476785350E+10    0.334261221762417757E+06   -0.733389624934383875E+02
    0.127020261598519602E+01    0.725987277888284765E+00    0.127759402603634715E+10    0.335713382149198151E+06   -0.733153371970574312E+02
    0.130705563327381413E+01    0.740979754212131692E+00    0.124847082645573020E+10    0.328244323851507681E+06   -0.733111094014680447E+02
    0.137982546932429462E+01    0.748174657694306688E+00    0.124709753223205781E+10    0.323052280354405695E+06   -0.732940888260773846E+02
    0.137982546932429462E+01    0.748174657694306688E+00    0.124709753223205781E+10    0.323052280354405695E+06   -0.732940888260773846E+02
    0.125697559914139112E+01    0.744304924345262187E+00    0.126631050938789773E+10    0.334021541438596731E+06   -0.732875589385960780E+02
    0.118548854671282333E+01    0.772835897299659624E+00    0.128589223531049156E+10    0.340156543491719582E+06   -0.732618560068991798E+02
    0.118548854671282333E+01    0.772835897299659624E+00    0.128589223531049156E+10    0.340156543491719582E+06   -0.732618560068991798E+02
    0.126661826774091701E+01    0.710736010108626637E+00    0.127240395819671512E+10    0.332314791705639102E+06   -0.732519938350380357E+02
    0.126661826774091701E+01    0.710736010108626637E+00    0.127240395819671512E+10    0.332314791705639102E+06   -0.732519938350380357E+02
    0.118486674062087727E+01    0.738149827376989975E+00    0.128590082797832894E+10    0.347903245311839913E+06   -0.732507035789604402E+02
    0.136580599270078928E+01    0.772696294445746723E+00    0.124455056149829006E+10    0.328218559276821557E+06   -0.732393112497857146E+02
    0.130991866790555722E+01    0.766714707920387983E+00    0.125585774941693687E+10    0.333107132701449445E+06   -0.732345805368910305E+02
    0.130991866790555722E+01    0.766714707920387983E+00    0.125585774941693687E+10    0.333107132701449445E+06   -0.732345805368910305E+02
    0.122755413052641349E+01    0.684386117520496828E+00    0.127364312553780174E+10    0.335329753227996349E+06   -0.731973289376847163E+02
    0.136569534917830726E+01    0.762617348710073806E+00    0.123941688234253144E+10    0.328404163666417997E+06   -0.731553690007112181E+02
    0.131245156844612576E+01    0.708418443709041945E+00    0.124369009838232350E+10    0.326094010683185072E+06   -0.731399822366902441E+02
    0.128454945137435028E+01    0.725269485149098614E+00    0.124904953083991861E+10    0.339668466443117009E+06   -0.731060970782564681E+02
    0.133589589715570911E+01    0.715185748595393189E+00    0.125585666618664932E+10    0.315749802142779576E+06   -0.731025293333155162E+02
    0.125946636178876914E+01    0.715419992208637723E+00    0.127612248819753647E+10    0.326313077077466587E+06   -0.730818873027899372E+02
    0.125946636178876914E+01    0.715419992208637723E+00    0.127612248819753647E+10    0.326313077077466587E+06   -0.730818873027899372E+02
    0.136148140627927283E+01    0.807458849821883096E+00    0.124793004953981876E+10    0.326220618584187818E+06   -0.730623104641579459E+02
    0.127417589516176544E+01    0.726848842754836966E+00    0.125921246641332912E+10    0.325187468376670615E+06   -0.730517703631520448E+02
    0.127417589516176544E+01    0.726848842754836966E+00    0.125921246641332912E+10    0.325187468376670615E+06   -0.730517703631520448E+02
    0.133660407671650372E+01    0.692107077881096266E+00    0.125517087248649859E+10    0.315467511335731659E+06   -0.730393633359951906E+02
    0.129866928512050039E+01    0.793023933121234759E+00    0.126622202172030711E+10    0.328052384173615079E+06   -0.730375235349744401E+02
    0.128444116331412439E+01    0.736328653855444770E+00    0.128045685667142725E+10    0.323986638041012746E+06   -0.730357563186274064E+02
    0.128444116331412439E+01    0.736328653855444770E+00    0.128045685667142725E+10    0.323986638041012746E+06   -0.730357563186274064E+02
    0.126247663676542432E+01    0.793278948515916849E+00    0.126508971927521491E+10    0.336547804170441523E+06   -0.730232505347534726E+02
    0.132524846905935845E+01    0.729453944396792231E+00    0.126078583716228747E+10    0.314167416162768204E+06   -0.730041922227274824E+02
    0.132524846905935845E+01    0.729453944396792231E+00    0.126078583716228747E+10    0.314167416162768204E+06   -0.730041922227274824E+02
    0.134164181467769472E+01    0.795645112691013345E+00    0.126279868299970579E+10    0.324141975535646605E+06   -0.729913141586707184E+02
    0.134164181467769472E+01    0.795645112691013345E+00    0.126279868299970579E+10    0.324141975535646605E+06   -0.729913141586707184E+02
    0.134151639000613687E+01    0.702495544537974581E+00    0.125585167066412544E+10    0.323374134594568692E+06   -0.729850761374233059E+02
    0.129040677365047740E+01    0.737010093576774050E+00    0.125886510799071884E+10    0.321924984311191423E+06   -0.729755476222571247E+02
    0.129040677365047740E+01    0.737010093576774050E+00    0.125886510799071884E+10    0.321924984311191423E+06   -0.729755476222571247E+02
    0.125627352306784901E+01    0.736230205831824858E+00    0.128018136506789637E+10    0.339794575835792813E+06   -0.729681716129416884E+02
    0.125627352306784901E+01    0.736230205831824858E+00    0.128018136506789637E+10    0.339794575835792813E+06   -0.729681716129416884E+02
    0.129031627206936950E+01    0.709914863212055991E+00    0.125813410470052075E+10    0.329461879855653038E+06   -0.729508260312112213E+02
    0.127375470576260663E+01    0.721971379653244760E+00    0.126151896159856200E+10    0.332627094691437262E+06   -0.729428671333041052E+02
    0.127375470576260663E+01    0.721971379653244760E+00    0.126151896159856200E+10    0.332627094691437262E+06   -0.729428671333041052E+02
    0.127099593435643521E+01    0.760223696004751925E+00    0.128784399570108151E+10    0.336771504938802100E+06   -0.729382424662156694E+02
    0.127099593435643521E+01    0.760223696004751925E+00    0.128784399570108151E+10    0.336771504938802100E+06   -0.729382424662156694E+02
    0.126557161217917402E+01    0.725834002650478816E+00    0.126418160738751268E+10    0.340055732647895638E+06   -0.729366166384022421E+02
    0.132204066060304148E+01    0.752942483796802176E+00    0.125516416332716870E+10    0.324578111314010108E+06   -0.729345478611559059E+02
    0.129147863493022386E+01    0.760596285818690543E+00    0.125465983691549563E+10    0.323999560544163862E+06   -0.729332133967342457E+02
    0.132893858005056131E+01    0.782487722341546288E+00    0.125679265062303948E+10    0.339021487948448281E+06   -0.729130466078270842E+02
    0.125031151992960265E+01    0.748312502399443691E+00    0.127352853112371063E+10    0.342558409129191306E+06   -0.728999388813508915E+02
    0.131638579477868833E+01    0.739084833736756597E+00    0.124954240405019784E+10    0.336534267300613457E+06   -0.728852444417471190E+02
    0.131903059413846657E+01    0.709401830222475382E+00    0.125053215392905259E+10    0.328734626157950843E+06   -0.728765510535064465E+02
    0.131903059413846657E+01    0.709401830222475382E+00    0.125053215392905259E+10    0.328734626157950843E+06   -0.728765510535064465E+02
    0.133497467223169908E+01    0.791916981926115149E+00    0.124398304410280442E+10    0.325583104430939129E+06   -0.728761784810577637E+02
    0.132226828745474179E+01    0.733645027893707447E+00    0.126025544155539584E+10    0.323332731637188059E+06   -0.728598462372094389E+02
    0.130151613721096870E+01    0.725395751143223855E+00    0.126353182500309944E+10    0.332159056261644757E+06   -0.728595241174547112E+02
    0.131324243625267867E+01    0.746769139096042700E+00    0.124628509615652752E+10    0.344088361616854323E+06   -0.728480332378674262E+02
    0.131324243625267867E+01    0.746769139096042700E+00    0.124628509615652752E+10    0.344088361616854323E+06   -0.728480332378674262E+02
    0.124404962928532403E+01    0.714580362695973026E+00    0.125373882462489915E+10    0.333109180162780394E+06   -0.728340367441275163E+02
    0.124404962928532403E+01    0.714580362695973026E+00    0.125373882462489915E+10    0.333109180162780394E+06   -0.728340367441275163E+02
    0.122545974703970262E+01    0.769124619735798820E+00    0.128378556663052726E+10    0.336728820178615162E+06   -0.728058857570681113E+02
    0.130368119520114556E+01    0.730792257318753968E+00    0.125015399019196367E+10    0.338999774981488183E+06   -0.728013672618909879E+02
    0.130368119520114556E+01    0.730792257318753968E+00    0.125015399019196367E+10    0.338999774981488183E+06   -0.728013672618909879E+02
    0.130676556645842790E+01    0.716212218441298010E+00    0.125704631136676431E+10    0.319812270297245297E+06   -0.727929643889057445E+02
    0.130676556645842790E+01    0.716212218441298010E+00    0.125704631136676431E+10    0.319812270297245297E+06   -0.727929643889057445E+02
    0.122246688671077619E+01    0.750144200618486412E+00    0.128343232059427643E+10    0.334891781230485474E+06   -0.727791942759088641E+02
    0.122246688671077619E+01    0.750144200618486412E+00    0.128343232059427643E+10    0.334891781230485474E+06   -0.727791942759088641E+02
    0.123989695676535416E+01    0.726716313649616197E+00    0.128248708576720023E+10    0.328529111275354750E+06   -0.727737400555559191E+02
    0.134092210739158801E+01    0.716082982171966531E+00    0.124788878667060423E+10    0.335177281806188344E+06   -0.727595272621834681E+02
    0.122764717952309299E+01    0.748848371249998479E+00    0.127539024645841050E+10    0.345732081340509409E+06   -0.727466874094120044E+02
    0.122764717952309299E+01    0.748848371249998479E+00    0.127539024645841050E+10    0.345732081340509409E+06   -0.727466874094120044E+02
    0.125200598097490801E+01    0.763987769102015601E+00    0.127083584079590178E+10    0.345366291745739523E+06   -0.727093290801208525E+02
    0.125200598097490801E+01    0.763987769102015601E+00    0.127083584079590178E+10    0.345366291745739523E+06   -0.727093290801208525E+02
    0.132968435416914477E+01    0.798842867039027738E+00    0.126471915557284975E+10    0.328670636573859432E+06   -0.727002352985717124E+02
    0.132968435416914477E+01    0.798842867039027738E+00    0.126471915557284975E+10    0.328670636573859432E+06   -0.727002352985717124E+02
    0.130980159954824282E+01    0.739299228818569798E+00    0.125457904548263788E+10    0.326899520273958857E+06   -0.726648136205199080E+02
    0.122913876782442988E+01    0.729061459654285926E+00    0.127502110469486856E+10    0.335212375145374099E+06   -0.726561995949817288E+02
    0.122913876782442988E+01    0.729061459654285926E+00    0.127502110469486856E+10    0.335212375145374099E+06   -0.726561995949817288E+02
    0.129440662419236241E+01    0.713477725537218443E+00    0.126658288491228414E+10    0.336569102430242521E+06   -0.726456104963787084E+02
    0.134411112805260835E+01    0.724160581260365976E+00    0.125671474526918030E+10    0.331031348709866405E+06   -0.726346914658585803E+02
    0.136105087147271009E+01    0.782956918078116182E+00    0.124293753552479005E+10    0.327101162253930699E+06   -0.726318264679817815E+02
    0.136105087147271009E+01    0.782956918078116182E+00    0.124293753552479005E+10    0.327101162253930699E+06   -0.726318264679817815E+02
    0.130481973081321234E+01    0.701849850647953133E+00    0.125466661457479715E+10    0.334926568876090751E+06   -0.726289520183883610E+02
    0.130481973081321234E+01    0.701849850647953133E+00    0.125466661457479715E+10    0.334926568876090751E+06   -0.726289520183883610E+02
    0.130775947632764966E+01    0.719295211745512475E+00    0.125819786606537199E+10    0.317869848305668740E+06   -0.726282880510721327E+02
    0.130775947632764966E+01    0.719295211745512475E+00    0.125819786606537199E+10    0.317869848305668740E+06   -0.726282880510721327E+02
    0.123304165458234660E+01    0.756059791311185947E+00    0.127827115836017013E+10    0.330592161953197618E+06   -0.726256569767484734E+02
    0.123304165458234660E+01    0.756059791311185947E+00    0.127827115836017013E+10    0.330592161953197618E+06   -0.726256569767484734E+02
    0.123007381220843826E+01    0.726560593337314931E+00    0.127525192849522996E+10    0.329992856279787375E+06   -0.726188542788486018E+02
    0.123007381220843826E+01    0.726560593337314931E+00    0.127525192849522996E+10    0.329992856279787375E+06   -0.726188542788486018E+02
    0.133804406339382265E+01    0.728171685505802024E+00    0.125379139831604147E+10    0.326177717113704130E+06   -0.726134142656026853E+02
    0.133804406339382265E+01    0.728171685505802024E+00    0.125379139831604147E+10    0.326177717113704130E+06   -0.726134142656026853E+02
    0.124166182201733144E+01    0.807511248751989541E+00    0.126707777506183004E+10    0.329919314796041755E+06   -0.726122116696511029E+02
    0.125480524599153842E+01    0.747742180147183522E+00    0.127402437843575168E+10    0.328015640280296328E+06   -0.726064765348602066E+02
    0.125480524599153842E+01    0.747742180147183522E+00    0.127402437843575168E+10    0.328015640280296328E+06   -0.726064765348602066E+02
    0.122354521941481553E+01    0.743775113211615491E+00    0.128046306936148882E+10    0.338277837548512965E+06   -0.725864829293091134E+02
    0.138448656387772462E+01    0.765902882923882089E+00    0.125799537963059878E+10    0.337056646619291510E+06   -0.725834335071561298E+02
    0.138448656387772462E+01    0.765902882923882089E+00    0.125799537963059878E+10    0.337056646619291510E+06   -0.725834335071561298E+02
    0.130529046262376003E+01    0.765625948059227568E+00    0.125770262866905737E+10    0.333854042860374670E+06   -0.725690422765473784E+02
    0.130529046262376003E+01    0.765625948059227568E+00    0.125770262866905737E+10    0.333854042860374670E+06   -0.725690422765473784E+02
    0.131892182340753705E+01    0.747519752868623932E+00    0.124810751279045224E+10    0.321563153178388020E+06   -0.725675561975638033E+02
    0.131671254022130491E+01    0.727472205771542146E+00    0.125990583526554370E+10    0.347324011086108221E+06   -0.725650631211909740E+02
    0.131671254022130491E+01    0.727472205771542146E+00    0.125990583526554370E+10    0.347324011086108221E+06   -0.725650631211909740E+02
    0.124729762210061268E+01    0.662891148201874447E+00    0.126737712387830567E+10    0.342374806391679449E+06   -0.725643168434114756E+02
    0.124729762210061268E+01    0.662891148201874447E+00    0.126737712387830567E+10    0.342374806391679449E+06   -0.725643168434114756E+02
    0.133163052001719473E+01    0.703432129307307363E+00    0.124941507029993320E+10    0.320485309274040337E+06   -0.725400208183730371E+02
    0.133163052001719473E+01    0.703432129307307363E+00    0.124941507029993320E+10    0.320485309274040337E+06   -0.725400208183730371E+02
    0.128809956462471109E+01    0.799690555503275391E+00    0.126224363054459691E+10    0.337183371462363517E+06   -0.725346534703669619E+02
    0.129633908302646295E+01    0.735876493881379545E+00    0.125499425532728815E+10    0.335212885346568713E+06   -0.725284721155892100E+02
    0.129966557248131864E+01    0.756750211599993783E+00    0.124850755368976164E+10    0.334718067040708789E+06   -0.725199603473520824E+02
    0.128967838752524733E+01    0.736911472607985285E+00    0.125559268083871078E+10    0.339820856953217415E+06   -0.725075609673823180E+02
    0.128967838752524733E+01    0.736911472607985285E+00    0.125559268083871078E+10    0.339820856953217415E+06   -0.725075609673823180E+02
    0.130995948321599442E+01    0.727965520840902602E+00    0.125365780364037704E+10    0.339837629134783230E+06   -0.725069344701880993E+02
    0.125423110930850656E+01    0.741651631728938554E+00    0.126249463096579766E+10    0.345801014345059812E+06   -0.724941730908800821E+02
    0.125423110930850656E+01    0.741651631728938554E+00    0.126249463096579766E+10    0.345801014345059812E+06   -0.724941730908800821E+02
    0.126868226978876231E+01    0.777486968069606821E+00    0.127118238679975247E+10    0.326430646131164976E+06   -0.724915424201120260E+02
    0.126868226978876231E+01    0.777486968069606821E+00    0.127118238679975247E+10    0.326430646131164976E+06   -0.724915424201120260E+02
    0.127014150643644186E+01    0.782686755088043196E+00    0.127743414344212294E+10    0.334342982772383781E+06   -0.724898104709750584E+02
    0.133662752381891003E+01    0.721604609760743365E+00    0.124813957706956482E+10    0.320289065140693274E+06   -0.724884555220361904E+02
    0.126393490785137841E+01    0.729239156884563311E+00    0.125180807318272710E+10    0.334961809803093260E+06   -0.724873756493278165E+02
    0.129561746542183753E+01    0.780019098360345886E+00    0.126223211451092076E+10    0.322785900009322097E+06   -0.724749037500662041E+02
    0.134321713833610068E+01    0.711594906700832475E+00    0.124702918414800286E+10    0.327012014168720169E+06   -0.724657901956988439E+02
    0.134321713833610068E+01    0.711594906700832475E+00    0.124702918414800286E+10    0.327012014168720169E+06   -0.724657901956988439E+02
    0.130059898895764570E+01    0.784512759962595840E+00    0.125412967190655422E+10    0.339534639382074703E+06   -0.724656533905351523E+02
    0.126383793118050214E+01    0.787218706975941096E+00    0.127073381557120585E+10    0.341034467494436714E+06   -0.724576075208268833E+02
    0.133028550016641600E+01    0.797037563533400384E+00    0.125959266710442734E+10    0.334163326476369577E+06   -0.724553097709204792E+02
    0.122112488002256669E+01    0.730677246680261572E+00    0.127379447588026476E+10    0.342972980055938649E+06   -0.724532722627136536E+02
    0.130337620968683177E+01    0.736722566897197062E+00    0.124849629794150901E+10    0.324661813848896360E+06   -0.724472257836313531E+02
    0.130337620968683177E+01    0.736722566897197062E+00    0.124849629794150901E+10    0.324661813848896360E+06   -0.724472257836313531E+02
    0.128923185270599250E+01    0.782405146164180998E+00    0.124577802051431966E+10    0.336454245608053578E+06   -0.724370512661102168E+02
    0.126864287872917614E+01    0.672822842264048315E+00    0.127245001175159931E+10    0.337609640568559757E+06   -0.724269720535282033E+02
    0.126864287872917614E+01    0.672822842264048315E+00    0.127245001175159931E+10    0.337609640568559757E+06   -0.724269720535282033E+02
    0.125449833440528735E+01    0.730486488866101791E+00    0.126168259770248437E+10    0.331835417021339119E+06   -0.724116669554883288E+02
    0.135419508102168562E+01    0.716669540707988606E+00    0.124401988311189532E+10    0.328863706920903234E+06   -0.724006176244918151E+02
    0.135419508102168562E+01    0.716669540707988606E+00    0.124401988311189532E+10    0.328863706920903234E+06   -0.724006176244918151E+02
    0.128481489835959262E+01    0.742224350464768978E+00    0.126094016977292371E+10    0.343449832482935570E+06   -0.723998978040425527E+02
    0.131550840500496591E+01    0.790071285707761639E+00    0.125427199232423782E+10    0.338248132727012679E+06   -0.723926767994376803E+02
    0.124317923154112209E+01    0.777156735371072216E+00    0.127096806563900280E+10    0.339679519499283459E+06   -0.723894917994899743E+02
    0.125968022848577310E+01    0.711454705527664100E+00    0.126364770833700466E+10    0.332494826406163687E+06   -0.723863199010067859E+02
    0.119691615841292753E+01    0.734646255681971283E+00    0.127670045160787845E+10    0.342971843384805892E+06   -0.723820551295070658E+02
    0.119691615841292753E+01    0.734646255681971283E+00    0.127670045160787845E+10    0.342971843384805892E+06   -0.723820551295070658E+02
    0.131455955098932131E+01    0.771829029815788825E+00    0.126124979849351406E+10    0.327115614956984122E+06   -0.723816616414419940E+02
    0.128615536024215271E+01    0.715964576374068962E+00    0.126081895135696149E+10    0.330086410087382188E+06   -0.723813070455510967E+02
    0.132318084996853291E+01    0.716732062357199329E+00    0.124639631148655438E+10    0.339083544068869669E+06   -0.723801450852864718E+02
    0.132305196010640480E+01    0.735156082147076173E+00    0.125087578569134331E+10    0.318861857920196606E+06   -0.723643041946044150E+02
    0.128173047911769933E+01    0.782522823440772175E+00    0.125372593820194721E+10    0.340293686580504582E+06   -0.723472775404960515E+02
    0.125074855950215857E+01    0.724146763907550728E+00    0.126465711286907101E+10    0.330125465282426332E+06   -0.723300880444867857E+02
    0.133783283274479992E+01    0.726045384030188146E+00    0.124643230566526318E+10    0.337832156751726696E+06   -0.723274588959103824E+02
    0.131873518061484041E+01    0.785446658498198946E+00    0.125041289906355119E+10    0.339358880762787070E+06   -0.723236744058105501E+02
    0.127452936696185226E+01    0.709594259770926161E+00    0.126343707734710026E+10    0.335490382728721830E+06   -0.723113907456331901E+02
    0.126411793465520317E+01    0.792743576164631314E+00    0.126469154444617820E+10    0.341510954786531569E+06   -0.723085820854459200E+02
    0.126411793465520317E+01    0.792743576164631314E+00    0.126469154444617820E+10    0.341510954786531569E+06   -0.723085820854459200E+02
    0.129976677799301443E+01    0.793074353296158385E+00    0.126467776521087670E+10    0.329772353960838052E+06   -0.723042455498064101E+02
    0.130817258916197288E+01    0.733959429309369416E+00    0.125498335909443545E+10    0.327861025154104747E+06   -0.722908357750561663E+02
    0.130817258916197288E+01    0.733959429309369416E+00    0.125498335909443545E+10    0.327861025154104747E+06   -0.722908357750561663E+02
    0.124792087972129684E+01    0.749265719724240054E+00    0.127606014169218087E+10    0.339737202119637106E+06   -0.722905897664998918E+02
    0.131994925438606847E+01    0.736920258901193392E+00    0.125180789827748919E+10    0.339656179392330348E+06   -0.722776520721915006E+02
    0.131994925438606847E+01    0.736920258901193392E+00    0.125180789827748919E+10    0.339656179392330348E+06   -0.722776520721915006E+02
    0.134022604346359731E+01    0.782101857423333158E+00    0.125972293036139488E+10    0.326138638625779247E+06   -0.722767419460246998E+02
    0.126726621316463506E+01    0.773615748567087813E+00    0.126444765947648883E+10    0.343789474021569942E+06   -0.722767262139950901E+02
    0.126726621316463506E+01    0.773615748567087813E+00    0.126444765947648883E+10    0.343789474021569942E+06   -0.722767262139950901E+02
    0.130177241553037648E+01    0.758807275233041700E+00    0.125522957307892394E+10    0.337827733408723143E+06   -0.722698520034681735E+02
    0.126896276045883005E+01    0.774132925286910467E+00    0.127327611175770140E+10    0.341261767848752672E+06   -0.722618269535547597E+02
    0.130881506836533301E+01    0.724233884025146768E+00    0.126023124674857140E+10    0.328829210899466940E+06   -0.722617203461640969E+02
    0.129211001335432707E+01    0.742285048039550421E+00    0.126986839668011856E+10    0.334280468500062125E+06   -0.722486488015811261E+02
    0.129211001335432707E+01    0.742285048039550421E+00    0.126986839668011856E+10    0.334280468500062125E+06   -0.722486488015811261E+02
    0.128068246340731950E+01    0.742889814292122974E+00    0.125266826189383364E+10    0.339618787534829986E+06   -0.722455627637522468E+02
    0.129336073556523212E+01    0.766143576400768911E+00    0.125233405102244091E+10    0.335263800739048107E+06   -0.722265624396113708E+02
    0.126231321323053636E+01    0.818684565342234993E+00    0.126741213806009102E+10    0.338735020522315346E+06   -0.722246836474856337E+02
    0.131424608795652254E+01    0.747252736116200911E+00    0.125144940680445862E+10    0.328202380804873130E+06   -0.721860506773172830E+02
    0.129707175653005824E+01    0.722647344387469470E+00    0.127709535354570818E+10    0.324067342062395241E+06   -0.721652479631220558E+02
    0.124097815759965635E+01    0.739828104977542367E+00    0.127429170051810336E+10    0.341014355048249941E+06   -0.721632156850486979E+02
    0.133637153394635511E+01    0.730948509614220310E+00    0.124629112946506095E+10    0.335164846119362221E+06   -0.721631629807102541E+02
    0.125854676562469159E+01    0.747943347659138613E+00    0.127479165744140792E+10    0.334483236179787433E+06   -0.721536735369777489E+02
    0.125854676562469159E+01    0.747943347659138613E+00    0.127479165744140792E+10    0.334483236179787433E+06   -0.721536735369777489E+02
    0.127054767668752144E+01    0.713726783424281752E+00    0.126778243035917115E+10    0.327844327009504603E+06   -0.721502415894919693E+02
    0.125066536584562082E+01    0.714927201889220765E+00    0.125560494789341211E+10    0.333730177117198822E+06   -0.721427019626250114E+02
    0.125066536584562082E+01    0.714927201889220765E+00    0.125560494789341211E+10    0.333730177117198822E+06   -0.721427019626250114E+02
    0.125584947828898086E+01    0.761101351020093020E+00    0.128480694658125544E+10    0.331386551882194763E+06   -0.721381155293682070E+02
    0.131585935263057041E+01    0.720372149384609806E+00    0.125246387404770947E+10    0.334229431764224893E+06   -0.721329119500715876E+02
    0.128475786996883556E+01    0.794317774035405044E+00    0.126942224196433020E+10    0.338799379633391451E+06   -0.721313008227641319E+02
    0.131891695377362828E+01    0.788071782452846037E+00    0.125864494598596120E+10    0.339546527535120316E+06   -0.721237327180805039E+02
    0.128476357479916525E+01    0.771303563336129372E+00    0.126274168803724837E+10    0.336186503877498326E+06   -0.721191620968294558E+02
    0.134215077890721135E+01    0.763171624644994662E+00    0.125426053980389571E+10    0.332012814590714115E+06   -0.721131834001962488E+02
    0.120102263481053995E+01    0.726111124745526748E+00    0.127395813561367488E+10    0.341471609498309321E+06   -0.721130125188316811E+02
    0.126509408010606728E+01    0.727893598720253276E+00    0.125009425768215179E+10    0.328860287288913329E+06   -0.721007182109854341E+02
    0.126509408010606728E+01    0.727893598720253276E+00    0.125009425768215179E+10    0.328860287288913329E+06   -0.721007182109854341E+02
    0.131190990670237784E+01    0.721817934838789199E+00    0.124837315476835132E+10    0.325219975187496399E+06   -0.721006733599262475E+02
    0.128875770089797093E+01    0.759991280895760735E+00    0.124648139314999747E+10    0.337444786792346451E+06   -0.720968686791391491E+02
    0.132453947043729880E+01    0.761512188648350463E+00    0.125603747378517151E+10    0.331622897391365143E+06   -0.720828228439279997E+02
    0.128840721919508439E+01    0.730989955206333697E+00    0.125856101801056409E+10    0.342584210694079695E+06   -0.720597258377879513E+02
    0.123459523064629195E+01    0.684214448330310532E+00    0.127222382359349585E+10    0.332292716544255556E+06   -0.720561899094356590E+02
    0.128516267686610175E+01    0.714183094219966286E+00    0.124862077378797507E+10    0.336464193957396958E+06   -0.720435806428886139E+02
    0.130764555094517276E+01    0.771694558963708310E+00    0.125719136904797268E+10    0.334190281097299652E+06   -0.720417348379568665E+02
    0.132950099103224217E+01    0.724022458579588246E+00    0.124695047467482090E+10    0.332885791763166955E+06   -0.720344030965795241E+02
    0.130763552929912086E+01    0.767660104370016416E+00    0.125671619523759365E+10    0.327625191160183749E+06   -0.720324067018270284E+02
    0.132522162043070502E+01    0.773471180273045622E+00    0.126116223685377812E+10    0.330864109406749310E+06   -0.720305643487946554E+02
    0.127239146322509833E+01    0.717167128285816080E+00    0.127890065018592072E+10    0.325240058651689498E+06   -0.720006039467560299E+02
    0.132730228114102755E+01    0.705094488516174511E+00    0.124837142971241498E+10    0.332941542474823247E+06   -0.719942205130740263E+02
    0.131919896433617101E+01    0.756389111199643693E+00    0.125900599211466813E+10    0.331066151591962320E+06   -0.719925094219276360E+02
    0.131919896433617101E+01    0.756389111199643693E+00    0.125900599211466813E+10    0.331066151591962320E+06   -0.719925094219276360E+02
    0.131523509443675213E+01    0.792430440391409530E+00    0.126249284970567346E+10    0.328616448782812688E+06   -0.719869025977080952E+02
    0.131523509443675213E+01    0.792430440391409530E+00    0.126249284970567346E+10    0.328616448782812688E+06   -0.719869025977080952E+02
    0.133092014435799544E+01    0.754641197527060381E+00    0.125424949600219870E+10    0.327337555923345266E+06   -0.719846259497643786E+02
    0.126612082818658611E+01    0.760068303627409403E+00    0.126333007478854585E+10    0.334162067646877491E+06   -0.719787899314649025E+02
    0.123730050215374998E+01    0.743997988032331303E+00    0.127737582490585327E+10    0.336786063107216731E+06   -0.719637096389619728E+02
    0.126986235455814267E+01    0.751268027879089750E+00    0.126670828377800012E+10    0.333120705554186774E+06   -0.719617876588309002E+02
    0.125621906707691711E+01    0.693608364894684915E+00    0.126527711450163722E+10    0.335173817981751112E+06   -0.719534729074598545E+02
    0.135066421735662812E+01    0.781734401844833116E+00    0.124746314331119680E+10    0.326059463980633533E+06   -0.719532345712734269E+02
    0.134516729651704203E+01    0.732788474572531268E+00    0.125330222314938354E+10    0.326620522574875737E+06   -0.719508911324351885E+02
    0.131491535101271118E+01    0.726942002214282290E+00    0.125933579297079754E+10    0.340205067216063326E+06   -0.719346891056904951E+02
    0.131491535101271118E+01    0.726942002214282290E+00    0.125933579297079754E+10    0.340205067216063326E+06   -0.719346891056904951E+02
    0.131437108959902926E+01    0.720165378517009902E+00    0.124238743489677763E+10    0.332688145739435393E+06   -0.719320441218934263E+02
    0.121421224659707083E+01    0.713664188049326853E+00    0.126577834670050263E+10    0.344365987056236889E+06   -0.719270918904605878E+02
    0.128390118952576948E+01    0.712821328833741941E+00    0.124767932685214949E+10    0.339483009002713894E+06   -0.719192828572770679E+02
    0.133347226264804020E+01    0.786855265521716696E+00    0.125882612039480519E+10    0.330849142901248531E+06   -0.719106802556159153E+02
    0.129337493533751946E+01    0.779982508709180067E+00    0.125256236324296331E+10    0.338248629436640185E+06   -0.718952587287696474E+02
    0.127817613254618156E+01    0.755997096686013670E+00    0.126919049264138269E+10    0.342440786071713432E+06   -0.718901376823403098E+02
    0.126886735933661599E+01    0.742353270906020324E+00    0.127182613160643196E+10    0.336017999493698124E+06   -0.718895731041780550E+02
    0.123230574028349382E+01    0.707734151106359732E+00    0.127063625503424668E+10    0.341172784656398231E+06   -0.718893201370178190E+02
    0.135626013588264382E+01    0.781126097068969294E+00    0.124511741260940289E+10    0.326276826133455150E+06   -0.718888680071490285E+02
    0.135626013588264382E+01    0.781126097068969294E+00    0.124511741260940289E+10    0.326276826133455150E+06   -0.718888680071490285E+02
    0.132386753176815608E+01    0.751136641851921638E+00    0.125289939361691093E+10    0.326547350849302369E+06   -0.718724962567344647E+02
    0.124946580948347541E+01    0.707441752836330373E+00    0.127102030221671557E+10    0.327976183668223151E+06   -0.718646847167882186E+02
    0.127485997710686672E+01    0.781889317955559271E+00    0.126012589733109832E+10    0.327480869283676497E+06   -0.718595921989828383E+02
    0.125573594323891258E+01    0.786441980922719885E+00    0.126698581711980796E+10    0.333880745532423898E+06   -0.718594876312541260E+02
    0.127485627285166525E+01    0.721850106282354798E+00    0.126579621737232018E+10    0.330492268171719159E+06   -0.718593573043966387E+02
    0.131764293189460124E+01    0.786454938318357666E+00    0.124628514186490488E+10    0.338169542411757458E+06   -0.718564941644822568E+02
    0.128381268658896652E+01    0.723938334383229076E+00    0.126282915124014568E+10    0.325971890129648324E+06   -0.718248227194105056E+02
    0.131479779769150640E+01    0.724564147529874525E+00    0.124309518397353578E+10    0.332881846636573551E+06   -0.718162523360367118E+02
    0.121964158987665372E+01    0.766582856230944909E+00    0.127719626285483456E+10    0.337820581928802247E+06   -0.718144282171652009E+02
    0.124595349087049234E+01    0.737918633036295901E+00    0.127230648403345561E+10    0.331544495619727822E+06   -0.718123588353454352E+02
    0.131769797196496996E+01    0.757783279985102975E+00    0.125538495946823335E+10    0.326177185744491464E+06   -0.718089538105091947E+02
    0.130100630940324447E+01    0.761913746274253345E+00    0.124443039357672572E+10    0.332517187821426895E+06   -0.718085616984990622E+02
    0.132896808506791153E+01    0.725295306356985581E+00    0.124257275420781636E+10    0.337253737398526864E+06   -0.718062161143928677E+02
    0.129749920394006080E+01    0.729776789116998614E+00    0.126021959602983117E+10    0.340282997908576042E+06   -0.718049487104488122E+02
    0.129646897322342070E+01    0.741690388201668327E+00    0.126300167432777810E+10    0.342648205228309846E+06   -0.717999495437233577E+02
    0.128636452762644526E+01    0.802705074747583236E+00    0.126139682019455671E+10    0.340136777217165451E+06   -0.717999257885706754E+02
    0.126208715476203448E+01    0.695416284975305388E+00    0.127414047311599398E+10    0.332567377141402743E+06   -0.717931269404169115E+02
    0.127775275494821838E+01    0.729793922504657910E+00    0.126295529324566841E+10    0.330559780201804067E+06   -0.717910122147612526E+02
    0.130182975757721553E+01    0.768134236185177954E+00    0.125885496011897969E+10    0.337414232989261800E+06   -0.717827106294821817E+02
    0.133039710263269106E+01    0.721797254922464493E+00    0.124558791116066980E+10    0.336400883474068425E+06   -0.717767387554103493E+02
    0.125115288639674427E+01    0.680238359156496220E+00    0.126696388252692556E+10    0.331716234467690228E+06   -0.717744810000828437E+02
    0.128652690531875380E+01    0.711749423474894005E+00    0.126330050872809577E+10    0.332356314758915280E+06   -0.717671653005988190E+02
    0.124059605050416399E+01    0.740230911056305452E+00    0.126563579058909249E+10    0.342354288190859137E+06   -0.717619992213094235E+02
    0.125469482972817392E+01    0.735277058423507324E+00    0.126251023097748375E+10    0.341514912119138695E+06   -0.717574064907638984E+02
    0.126071528569912994E+01    0.778463719187532988E+00    0.127443634320407009E+10    0.336563420187794603E+06   -0.717530855789125894E+02
    0.129894918587830910E+01    0.715452409552071789E+00    0.125172046352664924E+10    0.328628509294044168E+06   -0.717481997151012081E+02
    0.130873482558234633E+01    0.713882694584286437E+00    0.124396927385486507E+10    0.335757716467377264E+06   -0.717466334789102262E+02
    0.130924453110429906E+01    0.773525455023033714E+00    0.125720628183595920E+10    0.341798952716525178E+06   -0.717438323795005317E+02
    0.126447860046323735E+01    0.731496687984689142E+00    0.126200808681947589E+10    0.343088518184016342E+06   -0.717432403120267566E+02
    0.131385716640294525E+01    0.786662802185221999E+00    0.125056169757951236E+10    0.337744435930621694E+06   -0.717239401900700102E+02
    0.130492055165577514E+01    0.737838475783855419E+00    0.125939618935639215E+10    0.327940925159709761E+06   -0.717190747015573749E+02
    0.128478376138159311E+01    0.691996388467479573E+00    0.127158187195252633E+10    0.335146275987892062E+06   -0.717023509025027721E+02
    0.122181666650941456E+01    0.717554516115500807E+00    0.126644190098562479E+10    0.344667562048428983E+06   -0.717005007776837431E+02
    0.133100919942703033E+01    0.735648844636759502E+00    0.125521565396787024E+10    0.339290870848600054E+06   -0.716860139939432912E+02
    0.129912120741699955E+01    0.748174826373845026E+00    0.126921379660459828E+10    0.334301065950675518E+06   -0.716810326790544821E+02
    0.128366165591062065E+01    0.695184477922024868E+00    0.127332277344580340E+10    0.335728577829098562E+06   -0.716783016866699825E+02
    0.129328343464446349E+01    0.757107559684250475E+00    0.125800193441482306E+10    0.331466469088251528E+06   -0.716781631888871118E+02
    0.126722456449983190E+01    0.728261770569843758E+00    0.126200556786073184E+10    0.332323722730530077E+06   -0.716752710889428357E+02
    0.129605657233519644E+01    0.727247130525849883E+00    0.125856493261468720E+10    0.339396040441058634E+06   -0.716587110257054007E+02
    0.132726729928194698E+01    0.725088799434697062E+00    0.125658121953705359E+10    0.336231694256317161E+06   -0.716578931353770372E+02
    0.128924967704055948E+01    0.717828790026258101E+00    0.126302440278199267E+10    0.334838743315456493E+06   -0.716556432299767323E+02
    0.126564883382232307E+01    0.780566728173746061E+00    0.126188729464239931E+10    0.330224005164519593E+06   -0.716532820498445489E+02
    0.130541895534041141E+01    0.752986154920192163E+00    0.126933680295767713E+10    0.336318738845974091E+06   -0.716487640815036855E+02
    0.127553084317975074E+01    0.706636615580604310E+00    0.126277653161318779E+10    0.332393404297993809E+06   -0.716432725758671154E+02
    0.127443743217235395E+01    0.697771351390741756E+00    0.126902038394541669E+10    0.333897106943802093E+06   -0.716408160230446498E+02
    0.130618191488030022E+01    0.728422093506804647E+00    0.126332932547393870E+10    0.339649616847867437E+06   -0.716335704169201506E+02
    0.127230154040917554E+01    0.782751240844560048E+00    0.126378941968338919E+10    0.331480667812520405E+06   -0.716248857678573643E+02
    0.133927688572734938E+01    0.749086635577580484E+00    0.125380823882175827E+10    0.332722482743665343E+06   -0.716248226266902464E+02
    0.122379324292715297E+01    0.714969886043364866E+00    0.126948403509275842E+10    0.328535470885064511E+06   -0.716161841450065424E+02
    0.127369604008643189E+01    0.728657284313787734E+00    0.126490269286742997E+10    0.344275443923874176E+06   -0.716030890159137954E+02
    0.120120826771466049E+01    0.713948197994038747E+00    0.127091913733471394E+10    0.342490455811282969E+06   -0.716020037617434610E+02
    0.126662157825520483E+01    0.752391444855401659E+00    0.126807631532474160E+10    0.331931738587030151E+06   -0.715867921947387202E+02
    0.128972460127867827E+01    0.752785619111413062E+00    0.125912957999464631E+10    0.333261355422520370E+06   -0.714406034477621716E+02
    0.130912954689604999E+01    0.770024996818923224E+00    0.126071406176721644E+10    0.329910695110069588E+06   -0.712201546913566119E+02
    0.126454139028093504E+01    0.736091565175081453E+00    0.125614409126562810E+10    0.332583358892519434E+06   -0.714675863937989533E+02
    0.126578485146524811E+01    0.744546580326067797E+00    0.125892538392893839E+10    0.332326051841059874E+06   -0.715417657277712067E+02
    0.128108430765373438E+01    0.755688791650162450E+00    0.125585148811213470E+10    0.331907245892063365E+06   -0.708614078637961029E+02
    0.128108430765373438E+01    0.755688791650162450E+00    0.125585148811213470E+10    0.331907245892063365E+06   -0.708614078637961029E+02
    0.130741176761959754E+01    0.760968592823784373E+00    0.126075980827812052E+10    0.330565787517542893E+06   -0.713983014845948105E+02
    0.131304965440369670E+01    0.770497097546289034E+00    0.125760302954778647E+10    0.326194998847095645E+06   -0.711737756419303622E+02
    0.130662369826555125E+01    0.760133782146266590E+00    0.125916059918018818E+10    0.325925898691718059E+06   -0.711072324493206906E+02
    0.131080092807250703E+01    0.760104293090272165E+00    0.125544313354481864E+10    0.324717678930403257E+06   -0.713046754405167320E+02
    0.129499446745587554E+01    0.732841758327055004E+00    0.126126016248192358E+10    0.327107482168435410E+06   -0.715718097261344042E+02
    0.130257641607009389E+01    0.726740740547020980E+00    0.126220325978813124E+10    0.326430025510071893E+06   -0.715618823771191757E+02
    0.128455427377927811E+01    0.752627335829840316E+00    0.126205106082206917E+10    0.329280663905138208E+06   -0.715184341079208536E+02
    0.129408051781723055E+01    0.738985315902120021E+00    0.126193041955983114E+10    0.328906725147895631E+06   -0.714614156059139418E+02
    0.128282546475602999E+01    0.740124502841005949E+00    0.125731711436564565E+10    0.328808184147123655E+06   -0.707678134778258112E+02
    0.128282546475602999E+01    0.740124502841005949E+00    0.125731711436564565E+10    0.328808184147123655E+06   -0.707678134778258112E+02
    0.130194970010904743E+01    0.754515453662702562E+00    0.125563643116753411E+10    0.325476813816788082E+06   -0.711978819637791673E+02
    0.128598891710116425E+01    0.769643637032082939E+00    0.125710062164935780E+10    0.331218922440923110E+06   -0.709787479265406063E+02
    0.130968597654330488E+01    0.748186616727336773E+00    0.125450244939111376E+10    0.333598289761283086E+06   -0.714578042073232069E+02
    0.130104768082948175E+01    0.740677417233524871E+00    0.125268046063448071E+10    0.333285392480119539E+06   -0.713603200630409731E+02
    0.129669070032306344E+01    0.709464641898280846E+00    0.125355295087147975E+10    0.333406912827462540E+06   -0.710255256257152467E+02
    0.129669070032306344E+01    0.709464641898280846E+00    0.125355295087147975E+10    0.333406912827462540E+06   -0.710255256257152467E+02
    0.130986699548091656E+01    0.717317418374923577E+00    0.125372681283176661E+10    0.329120003661949595E+06   -0.714154805656027918E+02
    0.128652180965751284E+01    0.724870851001748751E+00    0.125281421254726577E+10    0.333641372109764023E+06   -0.710824933141847879E+02
    0.128652180965751284E+01    0.724870851001748751E+00    0.125281421254726577E+10    0.333641372109764023E+06   -0.710824933141847879E+02
    0.130945493527299495E+01    0.714216908447767196E+00    0.125704316077333999E+10    0.333430161524520430E+06   -0.715807177150460632E+02
    0.130229207677650627E+01    0.732879283274263216E+00    0.125325071793378901E+10    0.334173225502251356E+06   -0.711493464922125725E+02
    0.130229207677650627E+01    0.732879283274263216E+00    0.125325071793378901E+10    0.334173225502251356E+06   -0.711493464922125725E+02
    0.130900147193765393E+01    0.730463663833518684E+00    0.125514350407150292E+10    0.329541461442595057E+06   -0.713637162291610707E+02
    0.130249097266833003E+01    0.722606912223112463E+00    0.125705038323113346E+10    0.329245848299491045E+06   -0.714976949670772797E+02
    0.128493479768074614E+01    0.788732226103009637E+00    0.124751981054661775E+10    0.335870316930448753E+06   -0.715076710079954125E+02
    0.130656388894483588E+01    0.795869304014559908E+00    0.124862652265927172E+10    0.335928529242363875E+06   -0.715060440466787099E+02
    0.130682501609173740E+01    0.807734374728501070E+00    0.125025554836493278E+10    0.336946486278520315E+06   -0.713255440144138930E+02
    0.132477183808981880E+01    0.750463953412842777E+00    0.125683439985113931E+10    0.328066352812572091E+06   -0.711736939877551151E+02
    0.130868241212856296E+01    0.752011766001737580E+00    0.125407239526010537E+10    0.329516706121651456E+06   -0.710340092050498981E+02
    0.135775517832980808E+01    0.745116795751219918E+00    0.125465512643051124E+10    0.327849962862489454E+06   -0.712610704288350121E+02
    0.132665407963590298E+01    0.764364992833524326E+00    0.125079006830587244E+10    0.327402733547926473E+06   -0.713031685088151903E+02
    0.132517973134994604E+01    0.746589107241188099E+00    0.125155210541713905E+10    0.326890596266414854E+06   -0.713492328956818653E+02
    0.132839407967457501E+01    0.728974852000333851E+00    0.125087644996947765E+10    0.330577615597200172E+06   -0.713281075084308611E+02
    0.129137560111072069E+01    0.791939275894643302E+00    0.125873860067522073E+10    0.337711408150776289E+06   -0.711692746520085819E+02
    0.127416978960953520E+01    0.801784133617437611E+00    0.126143555116541982E+10    0.335458908453712182E+06   -0.712570661012752709E+02
    0.129459557849346418E+01    0.772518411099265556E+00    0.125695843463579869E+10    0.334043626843863341E+06   -0.715411088199812184E+02
    0.129475566777455464E+01    0.781529550454851840E+00    0.125657714978479719E+10    0.333086677399785898E+06   -0.713797214149923605E+02
    0.127419896285882506E+01    0.763099779415801205E+00    0.125507394108557582E+10    0.333408818819571810E+06   -0.712204569849554048E+02
    0.127419896285882506E+01    0.763099779415801205E+00    0.125507394108557582E+10    0.333408818819571810E+06   -0.712204569849554048E+02
    0.127007550979660833E+01    0.772444983269727103E+00    0.125799183851516151E+10    0.329160272840081365E+06   -0.714419913285001797E+02
    0.135494756296140673E+01    0.808795510436360665E+00    0.126108972252557659E+10    0.328427886059516692E+06   -0.713729957980303311E+02
    0.130437480628079694E+01    0.775615843426219698E+00    0.125615601908907962E+10    0.332001422998707509E+06   -0.715168613140804581E+02
    0.129051193160240207E+01    0.784402382736340886E+00    0.125902576388056493E+10    0.330934348776700732E+06   -0.711287245250376827E+02
    0.128664218358712890E+01    0.778298956279448451E+00    0.125732344334362435E+10    0.329967580097909202E+06   -0.713455821853126650E+02
    0.130026854576642292E+01    0.721826675670625750E+00    0.126086699451376104E+10    0.338497069908816251E+06   -0.712054713756245974E+02
    0.130026854576642292E+01    0.721826675670625750E+00    0.126086699451376104E+10    0.338497069908816251E+06   -0.712054713756245974E+02
    0.128284361199297314E+01    0.725326822482799560E+00    0.126301097186941648E+10    0.335734937780673325E+06   -0.715466406737361069E+02
    0.125152688473608520E+01    0.727790737401475152E+00    0.126537258582060862E+10    0.336230477814283455E+06   -0.714400390288755887E+02
    0.126457588365518858E+01    0.716387458849395919E+00    0.126493943299813342E+10    0.338156643562048266E+06   -0.710940634601728334E+02
    0.125727742882257543E+01    0.729599712799183564E+00    0.126205133264466786E+10    0.337262862682610110E+06   -0.715098040777224071E+02
    0.126715364752674176E+01    0.715747568364797360E+00    0.125988607845867348E+10    0.336791518538119504E+06   -0.711059690925092553E+02
    0.126715364752674176E+01    0.715747568364797360E+00    0.125988607845867348E+10    0.336791518538119504E+06   -0.711059690925092553E+02
    0.124689785085750970E+01    0.718058808736226517E+00    0.126454446878966737E+10    0.330773763573379023E+06   -0.711020345652569574E+02
    0.123568639314322715E+01    0.710647227560321948E+00    0.126240940283531094E+10    0.330049647062871023E+06   -0.710100790969939624E+02
    0.126253772165356271E+01    0.711322009202121741E+00    0.126485517569276023E+10    0.334947004311768862E+06   -0.713185650766192509E+02
    0.127247589263482741E+01    0.709499738721129258E+00    0.126093585496481252E+10    0.333591518104773189E+06   -0.707920389960003433E+02
    0.127247589263482741E+01    0.709499738721129258E+00    0.126093585496481252E+10    0.333591518104773189E+06   -0.707920389960003433E+02
    0.127050134360231670E+01    0.699920476210587950E+00    0.126197303486463475E+10    0.331215649347959668E+06   -0.707343070349265588E+02
    0.127050134360231670E+01    0.699920476210587950E+00    0.126197303486463475E+10    0.331215649347959668E+06   -0.707343070349265588E+02
    0.124710207568772824E+01    0.716041696869183397E+00    0.126604556188892126E+10    0.333497254842259514E+06   -0.714723652796114948E+02
    0.124224534123027408E+01    0.735820151496802577E+00    0.127077025224369335E+10    0.340959603830796725E+06   -0.715456325933448198E+02
    0.125493046975722788E+01    0.747095617554110358E+00    0.126805571369965148E+10    0.339606190969566524E+06   -0.714221145760399452E+02
    0.128321598195200770E+01    0.735565899203657558E+00    0.126562173326228952E+10    0.341415616198790900E+06   -0.714359993892896483E+02
    0.126892583085893418E+01    0.739159624494909018E+00    0.126581734533561802E+10    0.341118713002026081E+06   -0.713906303219488052E+02
    0.128029917873089794E+01    0.740662901966572917E+00    0.126236382591495657E+10    0.342383609849720204E+06   -0.714170063658902876E+02
    0.124769636022161823E+01    0.724510487739594033E+00    0.126548876143144798E+10    0.340687475373687164E+06   -0.713140349470716330E+02
    0.128546221109199132E+01    0.755644277146386489E+00    0.126504089897541428E+10    0.341286881098687125E+06   -0.711995938471908403E+02
    0.123197363152987438E+01    0.786045632360416135E+00    0.127200322388386512E+10    0.339560704055506969E+06   -0.715659583386742213E+02
    0.127176238701687172E+01    0.792894471688397218E+00    0.126236775910476756E+10    0.336417870510952838E+06   -0.713274814793977043E+02
    0.130037941729038509E+01    0.764002649478809914E+00    0.126891655037788010E+10    0.335036131011307938E+06   -0.713042829005492251E+02
    0.127781514380015992E+01    0.757375773078262426E+00    0.126630615477141666E+10    0.334311861626588274E+06   -0.707211650351821390E+02
    0.127781514380015992E+01    0.757375773078262426E+00    0.126630615477141666E+10    0.334311861626588274E+06   -0.707211650351821390E+02
    0.125257322064881693E+01    0.746312900975103055E+00    0.126931790518186998E+10    0.338143438727301720E+06   -0.712646080647705418E+02
    0.126154352231900857E+01    0.758590124595162951E+00    0.126634607192385793E+10    0.335046789852866612E+06   -0.714344216253868609E+02
    0.124313907003645485E+01    0.722696680319005136E+00    0.127192424544889784E+10    0.330973411085956672E+06   -0.713832072764982399E+02
    0.127545966843506120E+01    0.677607060526363991E+00    0.127105321137870431E+10    0.332146712687036197E+06   -0.713604172658726554E+02
    0.127973529100500438E+01    0.671400000369871020E+00    0.127253721852306080E+10    0.334117860196985479E+06   -0.712991772500149352E+02
    0.126211185593282038E+01    0.715057165753377522E+00    0.126902677029527020E+10    0.332475636225690425E+06   -0.713930225083110770E+02
    0.125055536937722489E+01    0.710030464393944793E+00    0.127091987799246120E+10    0.330428655942876125E+06   -0.714390144968723177E+02
    0.127442967647709215E+01    0.708053215068122022E+00    0.126840657496751809E+10    0.333691491839542752E+06   -0.713573655245397873E+02
    0.126781481929683770E+01    0.696383620586535468E+00    0.126749774216104412E+10    0.329713107780388033E+06   -0.715191976596488814E+02
    0.124414833214711895E+01    0.734100856417568615E+00    0.126920222671811175E+10    0.331086002359279315E+06   -0.715589710472312106E+02
    0.124690121061437376E+01    0.737084080890348048E+00    0.126841511855110025E+10    0.334871019287268049E+06   -0.711723416641517446E+02
    0.124250624665065379E+01    0.740662855265744380E+00    0.126373530912375927E+10    0.330409184476320923E+06   -0.714138761562443989E+02
    0.123853703273519744E+01    0.749044455705646595E+00    0.126390893219063234E+10    0.333137511467588076E+06   -0.710968397598915516E+02
    0.124079777533024616E+01    0.752984479631027881E+00    0.126173119819528937E+10    0.330120145967618912E+06   -0.714479113119190572E+02
    0.125827446584054137E+01    0.743783648860024904E+00    0.126445432173285961E+10    0.333705654462208389E+06   -0.711662789285263102E+02
    0.128301658309493227E+01    0.742860458865364226E+00    0.126465715603299236E+10    0.328409144163671241E+06   -0.713444381574140039E+02
    0.127171485753902491E+01    0.759468364780630179E+00    0.126377681102474570E+10    0.331395636847651331E+06   -0.714922985060340892E+02
    0.125212478584277176E+01    0.760344397501015123E+00    0.126489446121555281E+10    0.326904325250035792E+06   -0.711710425132662294E+02
    0.126628753710790476E+01    0.757561051369201266E+00    0.126711039028875494E+10    0.326981282301043277E+06   -0.715519000511912964E+02
    0.127168734478988443E+01    0.746596425747272363E+00    0.126598363366483736E+10    0.329548827087069105E+06   -0.708677250031239225E+02
    0.127077236205119504E+01    0.750016941470585952E+00    0.126461054482554793E+10    0.330404351550561260E+06   -0.713110454444792481E+02
    0.128958494821114233E+01    0.754463935673350683E+00    0.126735469594095850E+10    0.327553337652417307E+06   -0.712375324365297047E+02
    0.127188071752881071E+01    0.757847013065160890E+00    0.126683130015346813E+10    0.331865102279189916E+06   -0.710735184840737020E+02
    0.128996068783783002E+01    0.762854929412511318E+00    0.127601495519280481E+10    0.332693797240050393E+06   -0.714454226368820571E+02
    0.124661064432042101E+01    0.774256355825281517E+00    0.127145247237955594E+10    0.331569473850392620E+06   -0.714619207764315263E+02
    0.125041902954861128E+01    0.762009294235512780E+00    0.127245753719780803E+10    0.331167698494341748E+06   -0.707618736185866055E+02
    0.125041902954861128E+01    0.762009294235512780E+00    0.127245753719780803E+10    0.331167698494341748E+06   -0.707618736185866055E+02
    0.126797291575702853E+01    0.764702110555639081E+00    0.126586329415768886E+10    0.332814464625827619E+06   -0.714118943043837788E+02
