    0.126448017973298721E+01    0.445630094828397105E+00    0.914593763737870902E+08   -0.153367602280007276E+03
    0.139846244737242054E+01    0.437862796745315919E+00    0.867058034201294184E+08   -0.151813250881799519E+03
    0.136516981272640847E+01    0.380480822200963686E+00    0.893690924092585444E+08   -0.151535163228871028E+03
    0.128429331492138399E+01    0.378033395202994171E+00    0.918266986326391846E+08   -0.150659962100570169E+03
    0.136961118137024340E+01    0.389038511442800328E+00    0.886777775190781355E+08   -0.150614539384021214E+03
    0.137655290119733320E+01    0.392783934911690835E+00    0.871251083104747236E+08   -0.150588802384526275E+03
    0.129320554172603019E+01    0.438924600082684080E+00    0.902275631713857949E+08   -0.150564703605816248E+03
    0.146099097294272262E+01    0.348935836788751175E+00    0.858932293776002228E+08   -0.150535496997617656E+03
    0.138121214930684011E+01    0.461686308160400571E+00    0.885759157922367752E+08   -0.150390283072461642E+03
    0.147856327348065930E+01    0.419767855433637038E+00    0.855321530452445000E+08   -0.150025342597511724E+03
    0.137972212672838368E+01    0.516538173453559679E+00    0.892966428318400681E+08   -0.149873202655000142E+03
    0.140839625595419782E+01    0.446161949320647011E+00    0.868323284859752804E+08   -0.149803496247546605E+03
    0.140417478259547868E+01    0.435799388908247209E+00    0.881755150531938821E+08   -0.149687916472676534E+03
    0.132304350647213176E+01    0.457638460460652041E+00    0.901637983008989990E+08   -0.149680272132125253E+03
    0.146684499591403128E+01    0.418769631281524113E+00    0.857937562066107392E+08   -0.149678069124061551E+03
    0.144043118408375537E+01    0.504759341750881774E+00    0.869705562718995512E+08   -0.149604947588386779E+03
    0.127776795816454003E+01    0.353577330305158810E+00    0.916864841385196447E+08   -0.149413717809269656E+03
    0.145342117785908043E+01    0.427209147281665480E+00    0.867377142698094547E+08   -0.149300480174960398E+03
    0.139693039841535160E+01    0.478968070248214417E+00    0.880796862081124634E+08   -0.149191280336717625E+03
    0.142142155630924116E+01    0.513512307562983494E+00    0.881650178342895955E+08   -0.149132657996341209E+03
    0.132597908525854868E+01    0.454177399449770647E+00    0.902330331233664155E+08   -0.149057246093891052E+03
    0.136916063969379143E+01    0.475410365055795481E+00    0.885339536218998730E+08   -0.149051728094983474E+03
    0.125477326536184175E+01    0.317213677804241811E+00    0.926095006582724601E+08   -0.148931400700042104E+03
    0.137602086290864256E+01    0.476950626895318308E+00    0.891504629073484540E+08   -0.148916497308293543E+03
    0.134804270145147176E+01    0.452114176457618200E+00    0.888507767191140801E+08   -0.148834736193417768E+03
    0.134184175314238852E+01    0.398865825466046431E+00    0.899309548969778419E+08   -0.148760714820303207E+03
    0.131045944122003988E+01    0.360502260132138375E+00    0.893356393794070035E+08   -0.148725838632482834E+03
    0.136474194134874183E+01    0.409839502675545475E+00    0.883586977202116549E+08   -0.148704503453717876E+03
    0.127957716623400830E+01    0.369218184340089906E+00    0.911503525481978804E+08   -0.148672988948963734E+03
    0.136292907879864700E+01    0.441846561135717408E+00    0.896878604634030312E+08   -0.148585991536962155E+03
    0.135069169598802663E+01    0.443146009772160454E+00    0.897076134687444568E+08   -0.148573917897746526E+03
    0.134313413023357064E+01    0.328591993358685386E+00    0.900487341437492371E+08   -0.148553356950192153E+03
    0.133821059059063918E+01    0.324667880610503445E+00    0.898383574039180875E+08   -0.148447245527924224E+03
    0.138832803449173059E+01    0.436932368582528596E+00    0.883707321125545949E+08   -0.148402567080943413E+03
    0.133243827251572444E+01    0.440582088962573337E+00    0.901293490754899681E+08   -0.148396714492351236E+03
    0.143768240447759643E+01    0.375474757444978380E+00    0.869736171171139777E+08   -0.148238534813959461E+03
    0.134790837472545721E+01    0.340531427071102399E+00    0.898509700951630175E+08   -0.148238323112455532E+03
    0.131021751303962430E+01    0.342359529099052651E+00    0.890735013973206282E+08   -0.148234792273407976E+03
    0.141667814832655625E+01    0.474160827222519288E+00    0.871287903224930465E+08   -0.148233659661955500E+03
    0.136788033591472113E+01    0.468036968876166526E+00    0.890567709079711437E+08   -0.148209152944289059E+03
    0.135299654850937623E+01    0.414475760359847456E+00    0.896640693488985002E+08   -0.148139134743476006E+03
    0.133476029182305145E+01    0.418859407531115835E+00    0.892323826453318000E+08   -0.148117170741544385E+03
    0.135125018119487628E+01    0.443276693080678186E+00    0.896250342832837999E+08   -0.148112236512030108E+03
    0.135530412966874514E+01    0.419498873825617125E+00    0.894728997555595636E+08   -0.148099475822292277E+03
    0.137083990628827013E+01    0.398254385642125897E+00    0.881329334591049552E+08   -0.148078830840700789E+03
    0.125965286631272222E+01    0.327670836656396958E+00    0.918143246477221251E+08   -0.148035357977496801E+03
    0.131586348430135591E+01    0.373303734848741797E+00    0.896835350739451796E+08   -0.147998709762803230E+03
    0.127025778248800303E+01    0.324422189170192610E+00    0.915585002161063254E+08   -0.147973926672428519E+03
    0.130630191352990965E+01    0.357464578014647927E+00    0.899982765831117630E+08   -0.147963513122306438E+03
    0.126428217966415013E+01    0.352382678699514784E+00    0.915428846887822449E+08   -0.147908164703051511E+03
    0.136900892518024708E+01    0.443346525268120573E+00    0.894327797678607106E+08   -0.147871432520788176E+03
    0.140316633659351786E+01    0.360356833803244569E+00    0.879133382723992020E+08   -0.147854965789743602E+03
    0.138422877890105789E+01    0.454913437869286952E+00    0.884733955143150091E+08   -0.147850233094090555E+03
    0.141202883498344445E+01    0.457110146663366024E+00    0.878102091057889462E+08   -0.147839608842439702E+03
    0.135995769079870366E+01    0.438853190962678497E+00    0.888677928345316947E+08   -0.147798477545212961E+03
    0.142800822903674440E+01    0.491092244680757517E+00    0.870615439943778664E+08   -0.147786104568151359E+03
    0.136493158087836575E+01    0.483415186018639531E+00    0.891572170840682089E+08   -0.147780393382362064E+03
    0.139968880659299133E+01    0.397572207883465367E+00    0.876181159746023118E+08   -0.147723076140594628E+03
    0.141888931625205927E+01    0.367690368675310353E+00    0.872462924139481485E+08   -0.147720629368916917E+03
    0.140079738398389031E+01    0.511284974595010766E+00    0.881191885232575983E+08   -0.147700320443219937E+03
    0.143284932665859155E+01    0.446766265913915106E+00    0.865565603794621825E+08   -0.147696275167553381E+03
    0.139937764243269114E+01    0.428739751102952482E+00    0.877898500522089899E+08   -0.147695835269469853E+03
    0.132194544931451685E+01    0.472793090037120223E+00    0.905325660802537799E+08   -0.147691537024925424E+03
    0.139883644337776691E+01    0.463077370452065651E+00    0.880005090520001650E+08   -0.147684625036937348E+03
    0.141269541546333888E+01    0.446765146041290251E+00    0.873401041894251853E+08   -0.147671944518389097E+03
    0.142757704684849651E+01    0.440073934513014464E+00    0.869915460311519057E+08   -0.147582500209524937E+03
    0.132124957622452066E+01    0.460179802806784721E+00    0.902648256198389679E+08   -0.147577821190698216E+03
    0.144244307706922315E+01    0.394446746842344709E+00    0.867614963396416008E+08   -0.147574253074880716E+03
    0.140244373839276837E+01    0.366539788679896006E+00    0.876499780157535076E+08   -0.147551558200643399E+03
    0.133949531879161121E+01    0.392724708588424676E+00    0.899838227284642160E+08   -0.147535991547401892E+03
    0.138139730781065473E+01    0.400909987712005034E+00    0.877365313028142452E+08   -0.147495347923992199E+03
    0.138139730781065473E+01    0.400909987712005034E+00    0.877365313028142452E+08   -0.147495347923992199E+03
    0.139201009868213155E+01    0.433728143909634767E+00    0.876162176446857154E+08   -0.147467323729703594E+03
    0.142738480752264918E+01    0.333090178162724015E+00    0.873274007155861706E+08   -0.147461016682863146E+03
    0.136394742300363370E+01    0.424466595805483848E+00    0.892482396215064824E+08   -0.147429203400004099E+03
    0.137555184356502647E+01    0.485536341754364997E+00    0.886735052015652955E+08   -0.147418385559790181E+03
    0.137485388536527187E+01    0.383426533057596330E+00    0.876700731718271077E+08   -0.147417204213579510E+03
    0.141067323223760677E+01    0.457325726508132746E+00    0.878271565714237094E+08   -0.147401010766570892E+03
    0.129979298908351182E+01    0.372983108448428524E+00    0.903853547992938459E+08   -0.147376507707452504E+03
    0.140013578837790598E+01    0.431696391613950681E+00    0.878143811241718531E+08   -0.147364479950814768E+03
    0.140013578837790598E+01    0.431696391613950681E+00    0.878143811241718531E+08   -0.147364479950814768E+03
    0.136203053468401403E+01    0.441669105428752928E+00    0.882529900588008612E+08   -0.147360669098958482E+03
    0.135747778100114092E+01    0.452761661255312475E+00    0.886037295711171627E+08   -0.147353390525626622E+03
    0.137859066434391764E+01    0.379245335521179783E+00    0.879141287856977731E+08   -0.147326755489121211E+03
    0.136451198015046482E+01    0.400755908417307793E+00    0.892813069337335229E+08   -0.147311863558795892E+03
    0.136463535524512336E+01    0.499143143293682812E+00    0.887165993143054992E+08   -0.147292699513265717E+03
    0.136441402394545364E+01    0.388354681671090773E+00    0.882966755606433302E+08   -0.147279360168163862E+03
    0.137957247967713026E+01    0.454305855039864426E+00    0.883806923374022841E+08   -0.147273780091009229E+03
    0.135444251345368016E+01    0.410414268793747539E+00    0.883893194680585563E+08   -0.147272735875855574E+03
    0.141108578304865628E+01    0.444814449097432174E+00    0.880345356692327261E+08   -0.147270926638551060E+03
    0.141108578304865628E+01    0.444814449097432174E+00    0.880345356692327261E+08   -0.147270926638551060E+03
    0.130826148228814421E+01    0.393982517616715100E+00    0.896280382475636303E+08   -0.147258747993857810E+03
    0.126224904139538374E+01    0.340244987369562324E+00    0.918676884113752693E+08   -0.147247714062903867E+03
    0.131617552398887416E+01    0.388676022901847773E+00    0.893570918961324096E+08   -0.147230089783037045E+03
    0.143397629715164632E+01    0.440263028127020561E+00    0.867951406142263561E+08   -0.147209442570088470E+03
    0.137352290903143581E+01    0.424531797607336614E+00    0.883883082196902931E+08   -0.147203728954154997E+03
    0.139010314082362196E+01    0.440463062811854655E+00    0.882138660359877944E+08   -0.147159673731773324E+03
    0.133802199308725989E+01    0.459763415268968245E+00    0.895770339171965420E+08   -0.147120988611261794E+03
    0.129099881547370110E+01    0.400323949021091252E+00    0.902424577017245740E+08   -0.147117308780364851E+03
    0.135077419410044919E+01    0.455358654473585034E+00    0.896198834864890277E+08   -0.147112260428585273E+03
    0.131924178063809783E+01    0.449959614643898220E+00    0.902447356684078276E+08   -0.147088939901038117E+03
    0.133180147761550693E+01    0.430300375624339537E+00    0.892412242867430747E+08   -0.147086566384670306E+03
    0.138365165933131484E+01    0.357214673383372983E+00    0.875741031589835137E+08   -0.147072747330813684E+03
    0.138365165933131484E+01    0.357214673383372983E+00    0.875741031589835137E+08   -0.147072747330813684E+03
    0.140389075355007997E+01    0.441091019962449593E+00    0.874039829923531413E+08   -0.147054557986503823E+03
    0.132786443135949250E+01    0.356435964960255092E+00    0.894508528869354725E+08   -0.147027527302393082E+03
    0.132786443135949250E+01    0.356435964960255092E+00    0.894508528869354725E+08   -0.147027527302393082E+03
    0.132382139396252874E+01    0.458200304015115023E+00    0.902647926356194913E+08   -0.147004352340464749E+03
    0.142378933453377399E+01    0.441582047704628167E+00    0.874466018492381573E+08   -0.147002204523520504E+03
    0.135810337321802166E+01    0.389683614006928636E+00    0.892509352454654574E+08   -0.146979518584339019E+03
    0.135810337321802166E+01    0.389683614006928636E+00    0.892509352454654574E+08   -0.146979518584339019E+03
    0.133432437430749085E+01    0.384344404925375471E+00    0.892713693217679858E+08   -0.146977440806005347E+03
    0.133432437430749085E+01    0.384344404925375471E+00    0.892713693217679858E+08   -0.146977440806005347E+03
    0.138886458629439380E+01    0.356344718817071637E+00    0.874827570308936536E+08   -0.146960518561567511E+03
    0.140538972337325818E+01    0.389364395927781715E+00    0.876639215827657282E+08   -0.146959035538864725E+03
    0.141424874637688380E+01    0.434416031534826885E+00    0.875208856823402941E+08   -0.146934889282420272E+03
    0.141424874637688380E+01    0.434416031534826885E+00    0.875208856823402941E+08   -0.146934889282420272E+03
    0.141485969748051121E+01    0.448365548260532876E+00    0.873299873998854756E+08   -0.146927624344506484E+03
    0.141485969748051121E+01    0.448365548260532876E+00    0.873299873998854756E+08   -0.146927624344506484E+03
    0.141960971262336444E+01    0.469431405596424156E+00    0.874500933760348260E+08   -0.146924707557308267E+03
    0.140469901271702469E+01    0.451981342690260135E+00    0.882166423720986098E+08   -0.146922714978827059E+03
    0.140557038835393988E+01    0.459793210648221873E+00    0.872582063213510960E+08   -0.146915880148205588E+03
    0.137332473983337078E+01    0.509507949201559285E+00    0.888878856021271944E+08   -0.146915107489020329E+03
    0.137332473983337078E+01    0.509507949201559285E+00    0.888878856021271944E+08   -0.146915107489020329E+03
    0.136124087576736907E+01    0.390888136710529466E+00    0.892541147673993856E+08   -0.146889724000683429E+03
    0.134858509636390123E+01    0.423463922238845214E+00    0.896382340397267789E+08   -0.146889306812939026E+03
    0.134395047964320580E+01    0.468893826333776076E+00    0.895386732080942392E+08   -0.146880769414070556E+03
    0.134395047964320580E+01    0.468893826333776076E+00    0.895386732080942392E+08   -0.146880769414070556E+03
    0.133256675566630722E+01    0.358572044646239263E+00    0.895361813076512963E+08   -0.146865382969911479E+03
    0.139564180432068774E+01    0.466182438888683492E+00    0.877965357368795574E+08   -0.146850132132357430E+03
    0.139564180432068774E+01    0.466182438888683492E+00    0.877965357368795574E+08   -0.146850132132357430E+03
    0.140191456050757690E+01    0.443233442797554389E+00    0.877322408726576716E+08   -0.146848203301733122E+03
    0.140132184709553265E+01    0.471420207286366022E+00    0.881224641097059995E+08   -0.146846691554377259E+03
    0.136054005390339561E+01    0.440041471683079166E+00    0.892618394610311687E+08   -0.146838168755540494E+03
    0.136054005390339561E+01    0.440041471683079166E+00    0.892618394610311687E+08   -0.146838168755540494E+03
    0.135858671539299514E+01    0.475889617239626972E+00    0.894734778719424009E+08   -0.146827270959660893E+03
    0.140862769250432951E+01    0.451944293127741759E+00    0.872201267846184969E+08   -0.146823563476700201E+03
    0.141030377800530893E+01    0.434617903802692496E+00    0.880043934964521825E+08   -0.146822444946108760E+03
    0.141030377800530893E+01    0.434617903802692496E+00    0.880043934964521825E+08   -0.146822444946108760E+03
    0.140806626507408339E+01    0.440161765709344621E+00    0.877948077401888371E+08   -0.146786298726832456E+03
    0.135391386762492849E+01    0.389077782069138678E+00    0.895330782973128855E+08   -0.146780137345947281E+03
    0.135391386762492849E+01    0.389077782069138678E+00    0.895330782973128855E+08   -0.146780137345947281E+03
    0.141795395683377423E+01    0.363098930166659173E+00    0.873206152227522582E+08   -0.146768639283955338E+03
    0.141795395683377423E+01    0.363098930166659173E+00    0.873206152227522582E+08   -0.146768639283955338E+03
    0.141367530800607111E+01    0.456919251524649184E+00    0.879340178884169757E+08   -0.146753657249644306E+03
    0.140356789473400378E+01    0.430991386894586270E+00    0.871952774324243814E+08   -0.146742830417222535E+03
    0.140356789473400378E+01    0.430991386894586270E+00    0.871952774324243814E+08   -0.146742830417222535E+03
    0.136673617840135275E+01    0.465191029061118755E+00    0.889961263819173425E+08   -0.146732776114704080E+03
    0.138182557861767785E+01    0.435844966057040040E+00    0.882986456697019637E+08   -0.146728805898538837E+03
    0.138182557861767785E+01    0.435844966057040040E+00    0.882986456697019637E+08   -0.146728805898538837E+03
    0.137963225350953711E+01    0.430084204598159658E+00    0.879761986440107822E+08   -0.146725865461979708E+03
    0.142741144938706466E+01    0.401055949496685216E+00    0.872623287449101806E+08   -0.146723845238913526E+03
    0.135795504210449947E+01    0.474871992566978207E+00    0.894616493420438617E+08   -0.146714579737419541E+03
    0.139281869417995030E+01    0.421750187285010014E+00    0.873289309224999249E+08   -0.146687337247788747E+03
    0.139135624669425750E+01    0.367840672005206315E+00    0.877426410269540250E+08   -0.146681916987243881E+03
    0.138907907977942124E+01    0.369644075275827433E+00    0.875918319620618075E+08   -0.146676746292742706E+03
    0.138907907977942124E+01    0.369644075275827433E+00    0.875918319620618075E+08   -0.146676746292742706E+03
    0.138312613545708007E+01    0.370613663843840868E+00    0.878566225450849831E+08   -0.146667411308884482E+03
    0.138312613545708007E+01    0.370613663843840868E+00    0.878566225450849831E+08   -0.146667411308884482E+03
    0.133454227177523110E+01    0.385298414304507730E+00    0.895574096332654953E+08   -0.146666627678737314E+03
    0.133454227177523110E+01    0.385298414304507730E+00    0.895574096332654953E+08   -0.146666627678737314E+03
    0.135388731163527631E+01    0.417173234205037602E+00    0.883510114298672825E+08   -0.146642397923783335E+03
    0.135388731163527631E+01    0.417173234205037602E+00    0.883510114298672825E+08   -0.146642397923783335E+03
    0.140130991106867264E+01    0.437307399272146569E+00    0.874580499185298830E+08   -0.146636163767332903E+03
    0.140051141629845088E+01    0.431634735215283172E+00    0.873412897160753310E+08   -0.146633186575456591E+03
    0.134706747124395343E+01    0.466584670551702274E+00    0.887492919950588048E+08   -0.146618984139440272E+03
    0.134706747124395343E+01    0.466584670551702274E+00    0.887492919950588048E+08   -0.146618984139440272E+03
    0.130560553377734445E+01    0.398731181272186319E+00    0.899564313423280418E+08   -0.146611514922668704E+03
    0.134166054156085068E+01    0.395881550730049270E+00    0.888756440848352015E+08   -0.146604685058228284E+03
    0.134166054156085068E+01    0.395881550730049270E+00    0.888756440848352015E+08   -0.146604685058228284E+03
    0.134546705253137899E+01    0.389991308169260975E+00    0.885923504987649024E+08   -0.146589023534967168E+03
    0.134546705253137899E+01    0.389991308169260975E+00    0.885923504987649024E+08   -0.146589023534967168E+03
    0.133945563185108618E+01    0.400773634780884791E+00    0.891072968055796325E+08   -0.146584389336512118E+03
    0.131498003523445117E+01    0.370121416271722126E+00    0.896473811802494526E+08   -0.146583158299333519E+03
    0.139232893910516586E+01    0.364311123152837979E+00    0.876917138763946444E+08   -0.146576486542180476E+03
    0.141142706386628536E+01    0.437052116478975350E+00    0.873391050228068680E+08   -0.146568939848484519E+03
    0.135465869718526744E+01    0.371223096995478841E+00    0.895222615860269666E+08   -0.146566526676403612E+03
    0.134247800476234658E+01    0.431609233034887296E+00    0.895237420108365119E+08   -0.146551928134013167E+03
    0.135804044171369331E+01    0.453430796279015169E+00    0.884091035183900446E+08   -0.146543533107423542E+03
    0.135804044171369331E+01    0.453430796279015169E+00    0.884091035183900446E+08   -0.146543533107423542E+03
    0.141155275927176205E+01    0.359536718069177752E+00    0.877210075682129562E+08   -0.146541403842172201E+03
    0.142472705310558245E+01    0.466762154783141980E+00    0.875865031236086488E+08   -0.146537461584702271E+03
    0.142472705310558245E+01    0.466762154783141980E+00    0.875865031236086488E+08   -0.146537461584702271E+03
    0.133149893189909885E+01    0.386633332460068146E+00    0.891088109041438550E+08   -0.146531062603214565E+03
    0.135302910828520617E+01    0.433158405746494779E+00    0.885394521712328196E+08   -0.146523604344514695E+03
    0.140442225805744503E+01    0.432741173822865477E+00    0.875415059984916151E+08   -0.146518454979511603E+03
    0.131105683523140804E+01    0.381845921290121737E+00    0.903523112965981960E+08   -0.146516245653825592E+03
    0.134992546656478929E+01    0.387934896837045073E+00    0.890581164148957580E+08   -0.146485497836764637E+03
    0.134992546656478929E+01    0.387934896837045073E+00    0.890581164148957580E+08   -0.146485497836764637E+03
    0.131625359073478942E+01    0.393003468738267969E+00    0.902284623898331523E+08   -0.146469840123957169E+03
    0.131553572440946298E+01    0.397888129756733377E+00    0.902210801545076072E+08   -0.146464809629191393E+03
    0.140604652859827750E+01    0.450371902133602120E+00    0.879063607746677250E+08   -0.146457067593180568E+03
    0.135329639955079029E+01    0.460631413327490691E+00    0.887105849823423922E+08   -0.146450469177531915E+03
    0.138992724152309499E+01    0.431820012546886289E+00    0.876319258794353604E+08   -0.146435460205998538E+03
    0.136925977465387771E+01    0.456612982468660888E+00    0.889310459745957851E+08   -0.146434754359074901E+03
    0.139496720839289434E+01    0.360472296084564547E+00    0.877618292176919580E+08   -0.146430440222401302E+03
    0.139496720839289434E+01    0.360472296084564547E+00    0.877618292176919580E+08   -0.146430440222401302E+03
    0.131710670232076721E+01    0.390387972006195128E+00    0.902826228658106923E+08   -0.146420082554926068E+03
    0.134483776355160867E+01    0.371825199197076017E+00    0.897314492277466804E+08   -0.146401429077761691E+03
    0.131430253636266903E+01    0.382733354103933721E+00    0.906340289115665555E+08   -0.146386499931579237E+03
    0.131430253636266903E+01    0.382733354103933721E+00    0.906340289115665555E+08   -0.146386499931579237E+03
    0.128819883923508027E+01    0.351412451594930175E+00    0.905606208303745240E+08   -0.146375977618188813E+03
    0.128819883923508027E+01    0.351412451594930175E+00    0.905606208303745240E+08   -0.146375977618188813E+03
    0.138882498334262450E+01    0.425211979885284919E+00    0.878019269063777626E+08   -0.146352938505175644E+03
    0.138882498334262450E+01    0.425211979885284919E+00    0.878019269063777626E+08   -0.146352938505175644E+03
    0.134927322586955367E+01    0.430397192237473192E+00    0.889295559385161400E+08   -0.146349238089874859E+03
    0.140478637837667741E+01    0.441825419491790328E+00    0.872775396552910209E+08   -0.146346993221056607E+03
    0.132561517715098875E+01    0.409785852965827146E+00    0.901060767333062887E+08   -0.146342371593164245E+03
    0.135309510216174678E+01    0.416449585078993323E+00    0.889373245027376562E+08   -0.146323601971181461E+03
    0.135309510216174678E+01    0.416449585078993323E+00    0.889373245027376562E+08   -0.146323601971181461E+03
    0.141446682701826476E+01    0.379546406395087743E+00    0.875077443241973668E+08   -0.146312703646884302E+03
    0.128156092816384404E+01    0.363386775271976603E+00    0.905750523587888032E+08   -0.146305423840728110E+03
    0.135849375166911890E+01    0.381976210584294762E+00    0.889435148126544952E+08   -0.146293683178961317E+03
    0.135849375166911890E+01    0.381976210584294762E+00    0.889435148126544952E+08   -0.146293683178961317E+03
    0.134503555230946636E+01    0.424518586989465874E+00    0.888985468891682923E+08   -0.146284551895206420E+03
    0.132606856992868227E+01    0.435410976002032157E+00    0.899238279470353425E+08   -0.146270855164995339E+03
    0.132024636979596943E+01    0.367688423887216231E+00    0.897042211504981816E+08   -0.146267665272789145E+03
    0.140241289266648117E+01    0.476232331438254164E+00    0.878107752632249892E+08   -0.146247689005392488E+03
    0.140241289266648117E+01    0.476232331438254164E+00    0.878107752632249892E+08   -0.146247689005392488E+03
    0.134402034492531497E+01    0.410325828510309520E+00    0.890764287518708706E+08   -0.146238167352571168E+03
    0.134402034492531497E+01    0.410325828510309520E+00    0.890764287518708706E+08   -0.146238167352571168E+03
    0.131878700896449685E+01    0.396846880826808857E+00    0.903507223475684524E+08   -0.146222320433790628E+03
    0.131878700896449685E+01    0.396846880826808857E+00    0.903507223475684524E+08   -0.146222320433790628E+03
    0.132313483796368025E+01    0.399369921000804595E+00    0.901423773854811341E+08   -0.146216767845050043E+03
    0.132011638575307755E+01    0.367706634732563487E+00    0.895472591920923889E+08   -0.146212454720922324E+03
    0.132658096595606856E+01    0.416882668519843236E+00    0.898051470356069803E+08   -0.146199451365247938E+03
    0.135040725214909796E+01    0.399805292040964488E+00    0.891860365309855789E+08   -0.146190031621445570E+03
    0.139939425810112050E+01    0.444684631702479294E+00    0.878337050908193141E+08   -0.146187716630963052E+03
    0.139939425810112050E+01    0.444684631702479294E+00    0.878337050908193141E+08   -0.146187716630963052E+03
    0.135314866647431264E+01    0.371432868550030548E+00    0.893258474233133793E+08   -0.146184701118565386E+03
    0.132456901886570821E+01    0.371871514206043585E+00    0.897365364874676466E+08   -0.146169744978996306E+03
    0.134858657164206241E+01    0.399065402341285846E+00    0.888526792970585823E+08   -0.146160219533926522E+03
    0.134858657164206241E+01    0.399065402341285846E+00    0.888526792970585823E+08   -0.146160219533926522E+03
    0.136422191754080813E+01    0.386675478288898589E+00    0.884710405511116683E+08   -0.146155724437371362E+03
    0.135182364230809582E+01    0.452980717428889790E+00    0.893032115630834401E+08   -0.146153951830855448E+03
    0.135182364230809582E+01    0.452980717428889790E+00    0.893032115630834401E+08   -0.146153951830855448E+03
    0.140368327504723545E+01    0.397978858277356906E+00    0.876179443885270655E+08   -0.146144647375654984E+03
    0.138282964039529688E+01    0.393789510358431016E+00    0.879930192935913652E+08   -0.146139097670850077E+03
    0.140237860809062997E+01    0.471801396469297529E+00    0.880592626483262181E+08   -0.146132150901944414E+03
    0.135119231880901780E+01    0.381289540270692839E+00    0.897209083222133517E+08   -0.146117468738937134E+03
    0.141805178508582230E+01    0.368814471264080623E+00    0.876548170880800188E+08   -0.146117248500610231E+03
    0.141805178508582230E+01    0.368814471264080623E+00    0.876548170880800188E+08   -0.146117248500610231E+03
    0.136491441357097743E+01    0.388860930658696091E+00    0.889778305718830228E+08   -0.146112278700119333E+03
    0.134634010398823878E+01    0.469279627560670320E+00    0.895871152008778453E+08   -0.146112044639591886E+03
    0.135882500169185705E+01    0.386541089589263365E+00    0.882742296715330631E+08   -0.146092467596065148E+03
    0.135101683110639015E+01    0.384929304527384275E+00    0.890406133174598962E+08   -0.146079799252812563E+03
    0.135101683110639015E+01    0.384929304527384275E+00    0.890406133174598962E+08   -0.146079799252812563E+03
    0.140076286241742287E+01    0.384110108538791906E+00    0.875207385548419058E+08   -0.146072228447485259E+03
    0.140076286241742287E+01    0.384110108538791906E+00    0.875207385548419058E+08   -0.146072228447485259E+03
    0.140678454689790189E+01    0.363608388744367517E+00    0.877618365406680703E+08   -0.146061660227310426E+03
    0.140678454689790189E+01    0.363608388744367517E+00    0.877618365406680703E+08   -0.146061660227310426E+03
    0.133695475300914546E+01    0.377775347606835510E+00    0.891123337164765298E+08   -0.146059931878449845E+03
    0.133695475300914546E+01    0.377775347606835510E+00    0.891123337164765298E+08   -0.146059931878449845E+03
    0.135778853523927556E+01    0.440805189270164988E+00    0.888733074578785598E+08   -0.146051380900768009E+03
    0.128115244685796825E+01    0.365503386092445481E+00    0.908125727306202948E+08   -0.146049168947063436E+03
    0.134280970613783435E+01    0.379933848226921000E+00    0.896589238104392588E+08   -0.146039224128158025E+03
    0.134768164491561926E+01    0.422666604246707323E+00    0.887355916321947277E+08   -0.146038564803489010E+03
    0.134768164491561926E+01    0.422666604246707323E+00    0.887355916321947277E+08   -0.146038564803489010E+03
    0.135168363314934048E+01    0.399392016574939390E+00    0.885281104869240820E+08   -0.146038036258940792E+03
    0.134535647583832274E+01    0.400307594969183000E+00    0.889777163655003756E+08   -0.146034420730379424E+03
    0.130932562657792628E+01    0.372950748095963291E+00    0.897444014317583293E+08   -0.146033507056120015E+03
    0.131634878359878149E+01    0.414536576341642871E+00    0.899405973077473938E+08   -0.146022708290657988E+03
    0.139991894761905122E+01    0.364231329242155510E+00    0.877314821621826142E+08   -0.146012764188796154E+03
    0.133943266169139719E+01    0.430871415378353717E+00    0.889645288288896531E+08   -0.146005815315405442E+03
    0.133943266169139719E+01    0.430871415378353717E+00    0.889645288288896531E+08   -0.146005815315405442E+03
    0.135913445599442895E+01    0.445704127309101139E+00    0.887371545881975740E+08   -0.145999566308938796E+03
    0.140717640912308628E+01    0.382280546012946587E+00    0.876740656596039087E+08   -0.145995932485448805E+03
    0.132030253634595551E+01    0.404886819393215802E+00    0.897089197848246396E+08   -0.145970327314520432E+03
    0.134277931193615974E+01    0.403589871829957758E+00    0.893704544406834841E+08   -0.145962398499111544E+03
    0.139180121853337102E+01    0.443966536406732004E+00    0.881252847361842692E+08   -0.145961180420979474E+03
    0.131118221624459674E+01    0.387889894169205718E+00    0.904550695492192209E+08   -0.145958186746085431E+03
    0.131118221624459674E+01    0.387889894169205718E+00    0.904550695492192209E+08   -0.145958186746085431E+03
    0.139029839689509527E+01    0.417973153279849186E+00    0.878501876280324012E+08   -0.145931891430448019E+03
    0.138660399737850093E+01    0.422899896138753562E+00    0.879864151413475573E+08   -0.145928366495159537E+03
    0.138660399737850093E+01    0.422899896138753562E+00    0.879864151413475573E+08   -0.145928366495159537E+03
    0.136508604807972977E+01    0.432045862547823845E+00    0.888454202914350182E+08   -0.145923581470813076E+03
    0.136103566849991076E+01    0.449108774847939429E+00    0.885548173159160912E+08   -0.145896092339816732E+03
    0.135153857405523103E+01    0.381038383391260282E+00    0.891123077980615497E+08   -0.145871952939464421E+03
    0.131177340425845679E+01    0.387024129552147045E+00    0.898760443468664438E+08   -0.145862114818028090E+03
    0.131624807550858369E+01    0.404874816069643373E+00    0.901714508626787364E+08   -0.145855203603255632E+03
    0.131624807550858369E+01    0.404874816069643373E+00    0.901714508626787364E+08   -0.145855203603255632E+03
    0.134791273444713311E+01    0.387103360032927668E+00    0.889330484821242988E+08   -0.145850777878403562E+03
    0.134791273444713311E+01    0.387103360032927668E+00    0.889330484821242988E+08   -0.145850777878403562E+03
    0.134038163503340657E+01    0.448909024930607359E+00    0.892243904837574661E+08   -0.145848045705228969E+03
    0.133403385591710433E+01    0.414675117718088515E+00    0.891221911904983073E+08   -0.145843892307816020E+03
    0.139512461224102791E+01    0.405925075585184203E+00    0.879866150799962580E+08   -0.145831436549986876E+03
    0.139512461224102791E+01    0.405925075585184203E+00    0.879866150799962580E+08   -0.145831436549986876E+03
    0.135164848363640067E+01    0.389673432316232748E+00    0.888927336093415618E+08   -0.145829782476856593E+03
    0.135724338659292521E+01    0.436277671128014077E+00    0.889072600193628669E+08   -0.145828712519691038E+03
    0.132257938050705448E+01    0.407167417543361054E+00    0.899640473617797792E+08   -0.145828463530813792E+03
    0.135947310074325656E+01    0.420910418215221682E+00    0.887736175958546102E+08   -0.145828445741581561E+03
    0.132422675808525936E+01    0.408472759228196480E+00    0.898749911223789006E+08   -0.145824799682683022E+03
    0.128977446527617556E+01    0.340798525143199527E+00    0.906978138694418222E+08   -0.145822830853511192E+03
    0.133631698587771464E+01    0.398626581935888069E+00    0.895016417720692456E+08   -0.145819613209240401E+03
    0.141103510138965271E+01    0.349783887162857354E+00    0.878426007779565752E+08   -0.145816531401962777E+03
    0.135099382493119990E+01    0.377314950330502441E+00    0.894342936450368166E+08   -0.145810802273642253E+03
    0.132224693704819329E+01    0.407654024358043543E+00    0.895030517949985564E+08   -0.145810452562454032E+03
    0.135182407359525469E+01    0.419484084719744743E+00    0.889912896893342137E+08   -0.145809976488719514E+03
    0.137803484545407118E+01    0.451523231083426069E+00    0.882131562607679367E+08   -0.145803828820877840E+03
    0.135375903959071531E+01    0.394277969462146771E+00    0.891820878528582305E+08   -0.145781697718175025E+03
    0.137681259695008351E+01    0.449520762560274179E+00    0.885012806997291893E+08   -0.145770193374927828E+03
    0.137681259695008351E+01    0.449520762560274179E+00    0.885012806997291893E+08   -0.145770193374927828E+03
    0.134199647317377457E+01    0.384537979237521199E+00    0.892186266721772254E+08   -0.145763697107654764E+03
    0.136550638497933385E+01    0.420546307109745499E+00    0.888316945237979591E+08   -0.145749749862521014E+03
    0.133476884673722829E+01    0.376549882996803476E+00    0.894389811088468581E+08   -0.145745691041247625E+03
    0.139888778126410318E+01    0.394276776559399522E+00    0.880002687258951068E+08   -0.145719907021547840E+03
    0.139785019979578351E+01    0.387611588470740287E+00    0.876068605596240759E+08   -0.145715060676845297E+03
    0.135465445403292883E+01    0.391055013121263784E+00    0.886976294057071507E+08   -0.145707761323922881E+03
    0.134933494350820005E+01    0.425007151308964382E+00    0.889605990904007256E+08   -0.145706016308442344E+03
    0.138867431116070805E+01    0.429143445231810361E+00    0.879667205496088862E+08   -0.145701592724909176E+03
    0.134732499735480471E+01    0.374539403685368200E+00    0.895908121901685596E+08   -0.145692721977704281E+03
    0.131864103959466483E+01    0.420284659649546199E+00    0.898856531733328998E+08   -0.145685044696986267E+03
    0.133734097883919500E+01    0.374555629501148957E+00    0.890339728304616064E+08   -0.145684107751837871E+03
    0.138290941131392331E+01    0.388556475485765773E+00    0.878440408505478650E+08   -0.145671055564729699E+03
    0.134659651806028013E+01    0.431125242435006939E+00    0.888507795742769241E+08   -0.145667747740874802E+03
    0.133038331366859364E+01    0.405643453058072367E+00    0.895196062817241549E+08   -0.145666794182645219E+03
    0.139851418572039932E+01    0.367758589853865558E+00    0.876907729482997954E+08   -0.145652682076463776E+03
    0.132709950146442246E+01    0.386048722772097008E+00    0.890839588976973295E+08   -0.145649179896638742E+03
    0.132709950146442246E+01    0.386048722772097008E+00    0.890839588976973295E+08   -0.145649179896638742E+03
    0.134734001521752145E+01    0.403917610376641534E+00    0.894965174334445298E+08   -0.145645338142523713E+03
    0.132564032302782242E+01    0.406629329723946498E+00    0.891789205546928942E+08   -0.145637590873624333E+03
    0.138140581554681807E+01    0.383782164153661398E+00    0.878050912701134533E+08   -0.145622967062909197E+03
    0.134166175301494306E+01    0.382528229243812135E+00    0.888693361851622611E+08   -0.145622814744760490E+03
    0.132591398876194289E+01    0.396544364425137630E+00    0.893800361647452861E+08   -0.145622062329626175E+03
    0.135161349093374938E+01    0.422762463481578976E+00    0.889986228864249438E+08   -0.145610453251404238E+03
    0.139945152539950834E+01    0.376730302640613246E+00    0.876909673647369742E+08   -0.145609905974445780E+03
    0.139392645989267794E+01    0.418867401399596773E+00    0.878022416202940792E+08   -0.145593177461181767E+03
    0.135343628849687669E+01    0.381525422112002133E+00    0.892476829945122898E+08   -0.145590969033045837E+03
    0.134753776348078880E+01    0.381920173286413700E+00    0.890391363798378408E+08   -0.145582831487638089E+03
    0.138617612152266512E+01    0.379318519845035951E+00    0.876645592476576269E+08   -0.145572757776701962E+03
    0.136452691975741125E+01    0.397694011100455214E+00    0.886540295845618695E+08   -0.145562572805993369E+03
    0.139634303065233678E+01    0.354252712959100435E+00    0.878365755894570053E+08   -0.145560395304611802E+03
    0.139634303065233678E+01    0.354252712959100435E+00    0.878365755894570053E+08   -0.145560395304611802E+03
    0.135346034318056319E+01    0.376990418241868852E+00    0.891614322633637190E+08   -0.145547464792403048E+03
    0.139919409237330727E+01    0.362839171924854043E+00    0.877941321346034855E+08   -0.145536469457991842E+03
    0.131944808067402208E+01    0.408201235790482286E+00    0.903077415780323446E+08   -0.145534678047290640E+03
    0.134446012096174017E+01    0.365924756359063963E+00    0.887804265360111296E+08   -0.145534328337722997E+03
    0.131357167724493995E+01    0.373485835491788265E+00    0.901441607084145248E+08   -0.145524660358934398E+03
    0.135636643951781255E+01    0.411150797054155248E+00    0.888460649266912788E+08   -0.145512361032179115E+03
    0.134546839798966866E+01    0.366065556457861874E+00    0.893498390151358843E+08   -0.145504957933406814E+03
    0.133717705155766753E+01    0.378077911990589044E+00    0.889115648403966427E+08   -0.145504569338306197E+03
    0.134460178874952252E+01    0.387181021061538289E+00    0.892697882133947611E+08   -0.145500501872015064E+03
    0.138964960978067320E+01    0.387578472862379897E+00    0.879044237096398175E+08   -0.145500053296793510E+03
    0.134748811373697985E+01    0.386457192529203297E+00    0.889068613509324789E+08   -0.145497719859089784E+03
    0.139319671754589081E+01    0.389471759926983907E+00    0.877549998285246044E+08   -0.145495699871947608E+03
    0.132398861622981801E+01    0.404891615076323319E+00    0.894867546717027724E+08   -0.145488591855668830E+03
    0.135273267229987049E+01    0.431944924246010942E+00    0.887941178820189238E+08   -0.145484030735785154E+03
    0.134822767414676847E+01    0.393305499937603997E+00    0.886032326578425616E+08   -0.145474566150201383E+03
    0.132294038894588639E+01    0.387519007418690720E+00    0.894968963818828166E+08   -0.145471677234894059E+03
    0.133519467461423313E+01    0.401610492616473636E+00    0.895435687341928929E+08   -0.145461456706041446E+03
    0.139549550486129403E+01    0.360878731750913673E+00    0.877597588692477942E+08   -0.145449544175066308E+03
    0.134607697604733190E+01    0.367920865171893041E+00    0.890327087569208145E+08   -0.145446642193555590E+03
    0.140048691853823448E+01    0.368247351838755677E+00    0.876190085161129236E+08   -0.145446211695156080E+03
    0.133025317422018263E+01    0.403211496010197123E+00    0.890223251162272394E+08   -0.145444847279583229E+03
    0.133873133029452362E+01    0.364496497537938779E+00    0.896025886433242857E+08   -0.145441512995777714E+03
    0.139199191608532602E+01    0.363136419069640226E+00    0.878509023302459270E+08   -0.145439168094614786E+03
    0.139307385610611800E+01    0.359206911415521191E+00    0.878319285788280368E+08   -0.145437952322176841E+03
    0.133473516301094652E+01    0.370385259128784838E+00    0.895017633053939193E+08   -0.145427605783773402E+03
    0.134160733949046440E+01    0.389736266195679804E+00    0.892048009667561054E+08   -0.145427555435479974E+03
    0.133033453255749268E+01    0.373349371436770383E+00    0.889833598714413941E+08   -0.145425869135271796E+03
    0.133464981308963293E+01    0.412675352832822639E+00    0.894601790257261842E+08   -0.145421884500761905E+03
    0.133385442583641622E+01    0.399215428646025217E+00    0.893021434290815443E+08   -0.145405639165082562E+03
    0.131027280427981840E+01    0.378279352879307140E+00    0.901774851474122107E+08   -0.145405020160362540E+03
    0.133075439044661925E+01    0.384891665758491541E+00    0.890820500456651747E+08   -0.145401595460031103E+03
    0.134631215001564053E+01    0.372294202188264478E+00    0.894531553946676105E+08   -0.145391828961392122E+03
    0.137550282245813382E+01    0.366409478641291031E+00    0.882516934682970345E+08   -0.145390938294131615E+03
    0.133376406675886328E+01    0.407227317367617303E+00    0.895752235810762644E+08   -0.145390076802754464E+03
    0.133569578420606550E+01    0.402451212445162909E+00    0.894744481000883430E+08   -0.145386298887532917E+03
    0.133293435486382639E+01    0.387846959649722933E+00    0.889232572704360485E+08   -0.145385578190722129E+03
    0.140259775767041139E+01    0.358949978388805491E+00    0.877241220968451798E+08   -0.145383064524730287E+03
    0.139277584225660611E+01    0.370141854798333725E+00    0.878970691398292482E+08   -0.145382382907439023E+03
    0.139763458666844409E+01    0.345309425964613226E+00    0.877959574216077626E+08   -0.145368554671822210E+03
    0.134661119986090205E+01    0.377371043649779025E+00    0.887786305018019676E+08   -0.145365394983439813E+03
    0.134238719586650923E+01    0.382570588595100958E+00    0.894696006849575192E+08   -0.145364889290840807E+03
    0.134424850895570125E+01    0.370584200147341392E+00    0.895160330248604715E+08   -0.145362330541770632E+03
    0.139027840323933605E+01    0.368804101112552019E+00    0.879700605629473925E+08   -0.145360507014805762E+03
    0.134789829786341642E+01    0.383296108636248078E+00    0.893578325385527611E+08   -0.145358469733526960E+03
    0.136712210522734434E+01    0.450921957716376554E+00    0.887247946123550832E+08   -0.145357254741277700E+03
    0.134022960134304814E+01    0.390897775831270167E+00    0.890451147637434900E+08   -0.145339324274535841E+03
    0.133149524334285507E+01    0.380625178030625122E+00    0.890029948362072259E+08   -0.145334663059178922E+03
    0.135328698050856300E+01    0.438715120915793122E+00    0.887036081068915725E+08   -0.145333298429826243E+03
    0.133571642981952521E+01    0.393865465465989217E+00    0.891194494790474027E+08   -0.145327729380935637E+03
    0.133230153602207624E+01    0.385998162610711404E+00    0.895688345958530903E+08   -0.145325673114242306E+03
    0.132073973591608995E+01    0.362589074760006014E+00    0.898044747314153016E+08   -0.145323908755091111E+03
    0.136388209909564617E+01    0.403707688110603868E+00    0.889025407425395548E+08   -0.145320858681459299E+03
    0.131835776597842980E+01    0.370129704478829424E+00    0.900546370162495226E+08   -0.145316682180179612E+03
    0.134294304256431274E+01    0.360908995702423852E+00    0.889252601445998400E+08   -0.145310711989719067E+03
    0.134191801132515875E+01    0.384473766179258547E+00    0.889149587995732427E+08   -0.145299480295977048E+03
    0.132918625987290473E+01    0.407633234184226367E+00    0.895603095149189830E+08   -0.145297619678769308E+03
    0.134019388390128391E+01    0.392718086173683645E+00    0.892872798424115479E+08   -0.145295218524177784E+03
    0.132260443027730035E+01    0.383477691214757499E+00    0.891757485388776660E+08   -0.145282737103228413E+03
    0.131764583169631089E+01    0.364797993659419006E+00    0.893202677624505758E+08   -0.145282108111389960E+03
    0.130504852141168604E+01    0.388757952500938586E+00    0.898600586994537562E+08   -0.145277371457256748E+03
    0.133332240281604042E+01    0.392932607545006363E+00    0.895380408602758199E+08   -0.145269383940766090E+03
    0.131450350016713746E+01    0.369544449103303307E+00    0.894361619718586355E+08   -0.145257535115329176E+03
    0.133504111999373887E+01    0.403328892076693535E+00    0.893418026217052341E+08   -0.145245573984433406E+03
    0.133968307753120119E+01    0.381413169149890763E+00    0.892039639459500611E+08   -0.145243001403568485E+03
    0.135249651332281107E+01    0.427926753707124519E+00    0.889046789977996945E+08   -0.145236576756346125E+03
    0.134105469318868309E+01    0.384137216311071228E+00    0.889575612471868694E+08   -0.145234517190137069E+03
    0.135477215643916149E+01    0.425981766692542507E+00    0.888805475983191133E+08   -0.145211666581854871E+03
    0.134302018397137712E+01    0.410170842372446387E+00    0.891579798253605962E+08   -0.145210857212220503E+03
    0.134652231469882255E+01    0.384942031337214274E+00    0.892993745352727175E+08   -0.145199826476443576E+03
    0.134562865654153829E+01    0.405539446428340611E+00    0.891508241502795070E+08   -0.145046180445989705E+03
    0.134610297822550762E+01    0.398580932756702921E+00    0.894739824620663226E+08   -0.145174253618889026E+03
    0.134207295431649065E+01    0.398034270678879309E+00    0.893825249915501773E+08   -0.145038732075907205E+03
    0.133797885178597364E+01    0.403470185786920510E+00    0.893683158178507984E+08   -0.145162433600250296E+03
    0.134177440031909057E+01    0.399618408663176439E+00    0.892788154897865355E+08   -0.144927439923220277E+03
    0.133839775107236592E+01    0.404570078132495681E+00    0.891905071570405215E+08   -0.144687732122778954E+03
    0.134081571303476421E+01    0.405972457147090182E+00    0.889639417317896187E+08   -0.144937950403861208E+03
    0.134064788698271675E+01    0.408200859154570495E+00    0.890557189961822927E+08   -0.145032387013409618E+03
    0.134925885650908239E+01    0.407796366862449133E+00    0.890292062059101909E+08   -0.144886153070517821E+03
    0.134034932627343939E+01    0.410445189672136834E+00    0.889314599538795948E+08   -0.145188885088902566E+03
    0.133990507948965387E+01    0.407766459547858062E+00    0.888355101637324393E+08   -0.145107055098518231E+03
    0.133156769191849955E+01    0.402122099686843981E+00    0.891902553913768828E+08   -0.144731125816465010E+03
    0.132758246034451854E+01    0.399427609995576915E+00    0.892281124132769406E+08   -0.144319262018984716E+03
    0.132758246034451854E+01    0.399427609995576915E+00    0.892281124132769406E+08   -0.144319262018984716E+03
    0.132435854713207357E+01    0.408463511054977246E+00    0.892681741090390533E+08   -0.144701224761959338E+03
    0.132029517983621170E+01    0.404233275190573949E+00    0.894386242768771052E+08   -0.144793838598585751E+03
    0.134033034654513350E+01    0.394885310850220606E+00    0.890742903756425679E+08   -0.144410312518790136E+03
    0.133487144299850824E+01    0.395536671633649917E+00    0.892116694761821032E+08   -0.144850323971595770E+03
    0.133852312495506198E+01    0.388800128746574103E+00    0.892605907683664262E+08   -0.144914587498174058E+03
    0.134172049138530558E+01    0.389381408691885866E+00    0.893109598491349518E+08   -0.145196752515456211E+03
    0.134366993148310598E+01    0.388754406286649257E+00    0.892043802157867849E+08   -0.144986603827478177E+03
    0.135190457352623916E+01    0.386203608362807316E+00    0.891135153220269382E+08   -0.144692558000517153E+03
    0.134986103310878325E+01    0.390993890359229823E+00    0.891635422017363906E+08   -0.144828412597930054E+03
    0.134440099575621597E+01    0.385108663649171845E+00    0.887919714566046000E+08   -0.144565785020545320E+03
    0.134211665771563893E+01    0.390381517957731461E+00    0.888659560591044426E+08   -0.144490342827624318E+03
    0.134926073111091460E+01    0.389526948004867535E+00    0.888695640460822135E+08   -0.144787492845517647E+03
    0.133920214275708460E+01    0.390011507083956488E+00    0.889411330885763168E+08   -0.144419233296499385E+03
    0.133866027614639305E+01    0.386428745875019075E+00    0.892202397689497918E+08   -0.145146559233854020E+03
    0.135027686565845828E+01    0.382283800570577981E+00    0.890038864255661666E+08   -0.144862162735755277E+03
    0.135328396431752784E+01    0.382243644079323985E+00    0.892320418660511672E+08   -0.144785086561976442E+03
    0.133985999035472858E+01    0.382319594012018982E+00    0.889509645310313851E+08   -0.144704323059031992E+03
    0.134946967460373202E+01    0.379559076006373175E+00    0.889616884058116972E+08   -0.144554417633669914E+03
    0.134221764046522596E+01    0.380128838896387933E+00    0.890850051371663958E+08   -0.144795772131291102E+03
    0.134163536928391935E+01    0.380394863619731183E+00    0.889955865210014284E+08   -0.144782915383098441E+03
    0.134423866133035896E+01    0.377365612068560452E+00    0.891532779688057601E+08   -0.145011189793753090E+03
    0.134813966255691531E+01    0.379113072135460527E+00    0.890606245567978024E+08   -0.145063328306633792E+03
    0.134905570409621967E+01    0.378487436089848472E+00    0.893311675559975803E+08   -0.145078608480378335E+03
    0.134204299547344230E+01    0.378016745229402318E+00    0.892546031837062240E+08   -0.145188265295299118E+03
    0.134508096761920437E+01    0.390203158414905715E+00    0.888828978187451214E+08   -0.145097051804991850E+03
    0.138625587857347532E+01    0.368113584726563303E+00    0.880815836171543002E+08   -0.145054050851524039E+03
    0.136269999736154812E+01    0.387277611760925566E+00    0.889169021252149045E+08   -0.145075444053236879E+03
    0.136465565179050263E+01    0.385751665365338781E+00    0.889392654757731557E+08   -0.145198723989972223E+03
    0.135249899786389616E+01    0.429954712882478773E+00    0.886834741864447892E+08   -0.145106737275591996E+03
    0.134748092617056958E+01    0.433896795653330614E+00    0.887523715430471152E+08   -0.145086774830375759E+03
    0.134769479644245327E+01    0.425974143323985643E+00    0.888835814308445752E+08   -0.144853045614908638E+03
    0.136222768267798777E+01    0.407551874848881113E+00    0.888015173438698947E+08   -0.144877200161750466E+03
    0.136672574994974805E+01    0.403749698257096057E+00    0.886334151653131843E+08   -0.145181217132186106E+03
    0.139459469379271850E+01    0.355506751984677294E+00    0.878741915616901815E+08   -0.145150367717569964E+03
    0.138533913788357887E+01    0.361230561949088980E+00    0.880830961058138907E+08   -0.145145929906747710E+03
    0.133924236379167061E+01    0.369826043132135851E+00    0.889921867858674377E+08   -0.144514426887935997E+03
    0.134885517050372061E+01    0.371847958777099308E+00    0.890783165650694072E+08   -0.144584914643908206E+03
    0.133753746493857961E+01    0.374428472577976734E+00    0.888968376199882329E+08   -0.144684636076562242E+03
    0.134437947157397963E+01    0.372236873271308610E+00    0.889369601469972432E+08   -0.144821840895383815E+03
    0.133915555278510046E+01    0.378912168626715840E+00    0.889283352141252458E+08   -0.144371092346531810E+03
    0.133915555278510046E+01    0.378912168626715840E+00    0.889283352141252458E+08   -0.144371092346531810E+03
    0.133887835562960333E+01    0.367508552375053199E+00    0.893506010069821477E+08   -0.145052036464377522E+03
    0.133622076417197677E+01    0.370412178567445238E+00    0.892385791780644953E+08   -0.144126674646263297E+03
    0.133622076417197677E+01    0.370412178567445238E+00    0.892385791780644953E+08   -0.144126674646263297E+03
    0.133257580251153973E+01    0.369956520147514567E+00    0.891673617864134908E+08   -0.144874292871758485E+03
    0.134854737894487542E+01    0.360161239881538364E+00    0.889664160218348950E+08   -0.144574761149413860E+03
    0.134577821360397598E+01    0.356725975667322004E+00    0.889256789001845717E+08   -0.144813234304438680E+03
    0.135231312478945487E+01    0.370172155541180103E+00    0.889278190381571651E+08   -0.144837181763744695E+03
    0.136658264237067306E+01    0.371858584513873325E+00    0.883900661532744169E+08   -0.144855973825030503E+03
    0.134467981985031226E+01    0.367770472903327317E+00    0.888686028128211051E+08   -0.145042775977049757E+03
    0.135158506100012588E+01    0.371941490062068780E+00    0.887396596223224998E+08   -0.144153645847220048E+03
    0.135158506100012588E+01    0.371941490062068780E+00    0.887396596223224998E+08   -0.144153645847220048E+03
    0.129040590965386603E+01    0.344876232939597571E+00    0.905012910932578146E+08   -0.145129041893340059E+03
    0.128390228802144346E+01    0.365111619112848729E+00    0.906956727024301291E+08   -0.145163021387468973E+03
    0.128790432855587667E+01    0.339884037674583084E+00    0.906395311217310429E+08   -0.144951738862186801E+03
    0.132933971947302276E+01    0.379243041635934475E+00    0.891985073790119439E+08   -0.144554293975662517E+03
    0.133547705235808523E+01    0.381095908958906548E+00    0.895195075616029203E+08   -0.144663383304872099E+03
    0.133107750399687919E+01    0.383401431853283015E+00    0.895383075302633345E+08   -0.145160661354170344E+03
    0.133455836283359219E+01    0.383087215249615198E+00    0.895302346111584306E+08   -0.144720687013710915E+03
    0.132685018316225412E+01    0.380436455084431913E+00    0.894758736100482047E+08   -0.144857463672981623E+03
    0.132781659640508587E+01    0.386891356038621126E+00    0.894412944786681235E+08   -0.144255056333258267E+03
    0.132781659640508587E+01    0.386891356038621126E+00    0.894412944786681235E+08   -0.144255056333258267E+03
    0.132819018212806639E+01    0.375624389060604358E+00    0.896997059403455108E+08   -0.144245946988738183E+03
    0.132819018212806639E+01    0.375624389060604358E+00    0.896997059403455108E+08   -0.144245946988738183E+03
    0.133224194989607336E+01    0.376571706243355564E+00    0.896481759276828617E+08   -0.144777150993078294E+03
    0.132954090943528946E+01    0.378432890608554118E+00    0.896296284433620870E+08   -0.145148832734942118E+03
    0.131324441081920518E+01    0.381836149047909856E+00    0.898171770195863098E+08   -0.144615666121042068E+03
    0.131324441081920518E+01    0.381836149047909856E+00    0.898171770195863098E+08   -0.144615666121042068E+03
    0.131687119796289842E+01    0.382726177669097112E+00    0.901022612427490950E+08   -0.145133098737046339E+03
    0.133382821054113876E+01    0.378045149722279206E+00    0.892804770062695146E+08   -0.145155933952146000E+03
    0.131809890574831257E+01    0.368466215513027606E+00    0.892829499048425704E+08   -0.145047134073702352E+03
    0.130959810937609977E+01    0.374957616195983334E+00    0.893773849382092804E+08   -0.144702221474548992E+03
    0.131697130801001761E+01    0.377486549874202382E+00    0.893326398866983056E+08   -0.144099202548930151E+03
    0.131697130801001761E+01    0.377486549874202382E+00    0.893326398866983056E+08   -0.144099202548930151E+03
    0.132578259334320170E+01    0.377238070980467910E+00    0.894084262682540864E+08   -0.144696507317704118E+03
    0.132290373398846706E+01    0.369100537589993394E+00    0.893213232087055594E+08   -0.144652059031427598E+03
    0.132349182565225609E+01    0.370483966894672889E+00    0.892563953584188223E+08   -0.145116459218677448E+03
