    0.327275179097762492E+00    0.540619156162208014E+00    0.328294620954882622E+10   -0.186750814797854332E+03
    0.298542166986414448E+00    0.501657855116492968E+00    0.348054339650327969E+10   -0.183887159576327122E+03
    0.243441144620219874E+00    0.469236739094164079E+00    0.385633283819606209E+10   -0.183847902378553812E+03
    0.336202292699073646E+00    0.582171291608970520E+00    0.327678550048373127E+10   -0.183463880996737430E+03
    0.288607600805890374E+00    0.610744686470660270E+00    0.350668507557451344E+10   -0.183322445043125526E+03
    0.291945067900078903E+00    0.457297741631336407E+00    0.347445586039088631E+10   -0.183286717844859595E+03
    0.288678512592817238E+00    0.536885823297073017E+00    0.353643419576026249E+10   -0.183004082866883124E+03
    0.303423685971862755E+00    0.474885601451063621E+00    0.342800033689602661E+10   -0.182928055127141988E+03
    0.299422815116582142E+00    0.375670640578153581E+00    0.345019799427017403E+10   -0.182923101907023891E+03
    0.273781953906671538E+00    0.500161767052667017E+00    0.359173159397077751E+10   -0.182877692367212518E+03
    0.311765028722876647E+00    0.530325816420109675E+00    0.340391601547410393E+10   -0.182729938851650900E+03
    0.293730305624512855E+00    0.548502082848283834E+00    0.345680792756044960E+10   -0.182711790584502410E+03
    0.321075339278956706E+00    0.531963184619929308E+00    0.332562555770826340E+10   -0.182686722347819568E+03
    0.294361159399319394E+00    0.466340659740140495E+00    0.347890702446320343E+10   -0.182627009122463107E+03
    0.241944008994158632E+00    0.439669261286063318E+00    0.384230011881520081E+10   -0.182499659717779082E+03
    0.277226873099656157E+00    0.498319204441008523E+00    0.356293903814063740E+10   -0.182448061747396821E+03
    0.295445286664533346E+00    0.448211853135770610E+00    0.352779851375486279E+10   -0.182414213483815587E+03
    0.261841397202214665E+00    0.485725484048186829E+00    0.374528490893161678E+10   -0.182332551546430750E+03
    0.284537887698447511E+00    0.477168961806896164E+00    0.360397572908585262E+10   -0.182211890549676951E+03
    0.332656545359790667E+00    0.492067232157884504E+00    0.332244673111432552E+10   -0.182018615340514941E+03
    0.308524680085407288E+00    0.420078691248992442E+00    0.344238365625518513E+10   -0.182005244485205935E+03
    0.253026029080385684E+00    0.435993043694502092E+00    0.376609286803690529E+10   -0.181999580152859892E+03
    0.308615787569862188E+00    0.393135761574129106E+00    0.342733544777874088E+10   -0.181973079289267332E+03
    0.318280291208050847E+00    0.563554926403053713E+00    0.334511805901539707E+10   -0.181952175060677007E+03
    0.305619034181458804E+00    0.401396168870579828E+00    0.342589783688472176E+10   -0.181907944544494001E+03
    0.315840042813880839E+00    0.488453018431787456E+00    0.340965817336055851E+10   -0.181783176220995074E+03
    0.257815282697601511E+00    0.469894480339911880E+00    0.368593460730404186E+10   -0.181752805104398874E+03
    0.316832896622398219E+00    0.518213477385122800E+00    0.337874286556142426E+10   -0.181747153526436193E+03
    0.304560975229246855E+00    0.474180172021815949E+00    0.344784192802303028E+10   -0.181683386227985579E+03
    0.267593847042342681E+00    0.514584260718720543E+00    0.365334272487371540E+10   -0.181623996269058409E+03
    0.268012064292796170E+00    0.476768232657647673E+00    0.362193073052775383E+10   -0.181616157336872135E+03
    0.288897882506340131E+00    0.414133948264252538E+00    0.353142506804729939E+10   -0.181555101896819167E+03
    0.297626819352212746E+00    0.482024453065319491E+00    0.344288382111793137E+10   -0.181496657920063655E+03
    0.296069414595100167E+00    0.524481617501514563E+00    0.349304126837455845E+10   -0.181442756347175475E+03
    0.245812446916188199E+00    0.441128816639713150E+00    0.382681376758231926E+10   -0.181403662276447022E+03
    0.261581183322834421E+00    0.578232374855732090E+00    0.373703661746484566E+10   -0.181400291347277346E+03
    0.297440258563903548E+00    0.497591601489450142E+00    0.346909693943880367E+10   -0.181391597209011650E+03
    0.280274157008032765E+00    0.426650157418997367E+00    0.361365935155666542E+10   -0.181382034799975855E+03
    0.281288266975755152E+00    0.430285551847045866E+00    0.356938510830085182E+10   -0.181378330139431796E+03
    0.246373035059933632E+00    0.451866568574084582E+00    0.380570819170593071E+10   -0.181370875680206723E+03
    0.292249804835982896E+00    0.448058256675787803E+00    0.351103033590872002E+10   -0.181235893541740808E+03
    0.286916101199108542E+00    0.497954555866233051E+00    0.351140509413915539E+10   -0.181219973631833966E+03
    0.306194312989306661E+00    0.464263669659125355E+00    0.340406206669999027E+10   -0.181158870628755807E+03
    0.310033520120570671E+00    0.482809388768338010E+00    0.341791466145525265E+10   -0.181097313103130517E+03
    0.298589517527882431E+00    0.431149215211574344E+00    0.344894819885553551E+10   -0.181095583810384909E+03
    0.314571264746974832E+00    0.536521705837888163E+00    0.336743128796210003E+10   -0.181076292171966827E+03
    0.278151538795054831E+00    0.427566688250017535E+00    0.361647966435462379E+10   -0.180940617410548612E+03
    0.306746537479427317E+00    0.432071623145313666E+00    0.343081526523175812E+10   -0.180935704346675521E+03
    0.258619697080111011E+00    0.467998628276705020E+00    0.369161810906094074E+10   -0.180916055799122773E+03
    0.290102518749911276E+00    0.493095994804271243E+00    0.354535858824040508E+10   -0.180912586180248411E+03
    0.288876261386242339E+00    0.499668939552391222E+00    0.350768844971010876E+10   -0.180910978889951167E+03
    0.300390341589328536E+00    0.409876451991754820E+00    0.342828069603060818E+10   -0.180874710191090770E+03
    0.305090805121451536E+00    0.505693999333855615E+00    0.347865915920454121E+10   -0.180850961357018605E+03
    0.272159818174550372E+00    0.520060647005241350E+00    0.363721556860225487E+10   -0.180824549072968921E+03
    0.303139518851317291E+00    0.470299724056603807E+00    0.343194580128568745E+10   -0.180820021655797575E+03
    0.287109059885422679E+00    0.501394404041707986E+00    0.350612164585670662E+10   -0.180805741921450220E+03
    0.292918629260792207E+00    0.535720144276037757E+00    0.352148407937089443E+10   -0.180777373940099608E+03
    0.270042765940091800E+00    0.426975751585086272E+00    0.364393945492934895E+10   -0.180772842724123677E+03
    0.274473886370475262E+00    0.443244852943481149E+00    0.363105929210298443E+10   -0.180772105976875480E+03
    0.304379990527545885E+00    0.507134775587163134E+00    0.346087607220940399E+10   -0.180765091480844944E+03
    0.297954458812374867E+00    0.503940874482912804E+00    0.348973502815834808E+10   -0.180746395273429869E+03
    0.273305260730249411E+00    0.532413573507311000E+00    0.359404545722522163E+10   -0.180673003078584372E+03
    0.260910133268219324E+00    0.374441942292440544E+00    0.371967078777017689E+10   -0.180637580642952912E+03
    0.276408503502161451E+00    0.379272287161995791E+00    0.362537149932436180E+10   -0.180627690081261790E+03
    0.293451110048705777E+00    0.467378339631977724E+00    0.349713782541300392E+10   -0.180601383864267888E+03
    0.281716059707683153E+00    0.435242181758235702E+00    0.355367695782208061E+10   -0.180589416410221389E+03
    0.287360677852088964E+00    0.449915930014480381E+00    0.352064600081657028E+10   -0.180574686381155573E+03
    0.274887525177534453E+00    0.542634676770569868E+00    0.361038354042231846E+10   -0.180551737893123942E+03
    0.305091736984600070E+00    0.526875098212563842E+00    0.343480100476458740E+10   -0.180548731421179241E+03
    0.319949209611331886E+00    0.482766527040020321E+00    0.334190533071774578E+10   -0.180517309494115864E+03
    0.304683184187291178E+00    0.439868941411482695E+00    0.346130851766231632E+10   -0.180454704687003783E+03
    0.279939178294881852E+00    0.476230187330719090E+00    0.359077907935819912E+10   -0.180454649660605071E+03
    0.278187289033656415E+00    0.591998640007332710E+00    0.358605170161506748E+10   -0.180448393476232297E+03
    0.315366260575110857E+00    0.456134669378894131E+00    0.337225978474409866E+10   -0.180401223285954984E+03
    0.272396279399998331E+00    0.453336892849696582E+00    0.364319502722346306E+10   -0.180381118849587324E+03
    0.306244855538676197E+00    0.463130714263330745E+00    0.346519461664142227E+10   -0.180373507348075634E+03
    0.257301923430741486E+00    0.503721164663982535E+00    0.373444910801786900E+10   -0.180364735692261945E+03
    0.282517726858558749E+00    0.496885193229960720E+00    0.354305657020030022E+10   -0.180340807740525861E+03
    0.284144123891055700E+00    0.448784905040833237E+00    0.357621219760339260E+10   -0.180339108764606863E+03
    0.277029320202655971E+00    0.465816828716462794E+00    0.357036203344025421E+10   -0.180331067421904407E+03
    0.304757514620191960E+00    0.446020186355781334E+00    0.342427183054087543E+10   -0.180277220448462202E+03
    0.298054412126357471E+00    0.498591497214937007E+00    0.347005263652397728E+10   -0.180267471169805219E+03
    0.293435142394589510E+00    0.446194923386082465E+00    0.347409429681069088E+10   -0.180252489934963762E+03
    0.280001575339040520E+00    0.463724236121581868E+00    0.360336037972315979E+10   -0.180243911557138404E+03
    0.270010699083861216E+00    0.478039556180387848E+00    0.362993720147719193E+10   -0.180215695768497511E+03
    0.280499364619340552E+00    0.482330664310207879E+00    0.361702149117211819E+10   -0.180170397499800941E+03
    0.291402195127620611E+00    0.475449506863199645E+00    0.348282367183063030E+10   -0.180165489519485163E+03
    0.287953315916267660E+00    0.488158935336910460E+00    0.354818719892471313E+10   -0.180161957287232042E+03
    0.287953315916267660E+00    0.488158935336910460E+00    0.354818719892471313E+10   -0.180161957287232042E+03
    0.296204801695770403E+00    0.487731371292854377E+00    0.351407027417432785E+10   -0.180140995161356244E+03
    0.280969281907698543E+00    0.498155498368191729E+00    0.354228623479267216E+10   -0.180128677208257812E+03
    0.280969281907698543E+00    0.498155498368191729E+00    0.354228623479267216E+10   -0.180128677208257812E+03
    0.308093635068070026E+00    0.450072213006006194E+00    0.341893635686890697E+10   -0.180124047205777515E+03
    0.276940755353855261E+00    0.508030137083038014E+00    0.361168775050720501E+10   -0.180101972523857796E+03
    0.288065864764988300E+00    0.443175233446183370E+00    0.350341547310639095E+10   -0.180098847338141240E+03
    0.288065864764988300E+00    0.443175233446183370E+00    0.350341547310639095E+10   -0.180098847338141240E+03
    0.302055132116151315E+00    0.485519341474695665E+00    0.343281789145797920E+10   -0.180091226855297407E+03
    0.317280359807658840E+00    0.486609834857986812E+00    0.337191867087866402E+10   -0.180087665280706176E+03
    0.285849307969480715E+00    0.454907150209479028E+00    0.354493368792859745E+10   -0.180074761738891937E+03
    0.289894370867984474E+00    0.419080802723716062E+00    0.349883352699643707E+10   -0.180056745848349436E+03
    0.273513112368641176E+00    0.466064708683608941E+00    0.363336023473851204E+10   -0.180050445046465484E+03
    0.273955203835642036E+00    0.500059318113484252E+00    0.361904368105829811E+10   -0.180028171928341351E+03
    0.265059343653225199E+00    0.490220119737831084E+00    0.367436740660312080E+10   -0.180010850766555563E+03
    0.304760789512109942E+00    0.502111748653078394E+00    0.347449593040407085E+10   -0.180009443124035840E+03
    0.273521059597886251E+00    0.464938989608743469E+00    0.360293480059760857E+10   -0.179970655621739638E+03
    0.289384340094324621E+00    0.419125468761453845E+00    0.349550680440320969E+10   -0.179950587228089262E+03
    0.301712945023464185E+00    0.465026332135575871E+00    0.348773520707583427E+10   -0.179880374066737176E+03
    0.280036572185297927E+00    0.415415168863882300E+00    0.357721177220466900E+10   -0.179869492345532592E+03
    0.267421643188069880E+00    0.491888763499506609E+00    0.364074501476590347E+10   -0.179854579770215963E+03
    0.267421643188069880E+00    0.491888763499506609E+00    0.364074501476590347E+10   -0.179854579770215963E+03
    0.278269418283030368E+00    0.507962397056873627E+00    0.356407787692856693E+10   -0.179849970561944701E+03
    0.323014669284106437E+00    0.538582767322289158E+00    0.334247835305224037E+10   -0.179845209340573888E+03
    0.282800790777587407E+00    0.443069691573676039E+00    0.355634607040973282E+10   -0.179818674914445012E+03
    0.293941981357716486E+00    0.433855898071692891E+00    0.348160956439880848E+10   -0.179810228506635070E+03
    0.303739560284148447E+00    0.521591292394777639E+00    0.344888911277186584E+10   -0.179791161915410328E+03
    0.297066477657447425E+00    0.484598634715693422E+00    0.348604196514235115E+10   -0.179784108732659320E+03
    0.269794921174902169E+00    0.493947106663309654E+00    0.364382366149624443E+10   -0.179778996834244310E+03
    0.271088887085328023E+00    0.448511390366304497E+00    0.364376867970326805E+10   -0.179778749402455446E+03
    0.275822606078037991E+00    0.385310194817813922E+00    0.358418822503633785E+10   -0.179769273897827674E+03
    0.281479819953358745E+00    0.528142629244010564E+00    0.356105294992945099E+10   -0.179757835087341476E+03
    0.279296257570976869E+00    0.538724055387749701E+00    0.356173547735973072E+10   -0.179735421761807459E+03
    0.279296257570976869E+00    0.538724055387749701E+00    0.356173547735973072E+10   -0.179735421761807459E+03
    0.269536656541382036E+00    0.407721530918369268E+00    0.363340632766562939E+10   -0.179725245415089546E+03
    0.269536656541382036E+00    0.407721530918369268E+00    0.363340632766562939E+10   -0.179725245415089546E+03
    0.319563516185957075E+00    0.466951054925345943E+00    0.338177331995007324E+10   -0.179720110202987314E+03
    0.319563516185957075E+00    0.466951054925345943E+00    0.338177331995007324E+10   -0.179720110202987314E+03
    0.265438652071032621E+00    0.480785693232713029E+00    0.366696637206883717E+10   -0.179710762747829193E+03
    0.315572745738737226E+00    0.520303866211168753E+00    0.337077244686773872E+10   -0.179680393326320569E+03
    0.307123686076768432E+00    0.472172358324762342E+00    0.343397807873811245E+10   -0.179664084986368408E+03
    0.287164775929264149E+00    0.495998317775839581E+00    0.351876506353572083E+10   -0.179637359645506706E+03
    0.278255889706506943E+00    0.417937693222897977E+00    0.356403432443945599E+10   -0.179586102714907923E+03
    0.278255889706506943E+00    0.417937693222897977E+00    0.356403432443945599E+10   -0.179586102714907923E+03
    0.296257757403707356E+00    0.446134669058563915E+00    0.348699780842649078E+10   -0.179582568775383777E+03
    0.308834646629110976E+00    0.456944835187115928E+00    0.340847284776908016E+10   -0.179567524400577781E+03
    0.281285053781422045E+00    0.490090269957931923E+00    0.360803562403840733E+10   -0.179561373557481943E+03
    0.305688064380499058E+00    0.447143497961759451E+00    0.344505524898042488E+10   -0.179551003812227407E+03
    0.284846757868796152E+00    0.484887675529726891E+00    0.353402415813284111E+10   -0.179526866425520495E+03
    0.284846757868796152E+00    0.484887675529726891E+00    0.353402415813284111E+10   -0.179526866425520495E+03
    0.300817758515259159E+00    0.427334694257794467E+00    0.347759674455927086E+10   -0.179514269858486387E+03
    0.281649982574206037E+00    0.502511789275805754E+00    0.355668842069422054E+10   -0.179501382587937542E+03
    0.280727204279613007E+00    0.543883563096489553E+00    0.359633012173202705E+10   -0.179492433855341091E+03
    0.277669947708912068E+00    0.541488615427770270E+00    0.361126639181905746E+10   -0.179474949976284933E+03
    0.277669947708912068E+00    0.541488615427770270E+00    0.361126639181905746E+10   -0.179474949976284933E+03
    0.323530918483956376E+00    0.553372034516730338E+00    0.334185248428374767E+10   -0.179466976180576211E+03
    0.295970425599131060E+00    0.479497356406515252E+00    0.348425803750567627E+10   -0.179465893648903659E+03
    0.284975852405122687E+00    0.511715401513971102E+00    0.354305717304928017E+10   -0.179428359126017369E+03
    0.284975852405122687E+00    0.511715401513971102E+00    0.354305717304928017E+10   -0.179428359126017369E+03
    0.300046432850666844E+00    0.443320843021165700E+00    0.347025252955592632E+10   -0.179408253388997508E+03
    0.300046432850666844E+00    0.443320843021165700E+00    0.347025252955592632E+10   -0.179408253388997508E+03
    0.261386492827721306E+00    0.501419193331571478E+00    0.369824853868744278E+10   -0.179389859883359634E+03
    0.261386492827721306E+00    0.501419193331571478E+00    0.369824853868744278E+10   -0.179389859883359634E+03
    0.282606760212225971E+00    0.497286175238659922E+00    0.358217934734736061E+10   -0.179389475097605441E+03
    0.282606760212225971E+00    0.497286175238659922E+00    0.358217934734736061E+10   -0.179389475097605441E+03
    0.305890389171195487E+00    0.474343861425774449E+00    0.341696830476515961E+10   -0.179385499968012255E+03
    0.305890389171195487E+00    0.474343861425774449E+00    0.341696830476515961E+10   -0.179385499968012255E+03
    0.278998416214724154E+00    0.475762259741280502E+00    0.358192704350455189E+10   -0.179381225930331254E+03
    0.278998416214724154E+00    0.475762259741280502E+00    0.358192704350455189E+10   -0.179381225930331254E+03
    0.302574224997528674E+00    0.435260068363692909E+00    0.344767699780091095E+10   -0.179373164585614973E+03
    0.302574224997528674E+00    0.435260068363692909E+00    0.344767699780091095E+10   -0.179373164585614973E+03
    0.284654078310120351E+00    0.428430943427393629E+00    0.357001421520954609E+10   -0.179360397687826492E+03
    0.267885632212626623E+00    0.401075513060273892E+00    0.366034013569368649E+10   -0.179353635900861036E+03
    0.267885632212626623E+00    0.401075513060273892E+00    0.366034013569368649E+10   -0.179353635900861036E+03
    0.317607027134255149E+00    0.542805684060905236E+00    0.336745490605740929E+10   -0.179331663908447297E+03
    0.317607027134255149E+00    0.542805684060905236E+00    0.336745490605740929E+10   -0.179331663908447297E+03
    0.273777145606504291E+00    0.520394043957736585E+00    0.360104439989972496E+10   -0.179329864486528635E+03
    0.292162643295756863E+00    0.442255534336403855E+00    0.349443612561971664E+10   -0.179309813066590948E+03
    0.292162643295756863E+00    0.442255534336403855E+00    0.349443612561971664E+10   -0.179309813066590948E+03
    0.291757264044179732E+00    0.456793628643888283E+00    0.350487781308409977E+10   -0.179285669270795267E+03
    0.286190624387678783E+00    0.478610901729339844E+00    0.356834738962820053E+10   -0.179281994083271684E+03
    0.286190624387678783E+00    0.478610901729339844E+00    0.356834738962820053E+10   -0.179281994083271684E+03
    0.283693679346084471E+00    0.543711191830031026E+00    0.356088487401409054E+10   -0.179280601901697423E+03
    0.283693679346084471E+00    0.543711191830031026E+00    0.356088487401409054E+10   -0.179280601901697423E+03
    0.279424020297996067E+00    0.517383839631403220E+00    0.359240852182963467E+10   -0.179278556751692577E+03
    0.293972317119219728E+00    0.389702410640706987E+00    0.347907471801802158E+10   -0.179265282978191578E+03
    0.271564171625668815E+00    0.424845762711376196E+00    0.361797626892728233E+10   -0.179255673925798135E+03
    0.277238535092841409E+00    0.410800223805669162E+00    0.359454701591782570E+10   -0.179253598976358091E+03
    0.267084743173257255E+00    0.430923304102526217E+00    0.365662612372788048E+10   -0.179245765611671857E+03
    0.267084743173257255E+00    0.430923304102526217E+00    0.365662612372788048E+10   -0.179245765611671857E+03
    0.263106034209151629E+00    0.496825578135482004E+00    0.368475059137371254E+10   -0.179244998280153027E+03
    0.295341576052116195E+00    0.508011775822884815E+00    0.347204520660381603E+10   -0.179242585006500065E+03
    0.274674281745846627E+00    0.476181913300177229E+00    0.360207874257158089E+10   -0.179242143360950024E+03
    0.274674281745846627E+00    0.476181913300177229E+00    0.360207874257158089E+10   -0.179242143360950024E+03
    0.292350758078210426E+00    0.471369137610881950E+00    0.352900549927493858E+10   -0.179240685364598164E+03
    0.290122657356727931E+00    0.500194739314368420E+00    0.352206434872566319E+10   -0.179237296274050664E+03
    0.273270351293397440E+00    0.454896010417897401E+00    0.361910415615452099E+10   -0.179234563703447407E+03
    0.270072220708352129E+00    0.394374255995767697E+00    0.361800940299600792E+10   -0.179234139712219189E+03
    0.270072220708352129E+00    0.394374255995767697E+00    0.361800940299600792E+10   -0.179234139712219189E+03
    0.280722226583141554E+00    0.472906042616166644E+00    0.358554702586982155E+10   -0.179220858725508833E+03
    0.280722226583141554E+00    0.472906042616166644E+00    0.358554702586982155E+10   -0.179220858725508833E+03
    0.284529419718529408E+00    0.427317893039749208E+00    0.355535621690285397E+10   -0.179205957053986907E+03
    0.290547750372722402E+00    0.468264255823653386E+00    0.350849136134470844E+10   -0.179204367384197980E+03
    0.278985063782373532E+00    0.472391424545461902E+00    0.357591000317867279E+10   -0.179203530592887233E+03
    0.282096347839537742E+00    0.477411402533485685E+00    0.355657502371242428E+10   -0.179163742489106255E+03
    0.282812262158762984E+00    0.411601486429075791E+00    0.354649701551843262E+10   -0.179161938961358885E+03
    0.282993274999160660E+00    0.437706613756443375E+00    0.356252281819533253E+10   -0.179140331132282142E+03
    0.272340746879982554E+00    0.446716215087118229E+00    0.361203242924961376E+10   -0.179120642437251178E+03
    0.294496062246760226E+00    0.451468464848886697E+00    0.350148672800494862E+10   -0.179120627146647905E+03
    0.272189656618009701E+00    0.438698533004696856E+00    0.363105526300388241E+10   -0.179112822231705820E+03
    0.272189656618009701E+00    0.438698533004696856E+00    0.363105526300388241E+10   -0.179112822231705820E+03
    0.272991941023003115E+00    0.425088544928900802E+00    0.361578598356266689E+10   -0.179106345989989848E+03
    0.268813026429696511E+00    0.431881620433120617E+00    0.363686218129495049E+10   -0.179090913661188438E+03
    0.268813026429696511E+00    0.431881620433120617E+00    0.363686218129495049E+10   -0.179090913661188438E+03
    0.275795259276919391E+00    0.400151762066894179E+00    0.362074224729204464E+10   -0.179090395819233549E+03
    0.275795259276919391E+00    0.400151762066894179E+00    0.362074224729204464E+10   -0.179090395819233549E+03
    0.292884351841806667E+00    0.437227625845098444E+00    0.348215848628280830E+10   -0.179088938349164891E+03
    0.292884351841806667E+00    0.437227625845098444E+00    0.348215848628280830E+10   -0.179088938349164891E+03
    0.293672515619515295E+00    0.443089688805745396E+00    0.349099163994751263E+10   -0.179080263363227914E+03
    0.282053566810558598E+00    0.470487418893929643E+00    0.358270226678342152E+10   -0.179056258759341176E+03
    0.282053566810558598E+00    0.470487418893929643E+00    0.358270226678342152E+10   -0.179056258759341176E+03
    0.281198217280785978E+00    0.448717718004619570E+00    0.355930926032034588E+10   -0.179052456647197687E+03
    0.281198217280785978E+00    0.448717718004619570E+00    0.355930926032034588E+10   -0.179052456647197687E+03
    0.281920066870486152E+00    0.477682525692610938E+00    0.355338665383979988E+10   -0.179048394445934264E+03
    0.281920066870486152E+00    0.477682525692610938E+00    0.355338665383979988E+10   -0.179048394445934264E+03
    0.280496468296713430E+00    0.434147617895954241E+00    0.357807987955652142E+10   -0.179022467764326848E+03
    0.315114468236965262E+00    0.535272433842280293E+00    0.338793410454181290E+10   -0.178988106638446141E+03
    0.305790317215891894E+00    0.486836449115548575E+00    0.342035337840595055E+10   -0.178984373394230545E+03
    0.305790317215891894E+00    0.486836449115548575E+00    0.342035337840595055E+10   -0.178984373394230545E+03
    0.270374352749621238E+00    0.417785327332866885E+00    0.362514860133199978E+10   -0.178971041021788892E+03
    0.270374352749621238E+00    0.417785327332866885E+00    0.362514860133199978E+10   -0.178971041021788892E+03
    0.283795357289394479E+00    0.446902315942717010E+00    0.354284091019904327E+10   -0.178958803856962049E+03
    0.268104127041902507E+00    0.401095977678401994E+00    0.365531056036746502E+10   -0.178957227341528068E+03
    0.281021013191146196E+00    0.426352924768526265E+00    0.356300107356225109E+10   -0.178942654951474566E+03
    0.301915814988704012E+00    0.443646774534416366E+00    0.347001845483915997E+10   -0.178935338179523796E+03
    0.301915814988704012E+00    0.443646774534416366E+00    0.347001845483915997E+10   -0.178935338179523796E+03
    0.279762541718519386E+00    0.492074021297995046E+00    0.358914478340016079E+10   -0.178930476017734435E+03
    0.298614039879870730E+00    0.446548693706219524E+00    0.347745087184564972E+10   -0.178910555524496033E+03
    0.298614039879870730E+00    0.446548693706219524E+00    0.347745087184564972E+10   -0.178910555524496033E+03
    0.294343832834026486E+00    0.430474264754863611E+00    0.349525754847712421E+10   -0.178897705173812426E+03
    0.294343832834026486E+00    0.430474264754863611E+00    0.349525754847712421E+10   -0.178897705173812426E+03
    0.305330258847283764E+00    0.473944231590909482E+00    0.343057162494748592E+10   -0.178892578402707130E+03
    0.283040696367323874E+00    0.437306999821352349E+00    0.354836117928417683E+10   -0.178890463186544110E+03
    0.283040696367323874E+00    0.437306999821352349E+00    0.354836117928417683E+10   -0.178890463186544110E+03
    0.275386776198319860E+00    0.527192004427126548E+00    0.361585104979504967E+10   -0.178872524084067209E+03
    0.281273125021467896E+00    0.417628274657779741E+00    0.356099997709340000E+10   -0.178864537575271640E+03
    0.280993900595240431E+00    0.493616124010973323E+00    0.358444752651642799E+10   -0.178860203462940888E+03
    0.287882626640882489E+00    0.481951230102641404E+00    0.354181442868854809E+10   -0.178854200171933627E+03
    0.280840604437225139E+00    0.487346885339270841E+00    0.360691066412510300E+10   -0.178843586575426912E+03
    0.275541297564606491E+00    0.447405282751631717E+00    0.362796299965131092E+10   -0.178839312298606558E+03
    0.280466921423886961E+00    0.437063411205144803E+00    0.356546192471648026E+10   -0.178838902859214159E+03
    0.280466921423886961E+00    0.437063411205144803E+00    0.356546192471648026E+10   -0.178838902859214159E+03
    0.293831661417900181E+00    0.516719407084501370E+00    0.350384283590164280E+10   -0.178826724500688329E+03
    0.293831661417900181E+00    0.516719407084501370E+00    0.350384283590164280E+10   -0.178826724500688329E+03
    0.293339046829846795E+00    0.463055854123853194E+00    0.352184630450411987E+10   -0.178817057547622710E+03
    0.293339046829846795E+00    0.463055854123853194E+00    0.352184630450411987E+10   -0.178817057547622710E+03
    0.299131883599647541E+00    0.429075514619135845E+00    0.345724283681801605E+10   -0.178815148853141807E+03
    0.299131883599647541E+00    0.429075514619135845E+00    0.345724283681801605E+10   -0.178815148853141807E+03
    0.281185545529025638E+00    0.470048890081983473E+00    0.356061456430352688E+10   -0.178811090238904512E+03
    0.281185545529025638E+00    0.470048890081983473E+00    0.356061456430352688E+10   -0.178811090238904512E+03
    0.292552625537353006E+00    0.472236086269553823E+00    0.352292319302943707E+10   -0.178803863333993149E+03
    0.292552625537353006E+00    0.472236086269553823E+00    0.352292319302943707E+10   -0.178803863333993149E+03
    0.285369713843693362E+00    0.433835801355936468E+00    0.353935580238093090E+10   -0.178800875549906664E+03
    0.284428266114955808E+00    0.444543707056258341E+00    0.356418052899086189E+10   -0.178799171307825958E+03
    0.308225692067880974E+00    0.510262371842687301E+00    0.342262626809120464E+10   -0.178785633198238259E+03
    0.282403367891716495E+00    0.488333309009046701E+00    0.356165557417454243E+10   -0.178777321017617453E+03
    0.282403367891716495E+00    0.488333309009046701E+00    0.356165557417454243E+10   -0.178777321017617453E+03
    0.276389880425679468E+00    0.530488826823297899E+00    0.361417249243451309E+10   -0.178777284818079067E+03
    0.282184068535797916E+00    0.448207404055740000E+00    0.356771201837754536E+10   -0.178777141961295058E+03
    0.282184068535797916E+00    0.448207404055740000E+00    0.356771201837754536E+10   -0.178777141961295058E+03
    0.285616235881325509E+00    0.436928129140055077E+00    0.357162122542987442E+10   -0.178768860676304911E+03
    0.285616235881325509E+00    0.436928129140055077E+00    0.357162122542987442E+10   -0.178768860676304911E+03
    0.282679644299731747E+00    0.500832019973522335E+00    0.356321961314911556E+10   -0.178765266635600597E+03
    0.305942293382686470E+00    0.458283182356007401E+00    0.344322617679963684E+10   -0.178747549085357832E+03
    0.276443289837971506E+00    0.477646302639049836E+00    0.359338336114664555E+10   -0.178745164033622132E+03
    0.306206330993242459E+00    0.488374611913480194E+00    0.342340252945066452E+10   -0.178735547942302247E+03
    0.282353056759059973E+00    0.466699023102286503E+00    0.356744998953180695E+10   -0.178724293851181727E+03
    0.287119126511817091E+00    0.452870651184600348E+00    0.354764857496848488E+10   -0.178692267271806031E+03
    0.295791554448512628E+00    0.394376890555465209E+00    0.347757151151132774E+10   -0.178691979318120531E+03
    0.278151949180542979E+00    0.472029949101578694E+00    0.359126585996944904E+10   -0.178688826365524676E+03
    0.276792261672824058E+00    0.413261021231525305E+00    0.358437074887016773E+10   -0.178687702015215024E+03
    0.295602153302568282E+00    0.447441315354106806E+00    0.348348710047904015E+10   -0.178685889799572351E+03
    0.279295879238121880E+00    0.403615447910347314E+00    0.357709684692687607E+10   -0.178683376437034923E+03
    0.299663339183344979E+00    0.466564832919447170E+00    0.348971470636553383E+10   -0.178682794248442434E+03
    0.290439776623328483E+00    0.518634312544845599E+00    0.352223153217907047E+10   -0.178673143776790710E+03
    0.274952608690554490E+00    0.417347355183414592E+00    0.363121056403243160E+10   -0.178644376481682968E+03
    0.280161434111508290E+00    0.421977799634163375E+00    0.359755367406983757E+10   -0.178631585442221194E+03
    0.279194734433867775E+00    0.489952975306932714E+00    0.357890415222422409E+10   -0.178631033933253434E+03
    0.270654233843122149E+00    0.432366697253950605E+00    0.364720055750896263E+10   -0.178620184225724302E+03
    0.274128873580976540E+00    0.418404871781783427E+00    0.361708898602037430E+10   -0.178617777489586217E+03
    0.304097940505993536E+00    0.476247090372915238E+00    0.344098802950948143E+10   -0.178610808180271164E+03
    0.283286546246472593E+00    0.422626829027761275E+00    0.355336095156479359E+10   -0.178606126119774331E+03
    0.283286546246472593E+00    0.422626829027761275E+00    0.355336095156479359E+10   -0.178606126119774331E+03
    0.294091585446357606E+00    0.492451620324651174E+00    0.349442594517109966E+10   -0.178601519685660094E+03
    0.292926341561818904E+00    0.488775475093721212E+00    0.350120960152477074E+10   -0.178598460092201805E+03
    0.269845376501782530E+00    0.427405034036459242E+00    0.365130853566934872E+10   -0.178596094943886641E+03
    0.293657053107503230E+00    0.489548108353279332E+00    0.350254895321556377E+10   -0.178593324944643484E+03
    0.277711666798812540E+00    0.470581041089687346E+00    0.359007818204355240E+10   -0.178590571829807431E+03
    0.289944462881374210E+00    0.492473858151551980E+00    0.351324172366508865E+10   -0.178580106021569179E+03
    0.283427244545277512E+00    0.435365535480125132E+00    0.355880804663027954E+10   -0.178571304655874059E+03
    0.283427244545277512E+00    0.435365535480125132E+00    0.355880804663027954E+10   -0.178571304655874059E+03
    0.273967970113093706E+00    0.426781782101322449E+00    0.363864286104667473E+10   -0.178565346536848637E+03
    0.273967970113093706E+00    0.426781782101322449E+00    0.363864286104667473E+10   -0.178565346536848637E+03
    0.275802669726365413E+00    0.450707764219540508E+00    0.360578759367790985E+10   -0.178557290117795986E+03
    0.276320910649364593E+00    0.405506875488587326E+00    0.361071370278612518E+10   -0.178555726697402406E+03
    0.274304443233954254E+00    0.403139244873964131E+00    0.360386042077589989E+10   -0.178551587990485132E+03
    0.281259468546940561E+00    0.443420803778559858E+00    0.355482164694122887E+10   -0.178550031755983923E+03
    0.290082109198222304E+00    0.461935783205095873E+00    0.352952972399327946E+10   -0.178548559686997237E+03
    0.310238286702812727E+00    0.504665154681120498E+00    0.342111494138250923E+10   -0.178543732049934732E+03
    0.275776723674911739E+00    0.425858675228596439E+00    0.362052999963624763E+10   -0.178538943639347082E+03
    0.301409180063588189E+00    0.409917060737539529E+00    0.346300725979217434E+10   -0.178528295066705169E+03
    0.307134884750348003E+00    0.507544875608985535E+00    0.342706346025883484E+10   -0.178527355376360390E+03
    0.307099564031548145E+00    0.469971375921199197E+00    0.342905921861467552E+10   -0.178523833643086675E+03
    0.268886957064678245E+00    0.421297513533867019E+00    0.364976314949586487E+10   -0.178518409318635179E+03
    0.280642946730401688E+00    0.418840756223911370E+00    0.356839772228896046E+10   -0.178514681646325329E+03
    0.286739204111194912E+00    0.464278325995158170E+00    0.354027146449577045E+10   -0.178503387679027355E+03
    0.282434605950981021E+00    0.476518119390956230E+00    0.356881005499674416E+10   -0.178501488347952147E+03
    0.279258981317465793E+00    0.444587167011427198E+00    0.360554944986336994E+10   -0.178496321193950649E+03
    0.295010477658525061E+00    0.496127860057297809E+00    0.350643358136076546E+10   -0.178494885309321603E+03
    0.277609059234993127E+00    0.468415138402447084E+00    0.361335664852223969E+10   -0.178493151493153931E+03
    0.281236047558594382E+00    0.445666895863558565E+00    0.356294899389886189E+10   -0.178488132214557396E+03
    0.288393259589838857E+00    0.461091866941936601E+00    0.353091579851095581E+10   -0.178482672882400522E+03
    0.307668166525750519E+00    0.487352284451432638E+00    0.343366362137933731E+10   -0.178479643475827402E+03
    0.298724161437044444E+00    0.470143109681828264E+00    0.349514597079716396E+10   -0.178476799764198063E+03
    0.302213956959670904E+00    0.447850420065250887E+00    0.345808367141506863E+10   -0.178472968869914780E+03
    0.283147676024795181E+00    0.459054082011476794E+00    0.355902347676483631E+10   -0.178460577263112896E+03
    0.295033260837302080E+00    0.455202255055191074E+00    0.349307915319061756E+10   -0.178455274222560774E+03
    0.295033260837302080E+00    0.455202255055191074E+00    0.349307915319061756E+10   -0.178455274222560774E+03
    0.290875195050163793E+00    0.531584437405321353E+00    0.352826276136102962E+10   -0.178449267972213988E+03
    0.273362404651269320E+00    0.411493857985011147E+00    0.362731117593750858E+10   -0.178444242200924691E+03
    0.282912250277578325E+00    0.436324226563469253E+00    0.358296752930362797E+10   -0.178428087669773504E+03
    0.280929353920917779E+00    0.417329837953037242E+00    0.359913418384086323E+10   -0.178426406938497223E+03
    0.273321237596866773E+00    0.428302398091798153E+00    0.362103177694903755E+10   -0.178425434959156973E+03
    0.290476634275777024E+00    0.461516949429052303E+00    0.352947488634952831E+10   -0.178423760072460709E+03
    0.291456137601309673E+00    0.502203390058280519E+00    0.352253184022549248E+10   -0.178417873221641116E+03
    0.282721851669076818E+00    0.483933339931885698E+00    0.357041300485618019E+10   -0.178417116381439257E+03
    0.285278649979908538E+00    0.430588902602899282E+00    0.354027699298907661E+10   -0.178416336322039427E+03
    0.298270033474864915E+00    0.466627635684089270E+00    0.349400983254273701E+10   -0.178407846853643235E+03
    0.292276843085542859E+00    0.464690158371393380E+00    0.351437977998878670E+10   -0.178407635457550214E+03
    0.278383681690943907E+00    0.426144088109870367E+00    0.357927765681239414E+10   -0.178402981877490561E+03
    0.278163420168078379E+00    0.402023204496053665E+00    0.357912717013332844E+10   -0.178402064559770736E+03
    0.277543548866071910E+00    0.453712887194424042E+00    0.360018212305405617E+10   -0.178401561560665385E+03
    0.277520286006042838E+00    0.458066336749611835E+00    0.359898087082487392E+10   -0.178401169907623569E+03
    0.283094205680848809E+00    0.465773052733691628E+00    0.355173436820456409E+10   -0.178395759828975827E+03
    0.277798917246257548E+00    0.454034411042549380E+00    0.360528095910495853E+10   -0.178393526056049893E+03
    0.285895043389466919E+00    0.464284420711907231E+00    0.356201675765406227E+10   -0.178389222340173262E+03
    0.298275618736331127E+00    0.508397855530693832E+00    0.349135258775441837E+10   -0.178384225343687149E+03
    0.273191208212139158E+00    0.415791281854309247E+00    0.364481380184134293E+10   -0.178365832363880202E+03
    0.299952803335244378E+00    0.427299631788217837E+00    0.345413976621045780E+10   -0.178364262432215696E+03
    0.308750991889552517E+00    0.486988441388243487E+00    0.341530469770401478E+10   -0.178362067788362936E+03
    0.283741006679042507E+00    0.427499121692685335E+00    0.355704172926954556E+10   -0.178343478294260677E+03
    0.282071063907363362E+00    0.441654354364262147E+00    0.357041242249826813E+10   -0.178329704120878773E+03
    0.291734694333100730E+00    0.489174333051398236E+00    0.352419580309733295E+10   -0.178322674763834414E+03
    0.285479564412183584E+00    0.417593280122732224E+00    0.354930570383170414E+10   -0.178311833027210128E+03
    0.303645232612872462E+00    0.464656573158652719E+00    0.344709355824541378E+10   -0.178300570736600633E+03
    0.275692521816752911E+00    0.385614595881563105E+00    0.360357896903180313E+10   -0.178300144050531458E+03
    0.293417929947897727E+00    0.505928087675313165E+00    0.351840471407461452E+10   -0.178297491267110104E+03
    0.285521023019677189E+00    0.411911372939396614E+00    0.356335911783678818E+10   -0.178291467524757252E+03
    0.295294192179989368E+00    0.459100517732704105E+00    0.349250372893703651E+10   -0.178290254679753815E+03
    0.286178251334981482E+00    0.514331263747617839E+00    0.354824897497768402E+10   -0.178281359899465201E+03
    0.288068356930734792E+00    0.462890191678308582E+00    0.352918630886046505E+10   -0.178269014155210868E+03
    0.288070647620094211E+00    0.484709203264779731E+00    0.354939462370439911E+10   -0.178262403741348407E+03
    0.299576908978766210E+00    0.440165596452510854E+00    0.346149972058874035E+10   -0.178260320395265296E+03
    0.295001922925469784E+00    0.523679984859983350E+00    0.351682412601047039E+10   -0.178258112451969026E+03
    0.291647684679871289E+00    0.498069671498150512E+00    0.352465925886502552E+10   -0.178247141959135774E+03
    0.303123465733951714E+00    0.442716517178830316E+00    0.344312202371553516E+10   -0.178245620483353974E+03
    0.278263783182164604E+00    0.409781070349451326E+00    0.360545470896356678E+10   -0.178242293720253144E+03
    0.289236593943708209E+00    0.422967610767459590E+00    0.353074742291821575E+10   -0.178227201090718609E+03
    0.274033779177806858E+00    0.408728552736238981E+00    0.362257972299770069E+10   -0.178223323195986694E+03
    0.270701631857031333E+00    0.427184920255417211E+00    0.363762109595212555E+10   -0.178222324804003449E+03
    0.297434877095224870E+00    0.492825572416892399E+00    0.348103348023512363E+10   -0.178221724324238124E+03
    0.286942193730371942E+00    0.425652770756382637E+00    0.353186864912561035E+10   -0.178214163315796327E+03
    0.296972834590918333E+00    0.528849806726483962E+00    0.350356172516566944E+10   -0.178210194917748936E+03
    0.285286761431693348E+00    0.468993383326488100E+00    0.354963004629824066E+10   -0.178204665078802805E+03
    0.281291756025297046E+00    0.429063311567265515E+00    0.358064581658228397E+10   -0.178200085416776176E+03
    0.289832508274524114E+00    0.513212227077286087E+00    0.352917694609152031E+10   -0.178199377957324089E+03
    0.283845033082438913E+00    0.493071996385701539E+00    0.357304703474049091E+10   -0.178197479256118754E+03
    0.286644302652683369E+00    0.516274409458256756E+00    0.355236523680611897E+10   -0.178191564152381659E+03
    0.295142748838859825E+00    0.517361857656286617E+00    0.350603936508618546E+10   -0.178190333576342255E+03
    0.294791999827171802E+00    0.456821428716072120E+00    0.350407271464210701E+10   -0.178168146732357570E+03
    0.304541713530158242E+00    0.467056057043420125E+00    0.343918984949607182E+10   -0.178167946262853320E+03
    0.297600036354422004E+00    0.506839291433978545E+00    0.349750138747795868E+10   -0.178165601787202149E+03
    0.285582759551574472E+00    0.426813506230988793E+00    0.353755004364858150E+10   -0.178164894756267444E+03
    0.290286059168570476E+00    0.478018655551149863E+00    0.352010529187564278E+10   -0.178163742980588808E+03
    0.286063079069013682E+00    0.427411726441146556E+00    0.354753950226077366E+10   -0.178155113511261334E+03
    0.284912321729264784E+00    0.473727536803938420E+00    0.356237340492071915E+10   -0.178149238099184458E+03
    0.297854103794936154E+00    0.507427561408846373E+00    0.349700087981985569E+10   -0.177765080615886916E+03
    0.297854103794936154E+00    0.507427561408846373E+00    0.349700087981985569E+10   -0.177765080615886916E+03
    0.296380953227085686E+00    0.498877531136741936E+00    0.349375129370218754E+10   -0.178133441512909911E+03
    0.296734380580415735E+00    0.495007946560210854E+00    0.350091995221991158E+10   -0.177766951834014861E+03
    0.295122057467544330E+00    0.496652911478825843E+00    0.349928769753519535E+10   -0.178024579835047348E+03
    0.299842171362355470E+00    0.491793203524871103E+00    0.347146524959865761E+10   -0.177938046601262158E+03
    0.299862948868934553E+00    0.489157301469278494E+00    0.347817215930771160E+10   -0.177720877807493366E+03
    0.299209342286074820E+00    0.485503279971846169E+00    0.348400683884216976E+10   -0.177856198093614097E+03
    0.301624761650805595E+00    0.508388406002984183E+00    0.346627695455574894E+10   -0.177586697834400354E+03
    0.301134256076714679E+00    0.513254850886358582E+00    0.348623343078582764E+10   -0.177579989274906154E+03
    0.301134256076714679E+00    0.513254850886358582E+00    0.348623343078582764E+10   -0.177579989274906154E+03
    0.299618968855140833E+00    0.508680746114096749E+00    0.347897742247117996E+10   -0.178063913043450839E+03
    0.300317854320517885E+00    0.499727477527629915E+00    0.346845746465013599E+10   -0.177192261572386201E+03
    0.300317854320517885E+00    0.499727477527629915E+00    0.346845746465013599E+10   -0.177192261572386201E+03
    0.301254021705865016E+00    0.499177418746983292E+00    0.347292047472686481E+10   -0.177722506042680010E+03
    0.295319196421737262E+00    0.517116573376920741E+00    0.350323913770562267E+10   -0.177851157983689916E+03
    0.296063920983059448E+00    0.518991247172333914E+00    0.349565789984077263E+10   -0.177681534016409756E+03
    0.295771515747292935E+00    0.517166900703841748E+00    0.349713700221048355E+10   -0.177916315237347590E+03
    0.298227245653101436E+00    0.517831200893187571E+00    0.348134252643691826E+10   -0.177866752420907346E+03
    0.299898288074246011E+00    0.529921739905322653E+00    0.348880839412816906E+10   -0.177748848150636348E+03
    0.294546668078740637E+00    0.525002073051936691E+00    0.350948816292586899E+10   -0.177983777589647900E+03
    0.293964597339919753E+00    0.531471242823030821E+00    0.351364340912704563E+10   -0.177990787224108090E+03
    0.293699314172596981E+00    0.495330339297117561E+00    0.350806023860688877E+10   -0.177870318088160616E+03
    0.293241285095388826E+00    0.497923936520461297E+00    0.351869822535148239E+10   -0.177381866335346899E+03
    0.293229639956660071E+00    0.478002947774561093E+00    0.352290532390403080E+10   -0.177717462194320660E+03
    0.292206353431711918E+00    0.481404695526235216E+00    0.351193282354450893E+10   -0.177975405703720980E+03
    0.293942559851392560E+00    0.491021238301739160E+00    0.352020572621611881E+10   -0.177869601746707559E+03
    0.289230866382177820E+00    0.525238911065638803E+00    0.353344127512209320E+10   -0.177947090742598505E+03
    0.288611963740266764E+00    0.519388422392655258E+00    0.354087504795080090E+10   -0.178042145499713570E+03
    0.287020078130046763E+00    0.499778870430970912E+00    0.355604140423199558E+10   -0.178123740826882567E+03
    0.287047770530607982E+00    0.497834350557901928E+00    0.354514535101457882E+10   -0.177489032930975071E+03
    0.285680974914307440E+00    0.464428492853070196E+00    0.355351861780160713E+10   -0.177680781382215116E+03
    0.285187256007775392E+00    0.466505095022242244E+00    0.354735505309901142E+10   -0.178044281622345522E+03
    0.286033321454250311E+00    0.494325884344046784E+00    0.355483347296889114E+10   -0.177965650029791618E+03
    0.303383795724311178E+00    0.464960777151102178E+00    0.347452745606882095E+10   -0.177784037553986138E+03
    0.300545632476334756E+00    0.463497961182053331E+00    0.345994199131560612E+10   -0.177581276160594427E+03
    0.303595935593401589E+00    0.458630926348895684E+00    0.347097468879653740E+10   -0.177556100697707052E+03
    0.301764861283300934E+00    0.461568772020761742E+00    0.345894734715639591E+10   -0.177980977948954717E+03
    0.301365365135375263E+00    0.459755253006864706E+00    0.345689836405984402E+10   -0.177722387518884403E+03
    0.302287168759666602E+00    0.450137684296144869E+00    0.345682299187520599E+10   -0.177228293891531877E+03
    0.302287168759666602E+00    0.450137684296144869E+00    0.345682299187520599E+10   -0.177228293891531877E+03
    0.302127113949568704E+00    0.455681160634032523E+00    0.345967012939479160E+10   -0.177737972882550991E+03
    0.298518487269726351E+00    0.455273033723415210E+00    0.347452785247508717E+10   -0.177916031446377275E+03
    0.299677553649494000E+00    0.454163718154052987E+00    0.347600002356437397E+10   -0.178056155096195965E+03
    0.296847763443286838E+00    0.455976164734124723E+00    0.347899510774702740E+10   -0.178110429379276127E+03
    0.295531956888377967E+00    0.459976620296920657E+00    0.350339037560812759E+10   -0.177818003473372869E+03
    0.302096193031698490E+00    0.466144104927820990E+00    0.345434984337805939E+10   -0.177825890436234602E+03
    0.302542635922558423E+00    0.488830626016929060E+00    0.346122975589092827E+10   -0.177457380313137378E+03
    0.302542635922558423E+00    0.488830626016929060E+00    0.346122975589092827E+10   -0.177457380313137378E+03
    0.301872664632730381E+00    0.488021393476996579E+00    0.346946237955755424E+10   -0.177948403957697877E+03
    0.298137566579786462E+00    0.475468431514975975E+00    0.348955569089530945E+10   -0.177721700327894041E+03
    0.306109233332576169E+00    0.477809000242071846E+00    0.342697304894150639E+10   -0.178080746191917456E+03
    0.311602022871494022E+00    0.508443783104631564E+00    0.341474820199693489E+10   -0.177567505429839173E+03
    0.312998950331257186E+00    0.508454013596530530E+00    0.340441505168447113E+10   -0.177518866007941142E+03
    0.309262901124002898E+00    0.495494821315967116E+00    0.341534550569097614E+10   -0.177916778647264891E+03
    0.300434380165414516E+00    0.410953971913937011E+00    0.345686019404337311E+10   -0.177810904883578814E+03
    0.302323882423297885E+00    0.412488126462669413E+00    0.346166053841553497E+10   -0.177222710442275542E+03
    0.302323882423297885E+00    0.412488126462669413E+00    0.346166053841553497E+10   -0.177222710442275542E+03
    0.303121072999805952E+00    0.431506144785915424E+00    0.345287840395949554E+10   -0.177810869505934477E+03
    0.302726716881267122E+00    0.434239992658140395E+00    0.345296684413829136E+10   -0.178085303676215716E+03
    0.303027684004195108E+00    0.446347651563641534E+00    0.344632877022703934E+10   -0.177842089550868963E+03
    0.304643485474366538E+00    0.460311701899694725E+00    0.344526735640484905E+10   -0.177731790451854579E+03
    0.298700765386713585E+00    0.399814327631879962E+00    0.347566164902150536E+10   -0.177534734085718895E+03
    0.298700765386713585E+00    0.399814327631879962E+00    0.347566164902150536E+10   -0.177534734085718895E+03
    0.299695755174466449E+00    0.405858804446999955E+00    0.347643734758821487E+10   -0.177306417405304899E+03
    0.299695755174466449E+00    0.405858804446999955E+00    0.347643734758821487E+10   -0.177306417405304899E+03
    0.297517870455600353E+00    0.402367300481657253E+00    0.347513305799918270E+10   -0.177672574508138894E+03
    0.296480187074048329E+00    0.402097639989673183E+00    0.347971976660938358E+10   -0.177720455064399403E+03
    0.292032582521200679E+00    0.404085587830053328E+00    0.350295683082246876E+10   -0.177743744704274150E+03
    0.282664271328607497E+00    0.442278819547683000E+00    0.357468406153032684E+10   -0.177760172125216741E+03
    0.282071788265345735E+00    0.417339243982288721E+00    0.357931334893676949E+10   -0.177728896726542018E+03
    0.282071788265345735E+00    0.417339243982288721E+00    0.357931334893676949E+10   -0.177728896726542018E+03
    0.281770184406065383E+00    0.436261521165508981E+00    0.357358246626168251E+10   -0.178069164511624479E+03
    0.281361293945204094E+00    0.441057134280312013E+00    0.358429029768191242E+10   -0.177982113713356910E+03
    0.284074000410734551E+00    0.432646291865054877E+00    0.358029941401607609E+10   -0.178086080491412758E+03
    0.282449325031800091E+00    0.421881295473236051E+00    0.357609235103822422E+10   -0.177798963574168965E+03
    0.287527960282557005E+00    0.426737825615251865E+00    0.354871636075328445E+10   -0.177943406744007007E+03
    0.286825549563893167E+00    0.424003755970431939E+00    0.355089307051205349E+10   -0.178068629153996255E+03
    0.287448690722493183E+00    0.429360738167526179E+00    0.354084813059347057E+10   -0.177388224478436825E+03
    0.287448690722493183E+00    0.429360738167526179E+00    0.354084813059347057E+10   -0.177388224478436825E+03
    0.286792624659133799E+00    0.421174893242215020E+00    0.354099976149026585E+10   -0.177823384510355822E+03
    0.289893306382933147E+00    0.426175866228131639E+00    0.352495346888390064E+10   -0.177551846634500123E+03
    0.290497056242606577E+00    0.424258580327339985E+00    0.352082488744939137E+10   -0.177929499170751171E+03
    0.287176663733102688E+00    0.425181407197566585E+00    0.354127078998397350E+10   -0.177924209628770143E+03
    0.289879435957353770E+00    0.426786240845595799E+00    0.353142666818517780E+10   -0.178029000311012908E+03
    0.287484563256368952E+00    0.426867358542779129E+00    0.353311095902085209E+10   -0.177623058510874785E+03
    0.290160253228639031E+00    0.425384223049737997E+00    0.351343637255139351E+10   -0.177848082586396913E+03
    0.291236860746367954E+00    0.420983280308156793E+00    0.352782898407317638E+10   -0.177569947957492928E+03
    0.291236860746367954E+00    0.420983280308156793E+00    0.352782898407317638E+10   -0.177569947957492928E+03
    0.285042106114857197E+00    0.430898659555182917E+00    0.356395425235249615E+10   -0.178124458818574567E+03
    0.274639009294091185E+00    0.400631469574639354E+00    0.362347363131051540E+10   -0.178058680655376293E+03
    0.277351364987608873E+00    0.394155107573757491E+00    0.360265265629181576E+10   -0.177969077408238206E+03
    0.277450177388373742E+00    0.403559420757595433E+00    0.359356570597010612E+10   -0.177876608928701501E+03
    0.278765021518134870E+00    0.417592876127724111E+00    0.359743173289730453E+10   -0.177878757819098780E+03
    0.277959354564199956E+00    0.415388900234194836E+00    0.359564015319990444E+10   -0.178102537193385274E+03
    0.276645037121497184E+00    0.416665657424815095E+00    0.360999428462822247E+10   -0.177897435338273738E+03
    0.288324387212995858E+00    0.466300447618333891E+00    0.353455814138546371E+10   -0.177677378262429670E+03
    0.280719185015874728E+00    0.448111044949246917E+00    0.357517225813334751E+10   -0.178080752655367633E+03
    0.281416338693510404E+00    0.470988772827844571E+00    0.357995966919993591E+10   -0.177906915002411409E+03
    0.280627668378302941E+00    0.468779510348561246E+00    0.358828478474604321E+10   -0.178049842350422693E+03
    0.281946091235632301E+00    0.490558932391101266E+00    0.357652206541301441E+10   -0.178099620835027224E+03
    0.283728603767591070E+00    0.491838280519750981E+00    0.356722446014291096E+10   -0.178070731908687151E+03
